#wls	flux	fluxerr
1.592848E+03	2.233035E-05	2.271159E-05
1.632669E+03	2.342127E-05	2.361385E-05
1.672491E+03	2.446420E-05	2.444620E-05
1.712312E+03	2.544939E-05	2.519991E-05
1.752133E+03	2.636266E-05	2.586230E-05
1.791954E+03	2.716161E-05	2.639384E-05
1.831775E+03	2.780227E-05	2.675513E-05
1.871597E+03	2.822739E-05	2.689586E-05
1.911418E+03	2.837360E-05	2.676224E-05
1.951239E+03	2.821061E-05	2.633398E-05
1.991060E+03	2.774777E-05	2.562881E-05
2.030881E+03	2.710753E-05	2.476760E-05
2.070703E+03	2.654252E-05	2.398413E-05
2.110524E+03	2.640907E-05	2.359467E-05
2.150345E+03	2.702949E-05	2.387073E-05
2.190166E+03	2.859276E-05	2.495372E-05
2.229987E+03	3.106264E-05	2.678245E-05
2.269809E+03	3.425911E-05	2.917413E-05
2.309630E+03	3.793923E-05	3.190023E-05
2.349451E+03	4.191182E-05	3.478522E-05
2.389272E+03	4.601781E-05	3.768794E-05
2.429093E+03	5.018426E-05	4.054366E-05
2.468915E+03	5.436985E-05	4.331604E-05
2.508736E+03	5.856030E-05	4.599181E-05
2.548557E+03	6.278295E-05	4.859053E-05
2.588378E+03	6.702883E-05	5.110286E-05
2.628199E+03	7.133659E-05	5.355557E-05
2.668021E+03	7.570709E-05	5.594571E-05
2.707842E+03	8.017959E-05	5.829819E-05
2.747663E+03	8.476113E-05	6.061291E-05
2.787484E+03	8.946618E-05	6.289467E-05
2.827305E+03	9.431797E-05	6.515350E-05
2.867127E+03	9.931410E-05	6.738089E-05
2.906948E+03	1.044964E-04	6.959775E-05
2.946769E+03	1.098564E-04	7.179013E-05
2.986590E+03	1.154065E-04	7.395749E-05
2.996546E+03	1.168207E-04	7.449245E-05
3.006501E+03	1.182524E-04	7.502881E-05
3.016456E+03	1.197016E-04	7.556627E-05
3.026411E+03	1.211575E-04	7.609790E-05
3.036367E+03	1.226406E-04	7.663638E-05
3.046322E+03	1.241591E-04	7.718657E-05
3.056277E+03	1.257105E-04	7.774655E-05
3.066233E+03	1.272794E-04	7.830648E-05
3.076188E+03	1.288891E-04	7.888039E-05
3.086143E+03	1.305116E-04	7.945090E-05
3.096099E+03	1.321577E-04	8.002433E-05
3.106054E+03	1.338253E-04	8.059922E-05
3.116009E+03	1.355256E-04	8.118192E-05
3.125964E+03	1.372306E-04	8.175554E-05
3.135920E+03	1.389649E-04	8.233445E-05
3.145875E+03	1.407003E-04	8.290184E-05
3.155830E+03	1.424619E-04	8.347226E-05
3.165786E+03	1.442479E-04	8.404448E-05
3.175741E+03	1.460306E-04	8.460213E-05
3.185696E+03	1.478352E-04	8.515971E-05
3.195652E+03	1.496603E-04	8.571617E-05
3.205607E+03	1.514913E-04	8.626306E-05
3.215562E+03	1.533273E-04	8.679964E-05
3.225517E+03	1.551803E-04	8.733267E-05
3.235473E+03	1.570491E-04	8.786131E-05
3.245428E+03	1.589197E-04	8.837749E-05
3.255383E+03	1.608175E-04	8.889529E-05
3.265339E+03	1.627151E-04	8.939931E-05
3.275294E+03	1.646249E-04	8.989627E-05
3.285249E+03	1.665460E-04	9.038557E-05
3.295205E+03	1.684777E-04	9.086671E-05
3.305160E+03	1.704194E-04	9.133917E-05
3.315115E+03	1.723701E-04	9.180236E-05
3.325070E+03	1.743427E-04	9.226294E-05
3.335026E+03	1.763100E-04	9.270639E-05
3.344981E+03	1.782980E-04	9.314627E-05
3.354936E+03	1.803064E-04	9.358218E-05
3.364892E+03	1.823214E-04	9.400683E-05
3.374847E+03	1.843558E-04	9.442669E-05
3.384802E+03	1.863964E-04	9.483472E-05
3.394758E+03	1.884560E-04	9.523741E-05
3.404713E+03	1.905347E-04	9.563448E-05
3.414668E+03	1.926323E-04	9.602573E-05
3.424623E+03	1.947491E-04	9.641100E-05
3.434579E+03	1.968855E-04	9.679023E-05
3.444534E+03	1.990415E-04	9.716332E-05
3.454489E+03	2.012180E-04	9.753037E-05
3.464445E+03	2.034285E-04	9.789768E-05
3.474400E+03	2.056609E-04	9.825909E-05
3.484355E+03	2.079162E-04	9.861483E-05
3.494311E+03	2.102215E-04	9.897737E-05
3.504266E+03	2.125397E-04	9.932883E-05
3.514221E+03	2.149109E-04	9.968765E-05
3.524176E+03	2.173240E-04	1.000481E-04
3.534132E+03	2.197684E-04	1.004050E-04
3.544087E+03	2.222720E-04	1.007706E-04
3.554042E+03	2.248245E-04	1.011395E-04
3.563998E+03	2.274287E-04	1.015126E-04
3.573953E+03	2.300876E-04	1.018904E-04
3.583908E+03	2.328172E-04	1.022796E-04
3.593864E+03	2.356207E-04	1.026807E-04
3.603819E+03	2.384895E-04	1.030892E-04
3.613774E+03	2.414396E-04	1.035112E-04
3.623729E+03	2.444753E-04	1.039477E-04
3.633685E+03	2.476006E-04	1.043993E-04
3.643640E+03	2.508198E-04	1.048671E-04
3.653595E+03	2.541372E-04	1.053517E-04
3.663551E+03	2.575697E-04	1.058589E-04
3.673506E+03	2.611091E-04	1.063842E-04
3.683461E+03	2.647721E-04	1.069332E-04
3.693417E+03	2.685507E-04	1.075013E-04
3.703372E+03	2.724611E-04	1.080937E-04
3.713327E+03	2.765191E-04	1.087151E-04
3.723282E+03	2.807040E-04	1.093559E-04
3.733238E+03	2.850309E-04	1.100205E-04
3.743193E+03	2.895022E-04	1.107084E-04
3.753148E+03	2.941324E-04	1.114233E-04
3.763104E+03	2.989105E-04	1.121594E-04
3.773059E+03	3.038492E-04	1.129199E-04
3.783014E+03	3.089359E-04	1.136984E-04
3.792970E+03	3.141819E-04	1.144972E-04
3.802925E+03	3.195846E-04	1.153139E-04
3.812880E+03	3.251408E-04	1.161454E-04
3.822835E+03	3.308455E-04	1.169884E-04
3.832791E+03	3.366926E-04	1.178391E-04
3.842746E+03	3.426869E-04	1.186975E-04
3.852701E+03	3.487948E-04	1.195506E-04
3.862657E+03	3.550296E-04	1.204017E-04
3.872612E+03	3.613792E-04	1.212452E-04
3.882567E+03	3.678165E-04	1.220709E-04
3.892523E+03	3.743377E-04	1.228766E-04
3.902478E+03	3.809125E-04	1.236516E-04
3.912433E+03	3.875461E-04	1.243969E-04
3.922388E+03	3.941926E-04	1.250974E-04
3.932344E+03	4.008421E-04	1.257498E-04
3.942299E+03	4.074591E-04	1.263429E-04
3.952254E+03	4.140449E-04	1.268778E-04
3.962210E+03	4.205634E-04	1.273437E-04
3.972165E+03	4.269794E-04	1.277309E-04
3.982120E+03	4.332954E-04	1.280412E-04
3.992076E+03	4.394783E-04	1.282662E-04
4.002031E+03	4.454970E-04	1.283984E-04
4.011986E+03	4.513601E-04	1.284420E-04
4.021941E+03	4.570294E-04	1.283881E-04
4.031897E+03	4.625068E-04	1.282393E-04
4.041852E+03	4.677855E-04	1.279960E-04
4.051807E+03	4.728622E-04	1.276595E-04
4.061763E+03	4.777249E-04	1.272289E-04
4.071718E+03	4.823781E-04	1.267078E-04
4.081673E+03	4.868415E-04	1.261036E-04
4.091629E+03	4.911144E-04	1.254183E-04
4.101584E+03	4.952229E-04	1.246608E-04
4.111539E+03	4.991501E-04	1.238285E-04
4.121494E+03	5.029509E-04	1.229371E-04
4.131450E+03	5.066249E-04	1.219880E-04
4.141405E+03	5.101971E-04	1.209885E-04
4.151360E+03	5.136934E-04	1.199459E-04
4.161316E+03	5.171305E-04	1.188650E-04
4.171271E+03	5.205364E-04	1.177529E-04
4.181226E+03	5.239512E-04	1.166189E-04
4.191182E+03	5.273822E-04	1.154647E-04
4.201137E+03	5.308481E-04	1.142943E-04
4.211092E+03	5.343996E-04	1.131181E-04
4.221047E+03	5.380340E-04	1.119348E-04
4.231003E+03	5.417914E-04	1.107518E-04
4.240958E+03	5.456906E-04	1.095718E-04
4.250913E+03	5.497602E-04	1.083989E-04
4.260869E+03	5.540194E-04	1.072352E-04
4.270824E+03	5.584870E-04	1.060824E-04
4.280779E+03	5.631824E-04	1.049420E-04
4.290735E+03	5.681452E-04	1.038191E-04
4.300690E+03	5.733952E-04	1.027144E-04
4.310645E+03	5.789422E-04	1.016268E-04
4.320601E+03	5.848168E-04	1.005586E-04
4.330556E+03	5.910390E-04	9.950999E-05
4.340511E+03	5.976391E-04	9.848233E-05
4.350466E+03	6.046366E-04	9.747510E-05
4.360422E+03	6.120607E-04	9.648889E-05
4.370377E+03	6.199187E-04	9.552062E-05
4.380332E+03	6.282265E-04	9.456841E-05
4.390288E+03	6.370269E-04	9.363414E-05
4.400243E+03	6.463000E-04	9.271008E-05
4.410198E+03	6.560806E-04	9.179657E-05
4.420154E+03	6.663589E-04	9.088735E-05
4.430109E+03	6.771383E-04	8.997810E-05
4.440064E+03	6.884147E-04	8.906359E-05
4.450019E+03	7.001652E-04	8.813626E-05
4.459975E+03	7.123668E-04	8.718896E-05
4.469930E+03	7.249760E-04	8.621249E-05
4.479885E+03	7.379478E-04	8.519811E-05
4.489841E+03	7.512147E-04	8.413526E-05
4.499796E+03	7.647293E-04	8.301656E-05
4.509751E+03	7.783900E-04	8.182966E-05
4.519707E+03	7.921064E-04	8.056476E-05
4.529662E+03	8.057890E-04	7.921348E-05
4.539617E+03	8.193089E-04	7.776496E-05
4.549572E+03	8.325756E-04	7.621366E-05
4.559528E+03	8.454642E-04	7.455227E-05
4.569483E+03	8.578498E-04	7.277521E-05
4.579438E+03	8.696469E-04	7.088179E-05
4.589394E+03	8.807435E-04	6.887045E-05
4.599349E+03	8.910499E-04	6.674280E-05
4.609304E+03	9.004791E-04	6.450185E-05
4.619260E+03	9.089962E-04	6.215531E-05
4.629215E+03	9.165485E-04	5.971024E-05
4.639170E+03	9.231037E-04	5.717569E-05
4.649125E+03	9.286838E-04	5.456433E-05
4.659081E+03	9.332951E-04	5.188781E-05
4.669036E+03	9.369745E-04	4.915937E-05
4.678991E+03	9.397762E-04	4.639284E-05
4.688947E+03	9.417698E-04	4.360235E-05
4.698902E+03	9.430501E-04	4.080261E-05
4.708857E+03	9.437007E-04	3.800726E-05
4.718813E+03	9.438256E-04	3.523046E-05
4.728768E+03	9.435358E-04	3.248643E-05
4.738723E+03	9.429694E-04	2.979054E-05
4.748678E+03	9.422205E-04	2.715756E-05
4.758634E+03	9.414151E-04	2.460537E-05
4.768589E+03	9.406746E-04	2.215529E-05
4.778544E+03	9.400802E-04	1.983381E-05
4.788500E+03	9.397614E-04	1.767830E-05
4.798455E+03	9.397954E-04	1.573943E-05
4.808410E+03	9.402616E-04	1.408758E-05
4.818366E+03	9.412425E-04	1.281408E-05
4.828321E+03	9.427997E-04	1.202012E-05
4.838276E+03	9.449957E-04	1.178565E-05
4.848231E+03	9.478591E-04	1.211420E-05
4.858187E+03	9.514393E-04	1.292170E-05
4.868142E+03	9.557506E-04	1.409118E-05
4.878097E+03	9.607819E-04	1.551244E-05
4.888053E+03	9.665523E-04	1.710001E-05
4.898008E+03	9.730100E-04	1.879201E-05
4.907963E+03	9.801333E-04	2.054611E-05
4.917919E+03	9.878513E-04	2.233226E-05
4.927874E+03	9.961017E-04	2.412914E-05
4.937829E+03	1.004809E-03	2.592071E-05
4.947784E+03	1.013875E-03	2.769376E-05
4.957740E+03	1.023192E-03	2.943692E-05
4.967695E+03	1.032657E-03	3.114022E-05
4.977650E+03	1.042142E-03	3.279365E-05
4.987606E+03	1.051543E-03	3.438832E-05
4.997561E+03	1.060764E-03	3.591582E-05
5.007516E+03	1.069691E-03	3.736750E-05
5.017472E+03	1.078249E-03	3.873605E-05
5.027427E+03	1.086368E-03	4.001464E-05
5.037382E+03	1.094003E-03	4.119770E-05
5.047337E+03	1.101105E-03	4.227981E-05
5.057293E+03	1.107653E-03	4.325698E-05
5.067248E+03	1.113654E-03	4.412673E-05
5.077203E+03	1.119114E-03	4.488709E-05
5.087159E+03	1.124048E-03	4.553688E-05
5.097114E+03	1.128494E-03	4.607624E-05
5.107069E+03	1.132453E-03	4.650437E-05
5.117025E+03	1.135980E-03	4.682298E-05
5.126980E+03	1.139091E-03	4.703264E-05
5.136935E+03	1.141827E-03	4.713521E-05
5.146890E+03	1.144198E-03	4.713174E-05
5.156846E+03	1.146222E-03	4.702392E-05
5.166801E+03	1.147927E-03	4.681408E-05
5.176756E+03	1.149310E-03	4.650367E-05
5.186712E+03	1.150386E-03	4.609527E-05
5.196667E+03	1.151144E-03	4.559064E-05
5.206622E+03	1.151581E-03	4.499230E-05
5.216578E+03	1.151688E-03	4.430306E-05
5.226533E+03	1.151470E-03	4.352659E-05
5.236488E+03	1.150891E-03	4.266555E-05
5.246443E+03	1.149949E-03	4.172458E-05
5.256399E+03	1.148619E-03	4.070799E-05
5.266354E+03	1.146899E-03	3.962171E-05
5.276309E+03	1.144747E-03	3.847116E-05
5.286265E+03	1.142171E-03	3.726446E-05
5.296220E+03	1.139118E-03	3.600873E-05
5.306175E+03	1.135594E-03	3.471444E-05
5.316131E+03	1.131572E-03	3.339234E-05
5.326086E+03	1.127024E-03	3.205497E-05
5.336041E+03	1.121935E-03	3.071722E-05
5.345996E+03	1.116294E-03	2.939621E-05
5.355952E+03	1.110080E-03	2.811118E-05
5.365907E+03	1.103284E-03	2.688428E-05
5.375862E+03	1.095881E-03	2.573963E-05
5.385818E+03	1.087892E-03	2.470458E-05
5.395773E+03	1.079307E-03	2.380694E-05
5.405728E+03	1.070108E-03	2.307409E-05
5.415684E+03	1.060316E-03	2.253185E-05
5.425639E+03	1.049931E-03	2.220064E-05
5.435594E+03	1.038982E-03	2.209185E-05
5.445549E+03	1.027467E-03	2.219212E-05
5.455505E+03	1.015429E-03	2.247485E-05
5.465460E+03	1.002904E-03	2.290918E-05
5.475415E+03	9.899347E-04	2.346311E-05
5.485371E+03	9.765673E-04	2.410577E-05
5.495326E+03	9.628657E-04	2.480935E-05
5.505281E+03	9.488794E-04	2.554910E-05
5.515237E+03	9.346865E-04	2.630480E-05
5.525192E+03	9.203630E-04	2.705992E-05
5.535147E+03	9.060033E-04	2.780193E-05
5.545102E+03	8.917090E-04	2.852171E-05
5.555058E+03	8.775698E-04	2.921262E-05
5.565013E+03	8.637104E-04	2.987159E-05
5.574968E+03	8.502418E-04	3.049735E-05
5.584924E+03	8.372778E-04	3.109057E-05
5.594879E+03	8.249526E-04	3.165436E-05
5.604834E+03	8.133736E-04	3.219221E-05
5.614790E+03	8.026550E-04	3.270905E-05
5.624745E+03	7.929255E-04	3.321140E-05
5.634700E+03	7.842914E-04	3.370568E-05
5.644655E+03	7.768520E-04	3.419861E-05
5.654611E+03	7.707070E-04	3.469742E-05
5.664566E+03	7.659303E-04	3.520843E-05
5.674521E+03	7.626013E-04	3.573836E-05
5.684477E+03	7.607782E-04	3.629297E-05
5.694432E+03	7.605141E-04	3.687763E-05
5.704387E+03	7.618367E-04	3.749626E-05
5.714343E+03	7.647569E-04	3.815158E-05
5.724298E+03	7.692647E-04	3.884484E-05
5.734253E+03	7.753198E-04	3.957522E-05
5.744209E+03	7.828903E-04	4.034173E-05
5.754164E+03	7.918664E-04	4.113878E-05
5.764119E+03	8.021504E-04	4.196073E-05
5.774074E+03	8.135954E-04	4.279875E-05
5.784030E+03	8.260120E-04	4.364119E-05
5.793985E+03	8.391852E-04	4.447449E-05
5.803940E+03	8.528856E-04	4.528392E-05
5.813896E+03	8.668079E-04	4.605046E-05
5.823851E+03	8.806682E-04	4.675610E-05
5.833806E+03	8.941477E-04	4.738106E-05
5.843762E+03	9.069004E-04	4.790446E-05
5.853717E+03	9.186231E-04	4.830819E-05
5.863672E+03	9.290096E-04	4.857474E-05
5.873627E+03	9.377618E-04	4.868793E-05
5.883583E+03	9.446524E-04	4.863639E-05
5.893538E+03	9.494945E-04	4.841199E-05
5.903493E+03	9.521506E-04	4.801032E-05
5.913449E+03	9.525694E-04	4.743252E-05
5.923404E+03	9.507463E-04	4.668307E-05
5.933359E+03	9.467557E-04	4.577125E-05
5.943315E+03	9.407353E-04	4.471002E-05
5.953270E+03	9.328815E-04	4.351550E-05
5.963225E+03	9.234291E-04	4.220561E-05
5.973180E+03	9.126615E-04	4.080026E-05
5.983136E+03	9.008784E-04	3.931947E-05
5.993091E+03	8.884243E-04	3.778435E-05
6.003046E+03	8.756068E-04	3.621326E-05
6.013002E+03	8.627464E-04	3.462380E-05
6.022957E+03	8.501391E-04	3.303118E-05
6.032912E+03	8.380867E-04	3.144926E-05
6.042868E+03	8.268192E-04	2.988766E-05
6.052823E+03	8.165834E-04	2.835511E-05
6.062778E+03	8.075698E-04	2.685691E-05
6.072733E+03	7.999403E-04	2.539613E-05
6.082689E+03	7.938397E-04	2.397413E-05
6.092644E+03	7.893962E-04	2.259077E-05
6.102599E+03	7.866910E-04	2.124372E-05
6.112555E+03	7.858120E-04	1.993033E-05
6.122510E+03	7.868229E-04	1.864701E-05
6.132465E+03	7.897725E-04	1.738985E-05
6.142421E+03	7.946884E-04	1.615497E-05
6.152376E+03	8.015940E-04	1.493954E-05
6.162331E+03	8.105002E-04	1.374250E-05
6.172286E+03	8.214022E-04	1.256581E-05
6.182242E+03	8.342880E-04	1.141666E-05
6.192197E+03	8.490957E-04	1.031013E-05
6.202152E+03	8.657710E-04	9.274961E-06
6.212108E+03	8.841831E-04	8.359441E-06
6.222063E+03	9.041959E-04	7.639147E-06
6.232018E+03	9.255945E-04	7.214800E-06
6.241974E+03	9.481382E-04	7.187165E-06
6.251929E+03	9.715130E-04	7.582689E-06
6.261884E+03	9.954188E-04	8.327784E-06
6.271839E+03	1.019507E-03	9.318154E-06
6.281795E+03	1.043448E-03	1.045829E-05
6.291750E+03	1.066909E-03	1.167327E-05
6.301705E+03	1.089563E-03	1.290670E-05
6.311661E+03	1.111138E-03	1.411589E-05
6.321616E+03	1.131391E-03	1.526748E-05
6.331571E+03	1.150111E-03	1.633461E-05
6.341527E+03	1.167174E-03	1.729628E-05
6.351482E+03	1.182471E-03	1.813538E-05
6.361437E+03	1.195953E-03	1.883894E-05
6.371392E+03	1.207618E-03	1.939772E-05
6.381348E+03	1.217504E-03	1.980598E-05
6.391303E+03	1.225696E-03	2.006155E-05
6.401258E+03	1.232276E-03	2.016502E-05
6.411214E+03	1.237361E-03	2.012036E-05
6.421169E+03	1.241095E-03	1.993492E-05
6.431124E+03	1.243614E-03	1.961914E-05
6.441080E+03	1.245056E-03	1.918708E-05
6.451035E+03	1.245546E-03	1.865684E-05
6.460990E+03	1.245247E-03	1.805227E-05
6.470945E+03	1.244271E-03	1.740287E-05
6.480901E+03	1.242741E-03	1.674615E-05
6.490856E+03	1.240776E-03	1.612902E-05
6.500811E+03	1.238449E-03	1.560792E-05
6.510767E+03	1.235834E-03	1.524840E-05
6.520722E+03	1.232977E-03	1.512009E-05
6.530677E+03	1.229870E-03	1.528743E-05
6.540633E+03	1.226520E-03	1.579456E-05
6.550588E+03	1.222904E-03	1.663123E-05
6.560543E+03	1.218985E-03	1.775578E-05
6.570498E+03	1.214719E-03	1.911859E-05
6.580454E+03	1.210080E-03	2.067077E-05
6.590409E+03	1.204977E-03	2.236728E-05
6.600364E+03	1.199375E-03	2.417030E-05
6.610320E+03	1.193212E-03	2.604759E-05
6.620275E+03	1.186416E-03	2.797170E-05
6.630230E+03	1.178970E-03	2.992054E-05
6.640186E+03	1.170828E-03	3.187454E-05
6.650141E+03	1.161981E-03	3.381754E-05
6.660096E+03	1.152468E-03	3.573695E-05
6.670051E+03	1.142312E-03	3.762155E-05
6.680007E+03	1.131587E-03	3.946345E-05
6.689962E+03	1.120364E-03	4.125619E-05
6.699917E+03	1.108761E-03	4.299669E-05
6.709873E+03	1.096905E-03	4.468372E-05
6.719828E+03	1.084948E-03	4.631882E-05
6.729783E+03	1.073012E-03	4.790390E-05
6.739739E+03	1.061299E-03	4.944589E-05
6.749694E+03	1.049958E-03	5.095113E-05
6.759649E+03	1.039141E-03	5.242758E-05
6.769604E+03	1.029026E-03	5.388592E-05
6.779560E+03	1.019788E-03	5.533824E-05
6.789515E+03	1.011571E-03	5.679628E-05
6.799470E+03	1.004537E-03	5.827406E-05
6.809426E+03	9.988142E-04	5.978473E-05
6.819381E+03	9.945453E-04	6.134332E-05
6.829336E+03	9.918495E-04	6.296430E-05
6.839292E+03	9.908311E-04	6.466191E-05
6.849247E+03	9.915668E-04	6.644914E-05
6.859202E+03	9.941544E-04	6.834074E-05
6.869157E+03	9.986206E-04	7.034691E-05
6.879113E+03	1.005023E-03	7.248001E-05
6.889068E+03	1.013356E-03	7.474772E-05
6.899023E+03	1.023602E-03	7.715662E-05
6.908979E+03	1.035716E-03	7.971066E-05
6.918934E+03	1.049628E-03	8.241112E-05
6.928889E+03	1.065240E-03	8.525631E-05
6.938845E+03	1.082445E-03	8.824279E-05
6.948800E+03	1.101082E-03	9.136180E-05
6.958755E+03	1.120971E-03	9.460164E-05
6.968710E+03	1.141965E-03	9.795201E-05
6.978666E+03	1.163864E-03	1.013969E-04
6.988621E+03	1.186479E-03	1.049204E-04
6.998576E+03	1.209635E-03	1.085058E-04
7.008532E+03	1.233167E-03	1.121371E-04
7.018487E+03	1.256937E-03	1.157993E-04
7.028442E+03	1.280818E-03	1.194780E-04
7.038398E+03	1.304753E-03	1.231644E-04
7.048353E+03	1.328705E-03	1.268516E-04
7.058308E+03	1.352659E-03	1.305345E-04
7.068263E+03	1.376669E-03	1.342146E-04
7.078219E+03	1.400764E-03	1.378914E-04
7.088174E+03	1.425075E-03	1.415740E-04
7.098129E+03	1.449684E-03	1.452676E-04
7.108085E+03	1.474682E-03	1.489782E-04
7.118040E+03	1.500185E-03	1.527147E-04
7.127995E+03	1.526272E-03	1.564822E-04
7.137951E+03	1.552943E-03	1.602777E-04
7.147906E+03	1.580234E-03	1.641020E-04
7.157861E+03	1.608037E-03	1.679406E-04
7.167817E+03	1.636262E-03	1.717805E-04
7.177772E+03	1.664626E-03	1.755881E-04
7.187727E+03	1.692877E-03	1.793321E-04
7.197682E+03	1.720581E-03	1.829617E-04
7.207638E+03	1.747289E-03	1.864238E-04
7.217593E+03	1.772425E-03	1.896516E-04
7.227548E+03	1.795400E-03	1.925759E-04
7.237504E+03	1.815499E-03	1.951144E-04
7.247459E+03	1.832035E-03	1.971883E-04
7.257414E+03	1.844358E-03	1.987224E-04
7.267370E+03	1.851781E-03	1.996392E-04
7.277325E+03	1.853750E-03	1.998764E-04
7.287280E+03	1.849848E-03	1.993884E-04
7.297235E+03	1.839759E-03	1.981417E-04
7.307191E+03	1.823337E-03	1.961235E-04
7.317146E+03	1.800648E-03	1.933458E-04
7.327101E+03	1.771952E-03	1.898429E-04
7.337057E+03	1.737686E-03	1.856700E-04
7.347012E+03	1.698425E-03	1.808981E-04
7.356967E+03	1.654916E-03	1.756174E-04
7.366923E+03	1.607926E-03	1.699204E-04
7.376878E+03	1.558340E-03	1.639119E-04
7.386833E+03	1.507025E-03	1.576939E-04
7.396788E+03	1.454817E-03	1.513641E-04
7.406744E+03	1.402475E-03	1.450106E-04
7.416699E+03	1.350716E-03	1.387150E-04
7.426654E+03	1.300139E-03	1.325454E-04
7.436610E+03	1.251225E-03	1.265554E-04
7.446565E+03	1.204384E-03	1.207899E-04
7.456520E+03	1.159914E-03	1.152799E-04
7.466476E+03	1.118018E-03	1.100456E-04
7.476431E+03	1.078839E-03	1.050997E-04
7.486386E+03	1.042420E-03	1.004439E-04
7.496341E+03	1.008766E-03	9.607537E-05
7.506297E+03	9.778717E-04	9.198932E-05
7.516252E+03	9.496534E-04	8.817306E-05
7.526207E+03	9.240244E-04	8.461308E-05
7.536163E+03	9.008975E-04	8.129549E-05
7.546118E+03	8.801549E-04	7.820335E-05
7.556073E+03	8.617038E-04	7.532181E-05
7.566029E+03	8.454542E-04	7.263608E-05
7.575984E+03	8.312981E-04	7.012965E-05
7.585939E+03	8.191575E-04	6.778850E-05
7.595894E+03	8.089473E-04	6.559788E-05
7.605850E+03	8.005748E-04	6.354238E-05
7.615805E+03	7.939811E-04	6.160921E-05
7.625760E+03	7.890589E-04	5.978178E-05
7.635716E+03	7.857407E-04	5.804667E-05
7.645671E+03	7.839288E-04	5.638826E-05
7.655626E+03	7.835064E-04	5.478988E-05
7.665582E+03	7.843596E-04	5.323549E-05
7.675537E+03	7.863898E-04	5.171061E-05
7.685492E+03	7.894365E-04	5.019731E-05
7.695447E+03	7.934037E-04	4.868264E-05
7.705403E+03	7.981377E-04	4.715086E-05
7.715358E+03	8.035224E-04	4.558956E-05
7.725313E+03	8.094359E-04	4.398695E-05
7.735269E+03	8.157545E-04	4.233225E-05
7.745224E+03	8.223904E-04	4.061763E-05
7.755179E+03	8.292493E-04	3.883596E-05
7.765135E+03	8.362774E-04	3.698299E-05
7.775090E+03	8.434165E-04	3.505520E-05
7.785045E+03	8.506390E-04	3.305127E-05
7.795000E+03	8.579346E-04	3.097151E-05
7.804956E+03	8.653071E-04	2.881780E-05
7.814911E+03	8.727695E-04	2.659378E-05
7.824866E+03	8.803258E-04	2.430507E-05
7.834822E+03	8.880026E-04	2.196162E-05
7.844777E+03	8.957892E-04	1.957877E-05
7.854732E+03	9.036547E-04	1.718307E-05
7.864688E+03	9.115777E-04	1.482286E-05
7.874643E+03	9.194447E-04	1.258630E-05
7.884598E+03	9.271194E-04	1.064024E-05
7.894553E+03	9.344092E-04	9.278681E-06
7.904509E+03	9.410709E-04	8.893325E-06
7.914464E+03	9.467405E-04	9.695594E-06
7.924419E+03	9.510576E-04	1.148010E-05
7.934375E+03	9.535786E-04	1.388508E-05
7.944330E+03	9.537910E-04	1.663137E-05
7.954285E+03	9.512083E-04	1.954048E-05
7.964241E+03	9.453494E-04	2.249225E-05
7.974196E+03	9.358003E-04	2.539582E-05
7.984151E+03	9.222588E-04	2.817586E-05
7.994106E+03	9.046420E-04	3.076988E-05
8.004062E+03	8.830874E-04	3.312783E-05
8.014017E+03	8.580205E-04	3.521664E-05
8.023972E+03	8.300597E-04	3.701980E-05
8.033928E+03	7.999801E-04	3.853849E-05
8.043883E+03	7.685808E-04	3.978717E-05
8.053838E+03	7.366256E-04	4.079055E-05
8.063794E+03	7.047949E-04	4.157999E-05
8.073749E+03	6.736618E-04	4.219048E-05
8.083704E+03	6.436846E-04	4.265809E-05
8.093659E+03	6.152172E-04	4.301863E-05
8.103615E+03	5.885030E-04	4.330523E-05
8.113570E+03	5.636960E-04	4.354792E-05
8.123525E+03	5.408790E-04	4.377346E-05
8.133481E+03	5.200855E-04	4.400584E-05
8.143436E+03	5.012837E-04	4.426391E-05
8.153391E+03	4.844505E-04	4.456703E-05
8.163347E+03	4.695055E-04	4.492885E-05
8.173302E+03	4.563809E-04	4.536314E-05
8.183257E+03	4.449973E-04	4.588160E-05
8.193212E+03	4.352767E-04	4.649498E-05
8.203168E+03	4.271468E-04	4.721354E-05
8.213123E+03	4.205427E-04	4.804738E-05
8.223078E+03	4.154155E-04	4.900756E-05
8.233034E+03	4.117140E-04	5.010419E-05
8.242989E+03	4.094054E-04	5.134894E-05
8.252944E+03	4.084683E-04	5.275449E-05
8.262900E+03	4.088930E-04	5.433481E-05
8.272855E+03	4.106887E-04	5.610628E-05
8.282810E+03	4.138555E-04	5.808420E-05
8.292765E+03	4.184311E-04	6.028928E-05
8.302721E+03	4.244430E-04	6.274131E-05
8.312676E+03	4.319346E-04	6.546290E-05
8.322631E+03	4.409571E-04	6.847850E-05
8.332587E+03	4.515676E-04	7.181432E-05
8.342542E+03	4.638199E-04	7.549684E-05
8.352497E+03	4.777839E-04	7.955605E-05
8.362453E+03	4.935143E-04	8.402039E-05
8.372408E+03	5.110770E-04	8.892104E-05
8.382363E+03	5.305152E-04	9.428612E-05
8.392318E+03	5.518691E-04	1.001439E-04
8.402274E+03	5.751648E-04	1.065205E-04
8.412229E+03	6.004108E-04	1.134392E-04
8.422184E+03	6.275841E-04	1.209174E-04
8.432140E+03	6.566568E-04	1.289708E-04
8.442095E+03	6.875533E-04	1.376055E-04
8.452050E+03	7.201896E-04	1.468246E-04
8.462006E+03	7.544273E-04	1.566187E-04
8.471961E+03	7.900910E-04	1.669682E-04
8.481916E+03	8.269968E-04	1.778493E-04
8.491871E+03	8.649122E-04	1.892248E-04
8.501827E+03	9.035545E-04	2.010427E-04
8.511782E+03	9.426364E-04	2.132458E-04
8.521737E+03	9.817895E-04	2.257540E-04
8.531693E+03	1.020680E-03	2.384898E-04
8.541648E+03	1.058882E-03	2.513485E-04
8.551603E+03	1.095999E-03	2.642268E-04
8.561559E+03	1.131585E-03	2.770028E-04
8.571514E+03	1.165226E-03	2.895564E-04
8.581469E+03	1.196473E-03	3.017521E-04
8.591425E+03	1.224907E-03	3.134561E-04
8.601380E+03	1.250137E-03	3.245347E-04
8.611335E+03	1.271802E-03	3.348577E-04
8.621290E+03	1.289568E-03	3.442957E-04
8.631246E+03	1.303199E-03	3.527412E-04
8.641201E+03	1.312499E-03	3.600948E-04
8.651156E+03	1.317319E-03	3.662666E-04
8.661112E+03	1.317628E-03	3.711987E-04
8.671067E+03	1.313425E-03	3.748407E-04
8.681022E+03	1.304829E-03	3.771774E-04
8.690978E+03	1.291959E-03	3.781948E-04
8.700933E+03	1.275093E-03	3.779285E-04
8.710888E+03	1.254516E-03	3.764206E-04
8.720843E+03	1.230515E-03	3.737172E-04
8.730799E+03	1.203506E-03	3.699093E-04
8.740754E+03	1.173884E-03	3.650864E-04
8.750709E+03	1.142034E-03	3.593417E-04
8.760665E+03	1.108368E-03	3.527823E-04
8.770620E+03	1.073314E-03	3.455267E-04
8.780575E+03	1.037263E-03	3.376871E-04
8.790531E+03	1.000565E-03	3.293683E-04
8.800486E+03	9.635826E-04	3.206844E-04
8.810441E+03	9.266462E-04	3.117440E-04
8.820396E+03	8.900140E-04	3.026358E-04
8.830352E+03	8.539289E-04	2.934470E-04
8.840307E+03	8.186162E-04	2.842622E-04
8.850262E+03	7.842477E-04	2.751504E-04
8.860218E+03	7.509632E-04	2.661720E-04
8.870173E+03	7.188718E-04	2.573780E-04
8.880128E+03	6.880690E-04	2.488163E-04
8.890084E+03	6.586096E-04	2.405211E-04
8.900039E+03	6.305120E-04	2.325141E-04
8.909994E+03	6.038167E-04	2.248254E-04
8.919949E+03	5.785063E-04	2.174637E-04
8.929905E+03	5.545758E-04	2.104423E-04
8.939860E+03	5.319951E-04	2.037649E-04
8.949815E+03	5.107253E-04	1.974311E-04
8.959771E+03	4.907208E-04	1.914374E-04
8.999592E+03	4.223947E-04	1.707490E-04
9.039413E+03	3.700648E-04	1.547907E-04
9.079234E+03	3.303023E-04	1.427671E-04
9.119055E+03	2.999399E-04	1.338010E-04
9.158877E+03	2.765180E-04	1.271600E-04
9.198698E+03	2.580220E-04	1.221829E-04
9.238519E+03	2.429187E-04	1.183296E-04
9.278340E+03	2.300733E-04	1.151744E-04
9.318161E+03	2.187518E-04	1.124347E-04
9.357983E+03	2.084546E-04	1.099114E-04
9.397804E+03	1.989144E-04	1.075037E-04
9.437625E+03	1.899713E-04	1.051556E-04
9.477446E+03	1.815722E-04	1.028632E-04
9.517267E+03	1.737192E-04	1.006512E-04
9.557089E+03	1.663999E-04	9.853573E-05
9.596910E+03	1.596247E-04	9.654575E-05
9.636731E+03	1.533301E-04	9.466468E-05
9.676552E+03	1.474611E-04	9.287796E-05
9.716373E+03	1.419512E-04	9.116052E-05
9.756195E+03	1.367204E-04	8.947513E-05
9.796016E+03	1.317457E-04	8.781828E-05
9.835837E+03	1.269836E-04	8.617125E-05
9.875658E+03	1.224344E-04	8.454357E-05
9.915479E+03	1.180797E-04	8.293125E-05
9.955301E+03	1.139253E-04	8.134679E-05
9.995122E+03	1.099599E-04	7.979034E-05
1.003494E+04	1.061781E-04	7.826577E-05
1.007476E+04	1.025631E-04	7.676808E-05
1.011459E+04	9.911091E-05	7.530107E-05
1.015441E+04	9.580781E-05	7.386081E-05
1.019423E+04	9.263186E-05	7.243621E-05
1.023405E+04	8.958544E-05	7.103443E-05
1.027387E+04	8.665545E-05	6.965017E-05
