#wls	flux	fluxerr
1.592848E+03	5.692171E-17	3.051174E-18
1.632669E+03	5.880742E-17	3.133275E-18
1.672491E+03	6.050295E-17	3.203693E-18
1.712312E+03	6.197705E-17	3.260930E-18
1.752133E+03	6.319152E-17	3.303178E-18
1.791954E+03	6.405799E-17	3.326085E-18
1.831775E+03	6.443905E-17	3.322906E-18
1.871597E+03	6.420755E-17	3.287637E-18
1.911418E+03	6.322777E-17	3.214045E-18
1.951239E+03	6.142715E-17	3.099315E-18
1.991060E+03	5.888651E-17	2.948459E-18
2.030881E+03	5.596106E-17	2.780028E-18
2.070703E+03	5.331635E-17	2.627331E-18
2.110524E+03	5.180708E-17	2.531857E-18
2.150345E+03	5.219994E-17	2.529399E-18
2.190166E+03	5.486812E-17	2.635502E-18
2.229987E+03	5.971692E-17	2.842708E-18
2.269809E+03	6.630230E-17	3.127140E-18
2.309630E+03	7.404491E-17	3.459288E-18
2.349451E+03	8.242283E-17	3.813268E-18
2.389272E+03	9.106224E-17	4.170886E-18
2.429093E+03	9.974513E-17	4.521682E-18
2.468915E+03	1.083906E-16	4.861747E-18
2.508736E+03	1.169882E-16	5.190459E-18
2.548557E+03	1.255863E-16	5.509785E-18
2.588378E+03	1.342457E-16	5.822147E-18
2.628199E+03	1.430448E-16	6.130588E-18
2.668021E+03	1.520574E-16	6.437797E-18
2.707842E+03	1.613587E-16	6.746351E-18
2.747663E+03	1.710234E-16	7.058642E-18
2.787484E+03	1.811197E-16	7.376618E-18
2.827305E+03	1.917135E-16	7.701961E-18
2.867127E+03	2.028776E-16	8.036464E-18
2.906948E+03	2.146676E-16	8.381059E-18
2.946769E+03	2.271558E-16	8.737168E-18
2.986590E+03	2.403808E-16	9.104737E-18
2.996546E+03	2.438124E-16	9.198617E-18
3.006501E+03	2.472883E-16	9.293018E-18
3.016456E+03	2.508077E-16	9.387886E-18
3.026411E+03	2.543858E-16	9.483760E-18
3.036367E+03	2.580347E-16	9.581061E-18
3.046322E+03	2.617710E-16	9.680365E-18
3.056277E+03	2.656054E-16	9.782023E-18
3.066233E+03	2.695246E-16	9.885491E-18
3.076188E+03	2.735208E-16	9.990447E-18
3.086143E+03	2.775978E-16	1.009699E-17
3.096099E+03	2.817366E-16	1.020437E-17
3.106054E+03	2.859348E-16	1.031249E-17
3.116009E+03	2.901786E-16	1.042081E-17
3.125964E+03	2.944771E-16	1.052964E-17
3.135920E+03	2.988042E-16	1.063800E-17
3.145875E+03	3.031567E-16	1.074577E-17
3.155830E+03	3.075310E-16	1.085280E-17
3.165786E+03	3.119173E-16	1.095873E-17
3.175741E+03	3.162933E-16	1.106278E-17
3.185696E+03	3.206655E-16	1.116515E-17
3.195652E+03	3.250105E-16	1.126505E-17
3.205607E+03	3.293216E-16	1.136225E-17
3.215562E+03	3.335801E-16	1.145611E-17
3.225517E+03	3.377780E-16	1.154639E-17
3.235473E+03	3.419006E-16	1.163260E-17
3.245428E+03	3.459321E-16	1.171424E-17
3.255383E+03	3.498507E-16	1.179061E-17
3.265339E+03	3.536452E-16	1.186140E-17
3.275294E+03	3.572976E-16	1.192605E-17
3.285249E+03	3.607835E-16	1.198383E-17
3.295205E+03	3.640898E-16	1.203436E-17
3.305160E+03	3.671907E-16	1.207690E-17
3.315115E+03	3.700726E-16	1.211109E-17
3.325070E+03	3.727085E-16	1.213616E-17
3.335026E+03	3.750793E-16	1.215160E-17
3.344981E+03	3.771642E-16	1.215688E-17
3.354936E+03	3.789442E-16	1.215154E-17
3.364892E+03	3.804008E-16	1.213511E-17
3.374847E+03	3.815112E-16	1.210706E-17
3.384802E+03	3.822657E-16	1.206723E-17
3.394758E+03	3.826394E-16	1.201504E-17
3.404713E+03	3.826329E-16	1.195068E-17
3.414668E+03	3.822280E-16	1.187379E-17
3.424623E+03	3.814207E-16	1.178445E-17
3.434579E+03	3.802111E-16	1.168287E-17
3.444534E+03	3.785984E-16	1.156922E-17
3.454489E+03	3.765951E-16	1.144410E-17
3.464445E+03	3.742094E-16	1.130796E-17
3.474400E+03	3.714536E-16	1.116136E-17
3.484355E+03	3.683499E-16	1.100518E-17
3.494311E+03	3.649206E-16	1.084024E-17
3.504266E+03	3.612049E-16	1.066788E-17
3.514221E+03	3.572275E-16	1.048899E-17
3.524176E+03	3.530386E-16	1.030516E-17
3.534132E+03	3.486852E-16	1.011788E-17
3.544087E+03	3.442242E-16	9.928880E-18
3.554042E+03	3.397078E-16	9.739723E-18
3.563998E+03	3.351990E-16	9.552233E-18
3.573953E+03	3.307659E-16	9.368348E-18
3.583908E+03	3.264607E-16	9.189504E-18
3.593864E+03	3.223463E-16	9.017396E-18
3.603819E+03	3.184724E-16	8.853310E-18
3.613774E+03	3.148860E-16	8.698426E-18
3.623729E+03	3.116389E-16	8.554020E-18
3.633685E+03	3.087835E-16	8.421343E-18
3.643640E+03	3.063660E-16	8.301446E-18
3.653595E+03	3.044435E-16	8.195641E-18
3.663551E+03	3.030562E-16	8.104740E-18
3.673506E+03	3.022553E-16	8.029822E-18
3.683461E+03	3.020890E-16	7.971853E-18
3.693417E+03	3.026024E-16	7.931677E-18
3.703372E+03	3.038343E-16	7.909947E-18
3.713327E+03	3.058303E-16	7.907456E-18
3.723282E+03	3.086254E-16	7.924693E-18
3.733238E+03	3.122555E-16	7.962152E-18
3.743193E+03	3.167506E-16	8.020141E-18
3.753148E+03	3.221337E-16	8.098775E-18
3.763104E+03	3.284183E-16	8.197912E-18
3.773059E+03	3.356093E-16	8.317187E-18
3.783014E+03	3.437022E-16	8.456001E-18
3.792970E+03	3.526626E-16	8.613027E-18
3.802925E+03	3.624546E-16	8.786918E-18
3.812880E+03	3.730175E-16	8.975770E-18
3.822835E+03	3.842588E-16	9.176951E-18
3.832791E+03	3.960701E-16	9.387524E-18
3.842746E+03	4.083198E-16	9.604085E-18
3.852701E+03	4.208473E-16	9.822644E-18
3.862657E+03	4.334715E-16	1.003886E-17
3.872612E+03	4.459905E-16	1.024804E-17
3.882567E+03	4.581979E-16	1.044554E-17
3.892523E+03	4.698753E-16	1.062659E-17
3.902478E+03	4.808134E-16	1.078678E-17
3.912433E+03	4.908109E-16	1.092205E-17
3.922388E+03	4.996825E-16	1.102882E-17
3.932344E+03	5.072849E-16	1.110458E-17
3.942299E+03	5.135010E-16	1.114748E-17
3.952254E+03	5.182443E-16	1.115642E-17
3.962210E+03	5.214917E-16	1.113172E-17
3.972165E+03	5.232465E-16	1.107427E-17
3.982120E+03	5.235585E-16	1.098595E-17
3.992076E+03	5.225128E-16	1.086932E-17
4.002031E+03	5.202204E-16	1.072741E-17
4.011986E+03	5.168268E-16	1.056388E-17
4.021941E+03	5.124778E-16	1.038231E-17
4.031897E+03	5.073380E-16	1.018652E-17
4.041852E+03	5.015679E-16	9.980139E-18
4.051807E+03	4.953187E-16	9.766507E-18
4.061763E+03	4.887345E-16	9.548707E-18
4.071718E+03	4.819515E-16	9.329561E-18
4.081673E+03	4.750776E-16	9.111255E-18
4.091629E+03	4.682114E-16	8.895719E-18
4.101584E+03	4.614439E-16	8.684671E-18
4.111539E+03	4.548303E-16	8.479090E-18
4.121494E+03	4.484248E-16	8.279907E-18
4.131450E+03	4.422651E-16	8.087703E-18
4.141405E+03	4.363750E-16	7.902790E-18
4.151360E+03	4.307699E-16	7.725305E-18
4.153351E+03	4.042076E-16	7.234715E-18
4.157334E+03	4.062238E-16	7.242228E-18
4.161316E+03	4.065400E-16	7.219310E-18
4.165298E+03	4.082537E-16	7.221106E-18
4.169280E+03	4.122067E-16	7.262155E-18
4.173262E+03	4.153643E-16	7.288737E-18
4.177244E+03	4.178977E-16	7.304012E-18
4.181226E+03	4.223725E-16	7.352777E-18
4.185208E+03	4.246481E-16	7.362837E-18
4.189191E+03	4.283700E-16	7.397605E-18
4.193173E+03	4.310344E-16	7.413720E-18
4.197155E+03	4.338073E-16	7.431377E-18
4.201137E+03	4.370343E-16	7.456451E-18
4.205119E+03	4.398934E-16	7.474887E-18
4.209101E+03	4.421687E-16	7.483107E-18
4.213083E+03	4.439888E-16	7.483399E-18
4.217065E+03	4.444863E-16	7.461305E-18
4.221047E+03	4.435950E-16	7.415985E-18
4.225030E+03	4.424399E-16	7.366461E-18
4.229012E+03	4.420186E-16	7.329329E-18
4.232994E+03	4.418108E-16	7.295847E-18
4.236976E+03	4.404062E-16	7.242779E-18
4.240958E+03	4.383461E-16	7.179236E-18
4.244940E+03	4.370853E-16	7.129082E-18
4.248922E+03	4.356035E-16	7.075579E-18
4.252904E+03	4.325087E-16	6.996261E-18
4.256887E+03	4.286477E-16	6.905089E-18
4.260869E+03	4.262163E-16	6.837445E-18
4.264851E+03	4.212341E-16	6.729454E-18
4.268833E+03	4.155705E-16	6.611362E-18
4.272815E+03	4.122955E-16	6.531944E-18
4.276797E+03	4.079476E-16	6.436114E-18
4.280779E+03	4.024606E-16	6.323042E-18
4.284761E+03	3.973815E-16	6.217155E-18
4.288744E+03	3.918817E-16	6.105461E-18
4.292726E+03	3.867244E-16	5.999884E-18
4.296708E+03	3.829137E-16	5.915866E-18
4.300690E+03	3.789668E-16	5.830333E-18
4.304672E+03	3.751237E-16	5.746987E-18
4.308654E+03	3.712100E-16	5.663145E-18
4.312636E+03	3.682741E-16	5.594748E-18
4.316618E+03	3.652681E-16	5.525754E-18
4.320601E+03	3.613615E-16	5.443666E-18
4.324583E+03	3.577560E-16	5.366681E-18
4.328565E+03	3.557418E-16	5.314015E-18
4.332547E+03	3.533300E-16	5.255781E-18
4.336529E+03	3.490548E-16	5.170340E-18
4.340511E+03	3.461750E-16	5.106110E-18
4.344493E+03	3.447791E-16	5.064129E-18
4.348475E+03	3.430075E-16	5.016922E-18
4.352457E+03	3.410353E-16	4.967107E-18
4.356440E+03	3.404825E-16	4.938220E-18
4.360422E+03	3.385906E-16	4.890159E-18
4.364404E+03	3.396740E-16	4.885219E-18
4.368386E+03	3.417623E-16	4.894643E-18
4.372368E+03	3.425336E-16	4.885137E-18
4.376350E+03	3.444195E-16	4.891476E-18
4.380332E+03	3.477052E-16	4.917498E-18
4.384314E+03	3.490818E-16	4.916354E-18
4.388297E+03	3.539626E-16	4.964308E-18
4.392279E+03	3.585560E-16	5.007796E-18
4.396261E+03	3.655805E-16	5.084682E-18
4.400243E+03	3.726027E-16	5.160849E-18
4.404225E+03	3.791399E-16	5.229649E-18
4.408207E+03	3.854112E-16	5.294183E-18
4.412189E+03	3.916795E-16	5.358101E-18
4.416171E+03	3.973962E-16	5.413942E-18
4.420154E+03	4.027147E-16	5.463886E-18
4.424136E+03	4.098059E-16	5.537343E-18
4.428118E+03	4.189550E-16	5.637865E-18
4.432100E+03	4.282315E-16	5.739253E-18
4.436082E+03	4.365824E-16	5.827445E-18
4.440064E+03	4.451259E-16	5.917470E-18
4.444046E+03	4.545637E-16	6.018598E-18
4.448028E+03	4.638425E-16	6.116812E-18
4.452010E+03	4.725899E-16	6.207262E-18
4.455993E+03	4.815943E-16	6.300357E-18
4.459975E+03	4.914253E-16	6.403497E-18
4.463957E+03	5.002854E-16	6.493238E-18
4.467939E+03	5.104536E-16	6.599209E-18
4.471921E+03	5.206367E-16	6.704573E-18
4.475903E+03	5.294092E-16	6.791062E-18
4.479885E+03	5.391378E-16	6.889142E-18
4.483867E+03	5.505672E-16	7.008172E-18
4.487850E+03	5.602133E-16	7.103739E-18
4.491832E+03	5.689520E-16	7.187186E-18
4.495814E+03	5.794773E-16	7.292567E-18
4.499796E+03	5.878026E-16	7.369661E-18
4.503778E+03	5.964250E-16	7.449990E-18
4.507760E+03	6.052126E-16	7.531889E-18
4.511742E+03	6.130484E-16	7.601502E-18
4.515724E+03	6.204800E-16	7.665742E-18
4.519707E+03	6.277041E-16	7.727101E-18
4.523689E+03	6.340430E-16	7.777312E-18
4.527671E+03	6.394528E-16	7.815970E-18
4.531653E+03	6.451582E-16	7.858128E-18
4.535635E+03	6.496733E-16	7.885724E-18
4.539617E+03	6.530856E-16	7.899984E-18
4.543599E+03	6.561822E-16	7.910543E-18
4.547581E+03	6.586578E-16	7.913783E-18
4.551563E+03	6.607745E-16	7.912928E-18
4.555546E+03	6.621620E-16	7.903611E-18
4.559528E+03	6.617968E-16	7.873747E-18
4.563510E+03	6.607917E-16	7.836742E-18
4.567492E+03	6.590395E-16	7.791404E-18
4.571474E+03	6.567149E-16	7.739877E-18
4.575456E+03	6.520117E-16	7.661005E-18
4.579438E+03	6.461307E-16	7.569103E-18
4.583420E+03	6.400304E-16	7.475488E-18
4.587403E+03	6.342983E-16	7.387015E-18
4.591385E+03	6.278702E-16	7.291284E-18
4.595367E+03	6.203336E-16	7.183578E-18
4.599349E+03	6.110392E-16	7.056495E-18
4.603331E+03	6.018998E-16	6.932220E-18
4.607313E+03	5.927424E-16	6.808737E-18
4.611295E+03	5.828948E-16	6.678328E-18
4.615277E+03	5.722502E-16	6.539817E-18
4.619260E+03	5.615901E-16	6.402167E-18
4.623242E+03	5.524307E-16	6.282600E-18
4.627224E+03	5.440123E-16	6.172357E-18
4.631206E+03	5.349719E-16	6.055933E-18
4.635188E+03	5.245754E-16	5.925070E-18
4.639170E+03	5.132572E-16	5.784744E-18
4.643152E+03	5.028763E-16	5.655909E-18
4.647134E+03	4.932382E-16	5.536295E-18
4.651116E+03	4.833921E-16	5.415177E-18
4.655099E+03	4.730149E-16	5.288940E-18
4.659081E+03	4.632725E-16	5.170604E-18
4.663063E+03	4.544432E-16	5.063214E-18
4.667045E+03	4.467412E-16	4.969077E-18
4.671027E+03	4.387452E-16	4.872332E-18
4.675009E+03	4.302621E-16	4.770835E-18
4.678991E+03	4.223675E-16	4.676502E-18
4.682973E+03	4.149748E-16	4.588327E-18
4.686956E+03	4.071816E-16	4.496310E-18
4.690938E+03	4.002762E-16	4.414654E-18
4.694920E+03	3.942785E-16	4.343530E-18
4.698902E+03	3.862299E-16	4.250330E-18
4.702884E+03	3.791540E-16	4.168348E-18
4.706866E+03	3.722786E-16	4.089053E-18
4.710848E+03	3.659029E-16	4.015708E-18
4.714830E+03	3.602402E-16	3.950621E-18
4.718813E+03	3.543704E-16	3.883678E-18
4.722795E+03	3.484649E-16	3.816745E-18
4.726777E+03	3.431427E-16	3.756587E-18
4.730759E+03	3.382537E-16	3.701537E-18
4.734741E+03	3.337546E-16	3.651100E-18
4.738723E+03	3.290268E-16	3.598496E-18
4.742705E+03	3.255829E-16	3.560248E-18
4.746687E+03	3.232717E-16	3.534687E-18
4.750669E+03	3.217298E-16	3.517827E-18
4.754652E+03	3.207646E-16	3.507557E-18
4.758634E+03	3.201841E-16	3.501773E-18
4.762616E+03	3.204124E-16	3.505113E-18
4.766598E+03	3.217879E-16	3.521285E-18
4.770580E+03	3.232696E-16	3.538904E-18
4.774562E+03	3.233305E-16	3.541252E-18
4.778544E+03	3.253851E-16	3.565720E-18
4.782526E+03	3.280324E-16	3.596983E-18
4.786509E+03	3.300860E-16	3.622042E-18
4.790491E+03	3.315049E-16	3.640433E-18
4.794473E+03	3.327131E-16	3.656800E-18
4.798455E+03	3.345775E-16	3.680677E-18
4.802437E+03	3.365271E-16	3.705795E-18
4.806419E+03	3.374848E-16	3.720286E-18
4.810401E+03	3.376423E-16	3.726229E-18
4.814383E+03	3.377391E-16	3.731764E-18
4.818366E+03	3.377544E-16	3.736655E-18
4.822348E+03	3.384473E-16	3.749303E-18
4.826330E+03	3.385106E-16	3.755239E-18
4.830312E+03	3.372715E-16	3.746952E-18
4.834294E+03	3.356790E-16	3.734934E-18
4.838276E+03	3.345542E-16	3.728311E-18
4.842258E+03	3.338126E-16	3.726158E-18
4.846240E+03	3.332435E-16	3.726137E-18
4.850223E+03	3.326787E-16	3.726367E-18
4.854205E+03	3.318031E-16	3.723310E-18
4.858187E+03	3.315413E-16	3.727336E-18
4.862169E+03	3.325854E-16	3.746275E-18
4.866151E+03	3.341155E-16	3.770959E-18
4.870133E+03	3.350191E-16	3.788838E-18
4.874115E+03	3.353807E-16	3.800823E-18
4.878097E+03	3.362913E-16	3.819265E-18
4.882079E+03	3.373939E-16	3.840139E-18
4.886062E+03	3.378082E-16	3.853416E-18
4.890044E+03	3.383728E-16	3.868629E-18
4.894026E+03	3.388991E-16	3.883625E-18
4.898008E+03	3.388635E-16	3.892386E-18
4.901990E+03	3.395856E-16	3.910055E-18
4.905972E+03	3.407508E-16	3.933063E-18
4.909954E+03	3.421705E-16	3.959264E-18
4.913936E+03	3.432795E-16	3.982121E-18
4.917919E+03	3.438478E-16	3.998933E-18
4.921901E+03	3.441686E-16	4.013065E-18
4.925883E+03	3.442629E-16	4.024738E-18
4.929865E+03	3.440890E-16	4.033440E-18
4.933847E+03	3.437724E-16	4.040618E-18
4.937829E+03	3.427695E-16	4.039847E-18
4.941811E+03	3.417703E-16	4.039211E-18
4.945793E+03	3.409631E-16	4.040938E-18
4.949776E+03	3.405149E-16	4.047028E-18
4.953758E+03	3.404255E-16	4.057510E-18
4.957740E+03	3.401097E-16	4.065423E-18
4.961722E+03	3.401735E-16	4.078005E-18
4.965704E+03	3.401989E-16	4.090267E-18
4.969686E+03	3.400395E-16	4.100437E-18
4.973668E+03	3.408657E-16	4.122646E-18
4.977650E+03	3.428234E-16	4.158770E-18
4.981632E+03	3.441366E-16	4.187322E-18
4.985615E+03	3.446171E-16	4.205932E-18
4.989597E+03	3.453518E-16	4.227810E-18
4.993579E+03	3.469672E-16	4.260678E-18
4.997561E+03	3.489621E-16	4.298459E-18
5.001543E+03	3.511066E-16	4.338356E-18
5.005525E+03	3.533380E-16	4.379608E-18
5.009507E+03	3.554682E-16	4.419887E-18
5.013489E+03	3.575392E-16	4.459701E-18
5.017472E+03	3.596553E-16	4.500351E-18
5.021454E+03	3.622975E-16	4.547877E-18
5.025436E+03	3.646715E-16	4.592339E-18
5.029418E+03	3.669235E-16	4.635553E-18
5.033400E+03	3.697855E-16	4.686778E-18
5.037382E+03	3.731530E-16	4.744764E-18
5.041364E+03	3.763989E-16	4.801569E-18
5.045346E+03	3.793558E-16	4.855037E-18
5.049329E+03	3.821491E-16	4.906744E-18
5.053311E+03	3.851974E-16	4.962057E-18
5.057293E+03	3.888773E-16	5.025879E-18
5.061275E+03	3.934824E-16	5.102094E-18
5.065257E+03	3.980919E-16	5.178844E-18
5.069239E+03	4.016800E-16	5.242740E-18
5.073221E+03	4.045185E-16	5.297208E-18
5.077203E+03	4.076752E-16	5.356182E-18
5.081185E+03	4.109826E-16	5.417494E-18
5.085168E+03	4.142734E-16	5.478951E-18
5.089150E+03	4.175475E-16	5.540546E-18
5.093132E+03	4.209516E-16	5.604234E-18
5.097114E+03	4.238778E-16	5.661908E-18
5.101096E+03	4.277100E-16	5.732053E-18
5.105078E+03	4.321342E-16	5.810565E-18
5.109060E+03	4.357660E-16	5.878846E-18
5.113042E+03	4.391085E-16	5.943600E-18
5.117025E+03	4.429383E-16	6.015334E-18
5.121007E+03	4.467099E-16	6.086679E-18
5.124989E+03	4.505912E-16	6.159923E-18
5.128971E+03	4.541202E-16	6.228743E-18
5.132953E+03	4.580530E-16	6.303496E-18
5.136935E+03	4.623482E-16	6.383662E-18
5.140917E+03	4.672582E-16	6.472791E-18
5.144899E+03	4.726156E-16	6.568637E-18
5.148882E+03	4.781051E-16	6.666863E-18
5.152864E+03	4.834320E-16	6.763367E-18
5.156846E+03	4.889754E-16	6.863447E-18
5.160828E+03	4.949462E-16	6.970100E-18
5.164810E+03	5.005228E-16	7.071779E-18
5.168792E+03	5.063375E-16	7.177391E-18
5.172774E+03	5.121793E-16	7.283966E-18
5.176756E+03	5.171842E-16	7.379182E-18
5.180738E+03	5.218359E-16	7.469844E-18
5.184721E+03	5.262822E-16	7.558024E-18
5.188703E+03	5.315786E-16	7.658901E-18
5.192685E+03	5.366067E-16	7.756427E-18
5.196667E+03	5.418095E-16	7.856986E-18
5.200649E+03	5.470601E-16	7.958757E-18
5.204631E+03	5.516194E-16	8.050958E-18
5.208613E+03	5.551902E-16	8.129139E-18
5.212595E+03	5.585753E-16	8.204950E-18
5.216578E+03	5.619857E-16	8.281476E-18
5.220560E+03	5.654859E-16	8.359670E-18
5.224542E+03	5.689061E-16	8.437027E-18
5.228524E+03	5.717584E-16	8.506275E-18
5.232506E+03	5.745510E-16	8.574916E-18
5.236488E+03	5.770723E-16	8.639774E-18
5.240470E+03	5.793637E-16	8.701430E-18
5.244452E+03	5.807035E-16	8.748976E-18
5.248435E+03	5.815573E-16	8.789314E-18
5.252417E+03	5.824137E-16	8.829780E-18
5.256399E+03	5.829744E-16	8.865836E-18
5.260381E+03	5.838351E-16	8.906528E-18
5.264363E+03	5.836981E-16	8.932038E-18
5.268345E+03	5.827107E-16	8.944483E-18
5.272327E+03	5.812342E-16	8.949306E-18
5.276309E+03	5.798004E-16	8.954648E-18
5.280291E+03	5.781956E-16	8.957204E-18
5.284274E+03	5.758020E-16	8.947350E-18
5.288256E+03	5.731728E-16	8.933592E-18
5.292238E+03	5.708198E-16	8.923899E-18
5.296220E+03	5.680595E-16	8.907589E-18
5.300202E+03	5.651269E-16	8.888302E-18
5.304184E+03	5.621928E-16	8.868707E-18
5.308166E+03	5.592136E-16	8.848110E-18
5.312148E+03	5.561042E-16	8.825155E-18
5.316131E+03	5.528000E-16	8.798797E-18
5.320113E+03	5.495577E-16	8.773100E-18
5.324095E+03	5.465052E-16	8.750125E-18
5.328077E+03	5.435150E-16	8.727849E-18
5.332059E+03	5.417222E-16	8.724561E-18
5.336041E+03	5.399283E-16	8.721071E-18
5.340023E+03	5.383043E-16	8.720147E-18
5.344005E+03	5.368081E-16	8.721129E-18
5.347988E+03	5.353102E-16	8.721926E-18
5.351970E+03	5.340686E-16	8.726753E-18
5.355952E+03	5.335136E-16	8.742694E-18
5.359934E+03	5.331731E-16	8.762088E-18
5.363916E+03	5.320788E-16	8.769007E-18
5.367898E+03	5.308977E-16	8.774366E-18
5.371880E+03	5.297582E-16	8.780284E-18
5.375862E+03	5.287470E-16	8.788205E-18
5.379844E+03	5.276691E-16	8.794896E-18
5.383827E+03	5.267197E-16	8.803612E-18
5.387809E+03	5.260702E-16	8.817240E-18
5.391791E+03	5.243844E-16	8.813367E-18
5.395773E+03	5.223514E-16	8.803460E-18
5.399755E+03	5.197541E-16	8.783802E-18
5.403737E+03	5.165274E-16	8.753211E-18
5.407719E+03	5.129728E-16	8.716724E-18
5.411701E+03	5.089386E-16	8.671709E-18
5.415684E+03	5.050299E-16	8.628437E-18
5.419666E+03	5.012249E-16	8.586555E-18
5.423648E+03	4.970260E-16	8.537527E-18
5.427630E+03	4.926491E-16	8.485021E-18
5.431612E+03	4.882674E-16	8.432001E-18
5.435594E+03	4.833822E-16	8.369832E-18
5.439576E+03	4.782315E-16	8.302578E-18
5.443558E+03	4.734441E-16	8.241147E-18
5.447541E+03	4.689769E-16	8.184839E-18
5.451523E+03	4.644831E-16	8.127629E-18
5.455505E+03	4.600493E-16	8.071034E-18
5.459487E+03	4.565886E-16	8.031120E-18
5.463469E+03	4.529062E-16	7.986955E-18
5.467451E+03	4.498504E-16	7.953502E-18
5.471433E+03	4.471606E-16	7.926231E-18
5.475415E+03	4.442932E-16	7.895530E-18
5.479398E+03	4.416617E-16	7.868742E-18
5.483380E+03	4.393319E-16	7.847075E-18
5.487362E+03	4.373042E-16	7.830574E-18
5.491344E+03	4.355569E-16	7.818895E-18
5.495326E+03	4.338071E-16	7.806980E-18
5.499308E+03	4.315528E-16	7.785775E-18
5.503290E+03	4.298849E-16	7.774941E-18
5.507272E+03	4.286075E-16	7.771007E-18
5.511254E+03	4.271314E-16	7.763311E-18
5.515237E+03	4.254562E-16	7.751825E-18
5.519219E+03	4.243033E-16	7.749694E-18
5.523201E+03	4.233451E-16	7.750993E-18
5.527183E+03	4.221442E-16	7.747719E-18
5.531165E+03	4.206569E-16	7.739033E-18
5.535147E+03	4.183791E-16	7.715603E-18
5.539129E+03	4.164270E-16	7.697959E-18
5.543111E+03	4.146914E-16	7.684118E-18
5.547094E+03	4.133698E-16	7.677780E-18
5.551076E+03	4.123092E-16	7.676149E-18
5.555058E+03	4.112906E-16	7.675172E-18
5.559040E+03	4.101823E-16	7.672393E-18
5.563022E+03	4.088088E-16	7.664509E-18
5.567004E+03	4.082015E-16	7.670868E-18
5.570986E+03	4.084273E-16	7.692829E-18
5.574968E+03	4.082127E-16	7.706456E-18
5.578951E+03	4.084583E-16	7.728737E-18
5.582933E+03	4.092305E-16	7.760989E-18
5.586915E+03	4.105298E-16	7.803289E-18
5.590897E+03	4.113890E-16	7.837275E-18
5.594879E+03	4.118954E-16	7.864562E-18
5.598861E+03	4.131274E-16	7.905738E-18
5.602843E+03	4.150196E-16	7.959642E-18
5.606825E+03	4.169338E-16	8.014092E-18
5.610807E+03	4.186939E-16	8.065693E-18
5.614790E+03	4.211812E-16	8.131443E-18
5.618772E+03	4.241099E-16	8.205902E-18
5.622754E+03	4.273257E-16	8.286135E-18
5.626736E+03	4.306747E-16	8.369185E-18
5.630718E+03	4.336494E-16	8.445184E-18
5.634700E+03	4.362714E-16	8.514506E-18
5.638682E+03	4.389601E-16	8.585307E-18
5.642664E+03	4.420687E-16	8.664517E-18
5.646647E+03	4.442058E-16	8.724862E-18
5.650629E+03	4.460335E-16	8.779249E-18
5.654611E+03	4.486789E-16	8.849869E-18
5.658593E+03	4.520100E-16	8.934216E-18
5.662575E+03	4.551205E-16	9.014421E-18
5.666557E+03	4.582536E-16	9.095282E-18
5.670539E+03	4.610552E-16	9.169761E-18
5.674521E+03	4.634807E-16	9.236926E-18
5.678504E+03	4.661719E-16	9.309547E-18
5.682486E+03	4.688190E-16	9.381454E-18
5.686468E+03	4.712446E-16	9.449087E-18
5.690450E+03	4.736480E-16	9.516421E-18
5.694432E+03	4.759405E-16	9.581666E-18
5.698414E+03	4.775900E-16	9.634074E-18
5.702396E+03	4.788621E-16	9.678935E-18
5.706378E+03	4.801999E-16	9.725179E-18
5.710360E+03	4.817146E-16	9.775069E-18
5.714343E+03	4.829846E-16	9.820052E-18
5.718325E+03	4.845203E-16	9.870496E-18
5.722307E+03	4.859665E-16	9.919185E-18
5.726289E+03	4.863683E-16	9.946578E-18
5.730271E+03	4.860805E-16	9.959819E-18
5.734253E+03	4.859245E-16	9.975690E-18
5.738235E+03	4.863226E-16	1.000290E-17
5.742217E+03	4.867195E-16	1.003006E-17
5.746200E+03	4.874265E-16	1.006359E-17
5.750182E+03	4.880436E-16	1.009528E-17
5.754164E+03	4.881925E-16	1.011725E-17
5.758146E+03	4.882734E-16	1.013777E-17
5.762128E+03	4.889983E-16	1.017164E-17
5.766110E+03	4.907459E-16	1.022683E-17
5.770092E+03	4.930937E-16	1.029463E-17
5.774074E+03	4.955748E-16	1.036534E-17
5.778057E+03	4.988350E-16	1.045251E-17
5.782039E+03	5.020059E-16	1.053800E-17
5.786021E+03	5.054663E-16	1.062976E-17
5.790003E+03	5.081245E-16	1.070483E-17
5.793985E+03	5.110274E-16	1.078521E-17
5.797967E+03	5.147770E-16	1.088366E-17
5.801949E+03	5.186157E-16	1.098421E-17
5.805931E+03	5.219416E-16	1.107412E-17
5.809913E+03	5.252449E-16	1.116373E-17
5.813896E+03	5.285033E-16	1.125258E-17
5.817878E+03	5.318505E-16	1.134351E-17
5.821860E+03	5.354652E-16	1.144034E-17
5.825842E+03	5.383432E-16	1.152161E-17
5.829824E+03	5.411091E-16	1.160064E-17
5.833806E+03	5.434055E-16	1.166972E-17
5.837788E+03	5.449420E-16	1.172257E-17
5.841770E+03	5.457183E-16	1.175908E-17
5.845753E+03	5.455999E-16	1.177629E-17
5.849735E+03	5.457927E-16	1.180015E-17
5.853717E+03	5.460734E-16	1.182587E-17
5.857699E+03	5.460845E-16	1.184571E-17
5.861681E+03	5.452897E-16	1.184798E-17
5.865663E+03	5.439790E-16	1.183890E-17
5.869645E+03	5.422418E-16	1.182038E-17
5.873627E+03	5.404132E-16	1.179968E-17
5.877610E+03	5.386496E-16	1.178021E-17
5.881592E+03	5.370184E-16	1.176346E-17
5.885574E+03	5.350720E-16	1.173963E-17
5.889556E+03	5.336158E-16	1.172637E-17
5.893538E+03	5.317775E-16	1.170454E-17
5.897520E+03	5.298254E-16	1.168003E-17
5.901502E+03	5.278042E-16	1.165379E-17
5.905484E+03	5.258483E-16	1.162880E-17
5.909466E+03	5.241814E-16	1.161002E-17
5.913449E+03	5.229155E-16	1.159997E-17
5.917431E+03	5.222299E-16	1.160267E-17
5.921413E+03	5.215874E-16	1.160623E-17
5.925395E+03	5.208315E-16	1.160716E-17
5.929377E+03	5.199844E-16	1.160595E-17
5.933359E+03	5.192252E-16	1.160659E-17
5.937341E+03	5.183076E-16	1.160359E-17
5.941323E+03	5.174108E-16	1.160093E-17
5.945306E+03	5.166916E-16	1.160215E-17
5.949288E+03	5.157244E-16	1.159769E-17
5.953270E+03	5.142179E-16	1.158097E-17
5.957252E+03	5.123289E-16	1.155547E-17
5.961234E+03	5.103485E-16	1.152772E-17
5.965216E+03	5.083216E-16	1.149874E-17
5.969198E+03	5.059792E-16	1.146243E-17
5.973180E+03	5.034559E-16	1.142181E-17
5.977163E+03	5.007066E-16	1.137584E-17
5.981145E+03	4.977315E-16	1.132450E-17
5.985127E+03	4.945978E-16	1.126931E-17
5.989109E+03	4.908571E-16	1.120001E-17
5.993091E+03	4.872043E-16	1.113243E-17
5.997073E+03	4.832807E-16	1.105837E-17
6.001055E+03	4.791761E-16	1.097986E-17
6.005037E+03	4.749800E-16	1.089894E-17
6.009020E+03	4.707374E-16	1.081664E-17
6.013002E+03	4.665380E-16	1.073502E-17
6.016984E+03	4.624267E-16	1.065511E-17
6.020966E+03	4.582689E-16	1.057383E-17
6.024948E+03	4.541993E-16	1.049428E-17
6.028930E+03	4.505766E-16	1.042476E-17
6.032912E+03	4.463918E-16	1.034196E-17
6.036894E+03	4.420038E-16	1.025413E-17
6.040876E+03	4.378835E-16	1.017221E-17
6.044859E+03	4.338290E-16	1.009152E-17
6.048841E+03	4.304908E-16	1.002723E-17
6.052823E+03	4.275323E-16	9.971542E-18
6.056805E+03	4.244830E-16	9.913512E-18
6.060787E+03	4.203561E-16	9.830056E-18
6.064769E+03	4.162055E-16	9.745754E-18
6.068751E+03	4.124349E-16	9.670071E-18
6.072733E+03	4.087752E-16	9.596725E-18
6.076716E+03	4.054508E-16	9.530999E-18
6.080698E+03	4.022598E-16	9.468176E-18
6.084680E+03	3.987538E-16	9.397701E-18
6.088662E+03	3.951571E-16	9.324838E-18
6.092644E+03	3.908643E-16	9.235277E-18
6.096626E+03	3.866825E-16	9.148054E-18
6.100608E+03	3.821861E-16	9.053091E-18
6.104590E+03	3.777112E-16	8.958337E-18
6.108573E+03	3.733924E-16	8.866994E-18
6.112555E+03	3.692521E-16	8.779607E-18
6.116537E+03	3.652231E-16	8.694594E-18
6.120519E+03	3.614399E-16	8.615172E-18
6.124501E+03	3.577905E-16	8.538688E-18
6.128483E+03	3.536024E-16	8.449091E-18
6.132465E+03	3.498620E-16	8.369929E-18
6.136447E+03	3.474430E-16	8.322174E-18
6.140429E+03	3.458749E-16	8.294653E-18
6.144412E+03	3.446195E-16	8.274523E-18
6.148394E+03	3.432287E-16	8.251039E-18
6.152376E+03	3.418371E-16	8.227427E-18
6.156358E+03	3.406686E-16	8.209085E-18
6.160340E+03	3.393872E-16	8.187926E-18
6.164322E+03	3.385529E-16	8.177466E-18
6.168304E+03	3.388824E-16	8.195073E-18
6.172286E+03	3.389867E-16	8.207223E-18
6.176269E+03	3.390003E-16	8.217155E-18
6.180251E+03	3.390352E-16	8.227577E-18
6.184233E+03	3.388228E-16	8.231966E-18
6.188215E+03	3.381839E-16	8.225944E-18
6.192197E+03	3.377680E-16	8.225288E-18
6.196179E+03	3.377762E-16	8.234925E-18
6.200161E+03	3.382309E-16	8.255431E-18
6.204143E+03	3.388409E-16	8.279736E-18
6.208126E+03	3.397629E-16	8.311678E-18
6.212108E+03	3.405269E-16	8.339776E-18
6.216090E+03	3.411778E-16	8.365116E-18
6.220072E+03	3.422522E-16	8.400862E-18
6.224054E+03	3.437723E-16	8.447594E-18
6.228036E+03	3.450449E-16	8.488293E-18
6.232018E+03	3.463830E-16	8.530648E-18
6.236000E+03	3.476076E-16	8.570253E-18
6.239982E+03	3.492330E-16	8.619790E-18
6.243965E+03	3.512811E-16	8.679834E-18
6.247947E+03	3.535508E-16	8.745442E-18
6.251929E+03	3.559302E-16	8.813862E-18
6.255911E+03	3.582851E-16	8.881776E-18
6.259893E+03	3.598787E-16	8.930896E-18
6.263875E+03	3.617605E-16	8.987235E-18
6.267857E+03	3.646004E-16	9.067473E-18
6.271839E+03	3.669914E-16	9.136661E-18
6.275822E+03	3.696033E-16	9.211451E-18
6.279804E+03	3.724582E-16	9.292416E-18
6.283786E+03	3.751545E-16	9.369541E-18
6.287768E+03	3.777813E-16	9.445044E-18
6.291750E+03	3.805170E-16	9.523381E-18
6.295732E+03	3.829157E-16	9.593392E-18
6.299714E+03	3.847992E-16	9.650576E-18
6.303696E+03	3.868140E-16	9.711129E-18
6.307679E+03	3.886482E-16	9.767216E-18
6.311661E+03	3.899453E-16	9.809860E-18
6.315643E+03	3.908616E-16	9.842952E-18
6.319625E+03	3.914863E-16	9.868714E-18
6.323607E+03	3.917307E-16	9.884881E-18
6.327589E+03	3.917952E-16	9.896488E-18
6.331571E+03	3.921695E-16	9.915905E-18
6.335553E+03	3.927643E-16	9.940894E-18
6.339535E+03	3.925120E-16	9.944423E-18
6.343518E+03	3.919468E-16	9.939975E-18
6.347500E+03	3.915579E-16	9.939950E-18
6.351482E+03	3.915675E-16	9.950001E-18
6.355464E+03	3.918197E-16	9.966195E-18
6.359446E+03	3.920255E-16	9.981193E-18
6.363428E+03	3.926958E-16	1.000801E-17
6.367410E+03	3.932084E-16	1.003081E-17
6.371392E+03	3.920767E-16	1.001162E-17
6.375375E+03	3.914097E-16	1.000422E-17
6.379357E+03	3.910296E-16	1.000410E-17
6.383339E+03	3.905591E-16	1.000162E-17
6.387321E+03	3.902201E-16	1.000246E-17
6.391303E+03	3.903004E-16	1.001401E-17
6.395285E+03	3.906003E-16	1.003118E-17
6.399267E+03	3.911196E-16	1.005397E-17
6.403249E+03	3.918581E-16	1.008239E-17
6.407232E+03	3.927713E-16	1.011532E-17
6.411214E+03	3.932617E-16	1.013737E-17
6.415196E+03	3.936393E-16	1.015650E-17
6.419178E+03	3.943685E-16	1.018470E-17
6.423160E+03	3.955595E-16	1.022485E-17
6.427142E+03	3.969247E-16	1.026952E-17
6.431124E+03	3.981325E-16	1.031015E-17
6.435106E+03	3.991389E-16	1.034559E-17
6.439088E+03	4.005400E-16	1.039129E-17
6.443071E+03	4.013426E-16	1.042148E-17
6.447053E+03	4.019885E-16	1.044760E-17
6.451035E+03	4.028746E-16	1.047997E-17
6.455017E+03	4.032514E-16	1.049909E-17
6.458999E+03	4.031855E-16	1.050666E-17
6.462981E+03	4.036906E-16	1.052909E-17
6.466963E+03	4.051179E-16	1.057558E-17
6.470945E+03	4.063664E-16	1.061744E-17
6.474928E+03	4.079861E-16	1.066903E-17
6.478910E+03	4.090092E-16	1.070504E-17
6.482892E+03	4.096341E-16	1.073064E-17
6.486874E+03	4.104765E-16	1.076193E-17
6.490856E+03	4.112067E-16	1.079029E-17
6.494838E+03	4.113858E-16	1.080417E-17
6.498820E+03	4.111244E-16	1.080645E-17
6.502802E+03	4.108834E-16	1.080922E-17
6.506785E+03	4.106190E-16	1.081134E-17
6.510767E+03	4.101779E-16	1.080875E-17
6.514749E+03	4.091662E-16	1.079106E-17
6.518731E+03	4.081756E-16	1.077386E-17
6.522713E+03	4.073594E-16	1.076118E-17
6.526695E+03	4.063017E-16	1.074205E-17
6.530677E+03	4.050029E-16	1.071646E-17
6.534659E+03	4.037256E-16	1.069135E-17
6.538641E+03	4.023169E-16	1.066267E-17
6.542624E+03	4.015193E-16	1.065011E-17
6.546606E+03	4.013539E-16	1.065427E-17
6.550588E+03	4.010345E-16	1.065429E-17
6.554570E+03	4.004740E-16	1.064786E-17
6.558552E+03	3.999127E-16	1.064135E-17
6.562534E+03	3.991980E-16	1.063070E-17
6.566516E+03	3.980688E-16	1.060894E-17
6.570498E+03	3.968524E-16	1.058477E-17
6.574481E+03	3.963100E-16	1.057852E-17
6.578463E+03	3.957016E-16	1.057044E-17
6.582445E+03	3.951792E-16	1.056461E-17
6.586427E+03	3.946995E-16	1.055986E-17
6.590409E+03	3.949136E-16	1.057364E-17
6.594391E+03	3.953215E-16	1.059259E-17
6.598373E+03	3.957059E-16	1.061089E-17
6.602355E+03	3.961320E-16	1.063030E-17
6.606338E+03	3.963181E-16	1.064324E-17
6.610320E+03	3.962212E-16	1.064856E-17
6.614302E+03	3.961231E-16	1.065380E-17
6.618284E+03	3.964565E-16	1.067063E-17
6.622266E+03	3.975233E-16	1.070718E-17
6.626248E+03	3.984366E-16	1.073961E-17
6.630230E+03	3.989158E-16	1.076033E-17
6.634212E+03	3.991989E-16	1.077575E-17
6.638195E+03	3.992001E-16	1.078353E-17
6.642177E+03	3.984241E-16	1.077026E-17
6.646159E+03	3.974969E-16	1.075285E-17
6.650141E+03	3.964187E-16	1.073128E-17
6.654123E+03	3.948671E-16	1.069681E-17
6.658105E+03	3.937894E-16	1.067509E-17
6.662087E+03	3.934211E-16	1.067255E-17
6.666069E+03	3.932887E-16	1.067636E-17
6.670051E+03	3.928332E-16	1.067136E-17
6.674034E+03	3.920122E-16	1.065637E-17
6.678016E+03	3.909551E-16	1.063491E-17
6.681998E+03	3.896623E-16	1.060695E-17
6.685980E+03	3.885628E-16	1.058418E-17
6.689962E+03	3.873993E-16	1.055959E-17
6.693944E+03	3.861934E-16	1.053377E-17
6.697926E+03	3.847953E-16	1.050263E-17
6.701908E+03	3.832696E-16	1.046792E-17
6.705891E+03	3.819798E-16	1.043957E-17
6.709873E+03	3.808187E-16	1.041467E-17
6.713855E+03	3.791458E-16	1.037569E-17
6.717837E+03	3.775166E-16	1.033781E-17
6.721819E+03	3.762083E-16	1.030864E-17
6.725801E+03	3.748793E-16	1.027882E-17
6.729783E+03	3.732103E-16	1.023960E-17
6.733765E+03	3.713084E-16	1.019390E-17
6.737748E+03	3.694080E-16	1.014814E-17
6.741730E+03	3.679341E-16	1.011401E-17
6.745712E+03	3.668011E-16	1.008917E-17
6.749694E+03	3.655837E-16	1.006195E-17
6.753676E+03	3.645368E-16	1.003935E-17
6.757658E+03	3.638933E-16	1.002780E-17
6.761640E+03	3.630380E-16	1.001036E-17
6.765622E+03	3.622888E-16	9.995787E-18
6.769604E+03	3.617093E-16	9.985845E-18
6.773587E+03	3.608759E-16	9.968844E-18
6.777569E+03	3.596412E-16	9.940695E-18
6.781551E+03	3.586820E-16	9.920096E-18
6.785533E+03	3.580823E-16	9.909385E-18
6.789515E+03	3.577571E-16	9.906225E-18
6.793497E+03	3.570520E-16	9.892505E-18
6.797479E+03	3.559890E-16	9.868809E-18
6.801461E+03	3.550320E-16	9.847993E-18
6.805444E+03	3.540125E-16	9.825382E-18
6.809426E+03	3.529306E-16	9.800980E-18
6.813408E+03	3.521018E-16	9.783547E-18
6.817390E+03	3.516517E-16	9.776591E-18
6.821372E+03	3.514325E-16	9.776018E-18
6.825354E+03	3.512972E-16	9.777742E-18
6.829336E+03	3.503646E-16	9.757234E-18
6.833318E+03	3.496842E-16	9.743697E-18
6.837301E+03	3.492765E-16	9.737715E-18
6.841283E+03	3.489526E-16	9.734031E-18
6.845265E+03	3.485451E-16	9.727977E-18
6.849247E+03	3.481166E-16	9.721301E-18
6.853229E+03	3.479182E-16	9.721013E-18
6.857211E+03	3.480746E-16	9.730610E-18
6.861193E+03	3.476670E-16	9.724413E-18
6.865175E+03	3.474056E-16	9.722268E-18
6.869157E+03	3.471442E-16	9.720090E-18
6.873140E+03	3.466745E-16	9.712042E-18
6.877122E+03	3.460595E-16	9.699881E-18
6.881104E+03	3.450289E-16	9.676025E-18
6.885086E+03	3.441449E-16	9.656225E-18
6.889068E+03	3.433864E-16	9.639898E-18
6.893050E+03	3.425040E-16	9.620044E-18
6.897032E+03	3.415810E-16	9.599000E-18
6.901014E+03	3.407627E-16	9.580847E-18
6.904997E+03	3.399245E-16	9.562087E-18
6.908979E+03	3.389421E-16	9.539224E-18
6.912961E+03	3.378988E-16	9.514591E-18
6.916943E+03	3.368980E-16	9.491104E-18
6.920925E+03	3.359189E-16	9.468178E-18
6.924907E+03	3.349617E-16	9.445817E-18
6.928889E+03	3.337991E-16	9.417614E-18
6.932871E+03	3.323698E-16	9.381824E-18
6.936854E+03	3.310452E-16	9.348933E-18
6.940836E+03	3.298665E-16	9.320105E-18
6.944818E+03	3.289980E-16	9.299991E-18
6.948800E+03	3.283363E-16	9.285680E-18
6.952782E+03	3.276755E-16	9.271352E-18
6.956764E+03	3.270155E-16	9.257010E-18
6.960746E+03	3.261509E-16	9.236835E-18
6.964728E+03	3.260879E-16	9.239325E-18
6.968710E+03	3.260454E-16	9.242377E-18
6.972693E+03	3.255316E-16	9.232039E-18
6.976675E+03	3.251824E-16	9.226336E-18
6.980657E+03	3.252226E-16	9.231660E-18
6.984639E+03	3.252833E-16	9.237543E-18
6.988621E+03	3.254054E-16	9.245152E-18
6.992603E+03	3.255887E-16	9.254484E-18
6.996585E+03	3.253636E-16	9.252185E-18
7.000567E+03	3.252613E-16	9.253356E-18
7.004550E+03	3.250574E-16	9.251609E-18
7.008532E+03	3.252410E-16	9.260875E-18
7.012514E+03	3.256895E-16	9.277670E-18
7.016496E+03	3.258729E-16	9.286902E-18
7.020478E+03	3.258530E-16	9.290321E-18
7.024460E+03	3.259756E-16	9.297785E-18
7.028442E+03	3.253262E-16	9.283205E-18
7.032424E+03	3.252261E-16	9.284272E-18
7.036407E+03	3.254308E-16	9.294022E-18
7.040389E+03	3.253517E-16	9.295649E-18
7.044371E+03	3.252324E-16	9.296106E-18
7.048353E+03	3.251541E-16	9.297715E-18
7.052335E+03	3.250560E-16	9.298739E-18
7.056317E+03	3.249381E-16	9.299176E-18
7.060299E+03	3.249623E-16	9.303659E-18
7.064281E+03	3.252495E-16	9.315659E-18
7.068263E+03	3.252339E-16	9.318971E-18
7.072246E+03	3.251985E-16	9.321700E-18
7.076228E+03	3.251435E-16	9.323847E-18
7.080210E+03	3.249882E-16	9.323098E-18
7.084192E+03	3.245112E-16	9.313099E-18
7.088174E+03	3.237333E-16	9.294433E-18
7.092156E+03	3.229569E-16	9.275773E-18
7.096138E+03	3.226444E-16	9.270412E-18
7.100120E+03	3.222323E-16	9.262164E-18
7.104103E+03	3.211383E-16	9.234284E-18
7.108085E+03	3.201065E-16	9.208153E-18
7.112067E+03	3.193773E-16	9.190694E-18
7.116049E+03	3.186095E-16	9.172091E-18
7.120031E+03	3.178432E-16	9.153500E-18
7.124013E+03	3.173588E-16	9.142999E-18
7.127995E+03	3.165754E-16	9.123856E-18
7.131977E+03	3.154535E-16	9.094922E-18
7.135960E+03	3.141736E-16	9.061396E-18
7.139942E+03	3.132755E-16	9.038842E-18
7.143924E+03	3.123991E-16	9.016883E-18
7.147906E+03	3.111652E-16	8.984569E-18
7.151888E+03	3.098136E-16	8.948818E-18
7.155870E+03	3.087435E-16	8.921160E-18
7.159852E+03	3.078746E-16	8.899281E-18
7.163834E+03	3.073260E-16	8.886635E-18
7.167817E+03	3.066395E-16	8.869976E-18
7.171799E+03	3.060938E-16	8.857366E-18
7.175781E+03	3.052911E-16	8.837294E-18
7.179763E+03	3.045497E-16	8.818971E-18
7.183745E+03	3.040880E-16	8.808721E-18
7.187727E+03	3.036475E-16	8.799068E-18
7.191709E+03	3.024744E-16	8.768157E-18
7.195691E+03	3.008275E-16	8.723474E-18
7.199673E+03	2.997976E-16	8.696646E-18
7.203656E+03	2.990669E-16	8.678468E-18
7.207638E+03	2.982982E-16	8.659165E-18
7.211620E+03	2.975709E-16	8.641038E-18
7.215602E+03	2.965288E-16	8.613746E-18
7.219584E+03	2.952319E-16	8.579018E-18
7.223566E+03	2.937595E-16	8.539154E-18
7.227548E+03	2.921118E-16	8.494156E-18
7.231530E+03	2.908419E-16	8.460105E-18
7.235513E+03	2.900871E-16	8.441012E-18
7.239495E+03	2.889200E-16	8.409897E-18
7.243477E+03	2.881690E-16	8.390866E-18
7.247459E+03	2.872426E-16	8.366702E-18
7.251441E+03	2.863969E-16	8.344868E-18
7.255423E+03	2.858679E-16	8.332242E-18
7.259405E+03	2.855177E-16	8.324811E-18
7.263387E+03	2.849919E-16	8.312248E-18
7.267370E+03	2.846840E-16	8.306024E-18
7.271352E+03	2.844954E-16	8.303272E-18
7.275334E+03	2.840529E-16	8.293098E-18
7.279316E+03	2.833766E-16	8.276081E-18
7.283298E+03	2.826432E-16	8.257379E-18
7.287280E+03	2.819509E-16	8.239860E-18
7.291262E+03	2.816721E-16	8.234412E-18
7.295244E+03	2.818649E-16	8.242747E-18
7.299226E+03	2.818630E-16	8.245386E-18
7.303209E+03	2.815689E-16	8.239470E-18
7.307191E+03	2.816285E-16	8.243898E-18
7.311173E+03	2.815916E-16	8.245500E-18
7.315155E+03	2.813020E-16	8.239696E-18
7.319137E+03	2.811312E-16	8.237364E-18
7.323119E+03	2.810206E-16	8.236791E-18
7.327101E+03	2.807748E-16	8.232249E-18
7.331083E+03	2.803549E-16	8.222596E-18
7.335066E+03	2.795075E-16	8.200392E-18
7.339048E+03	2.787207E-16	8.179948E-18
7.343030E+03	2.776045E-16	8.149816E-18
7.347012E+03	2.766075E-16	8.123166E-18
7.350994E+03	2.758271E-16	8.102857E-18
7.354976E+03	2.751851E-16	8.086600E-18
7.358958E+03	2.745061E-16	8.069245E-18
7.362940E+03	2.737708E-16	8.050220E-18
7.366923E+03	2.732321E-16	8.036965E-18
7.370905E+03	2.726758E-16	8.023184E-18
7.374887E+03	2.715188E-16	7.991709E-18
7.378869E+03	2.708111E-16	7.973446E-18
7.382851E+03	2.702805E-16	7.960384E-18
7.386833E+03	2.693243E-16	7.934777E-18
7.390815E+03	2.682344E-16	7.905214E-18
7.394797E+03	2.675740E-16	7.888293E-18
7.398779E+03	2.674203E-16	7.886305E-18
7.402762E+03	2.670550E-16	7.878072E-18
7.406744E+03	2.663035E-16	7.858441E-18
7.410726E+03	2.655541E-16	7.838862E-18
7.414708E+03	2.643028E-16	7.804450E-18
7.418690E+03	2.628794E-16	7.764932E-18
7.422672E+03	2.617878E-16	7.735199E-18
7.426654E+03	2.609117E-16	7.711817E-18
7.430636E+03	2.600572E-16	7.689060E-18
7.434619E+03	2.592435E-16	7.667499E-18
7.438601E+03	2.582965E-16	7.641983E-18
7.442583E+03	2.577776E-16	7.629124E-18
7.446565E+03	2.576091E-16	7.626632E-18
7.450547E+03	2.571910E-16	7.616752E-18
7.454529E+03	2.564265E-16	7.596608E-18
7.458511E+03	2.554321E-16	7.569640E-18
7.462493E+03	2.545366E-16	7.545589E-18
7.466476E+03	2.541265E-16	7.535924E-18
7.470458E+03	2.544338E-16	7.547534E-18
7.474440E+03	2.550908E-16	7.569534E-18
7.478422E+03	2.554207E-16	7.581846E-18
7.482404E+03	2.554626E-16	7.585616E-18
7.486386E+03	2.551390E-16	7.578540E-18
7.490368E+03	2.548946E-16	7.573817E-18
7.494350E+03	2.545941E-16	7.567428E-18
7.498332E+03	2.538126E-16	7.546736E-18
7.502315E+03	2.529557E-16	7.523797E-18
7.506297E+03	2.526608E-16	7.517568E-18
7.510279E+03	2.525223E-16	7.515994E-18
7.514261E+03	2.521731E-16	7.508153E-18
7.518243E+03	2.520574E-16	7.507269E-18
7.522225E+03	2.522910E-16	7.516795E-18
7.526207E+03	2.522560E-16	7.518331E-18
7.530189E+03	2.514893E-16	7.498057E-18
7.534172E+03	2.503575E-16	7.466888E-18
7.538154E+03	2.495171E-16	7.444400E-18
7.542136E+03	2.491418E-16	7.435782E-18
7.546118E+03	2.490384E-16	7.435283E-18
7.550100E+03	2.491103E-16	7.440029E-18
7.554082E+03	2.490296E-16	7.440226E-18
7.558064E+03	2.490664E-16	7.443941E-18
7.562046E+03	2.489311E-16	7.442523E-18
7.566029E+03	2.485660E-16	7.434237E-18
7.570011E+03	2.481832E-16	7.425425E-18
7.573993E+03	2.480144E-16	7.423020E-18
7.577975E+03	2.484842E-16	7.439741E-18
7.581957E+03	2.491294E-16	7.461737E-18
7.585939E+03	2.492358E-16	7.467614E-18
7.589921E+03	2.491123E-16	7.466613E-18
7.593903E+03	2.487202E-16	7.457567E-18
7.597885E+03	2.477697E-16	7.431776E-18
7.601868E+03	2.464540E-16	7.395018E-18
7.605850E+03	2.453328E-16	7.364078E-18
7.609832E+03	2.446572E-16	7.346507E-18
7.613814E+03	2.443114E-16	7.338839E-18
7.617796E+03	2.441023E-16	7.335286E-18
7.621778E+03	2.441652E-16	7.339913E-18
7.625760E+03	2.438820E-16	7.334148E-18
7.629742E+03	2.429048E-16	7.307511E-18
7.633725E+03	2.416778E-16	7.273346E-18
7.637707E+03	2.405873E-16	7.243278E-18
7.641689E+03	2.398460E-16	7.223713E-18
7.645671E+03	2.392993E-16	7.210008E-18
7.649653E+03	2.381354E-16	7.177698E-18
7.653635E+03	2.374174E-16	7.158822E-18
7.657617E+03	2.369327E-16	7.146981E-18
7.661599E+03	2.368169E-16	7.146272E-18
7.665582E+03	2.370701E-16	7.156715E-18
7.669564E+03	2.378666E-16	7.183587E-18
7.673546E+03	2.388198E-16	7.215224E-18
7.677528E+03	2.396587E-16	7.243444E-18
7.681510E+03	2.405574E-16	7.273510E-18
7.685492E+03	2.413226E-16	7.299571E-18
7.689474E+03	2.418184E-16	7.317516E-18
7.693456E+03	2.420060E-16	7.326158E-18
7.697439E+03	2.420790E-16	7.331349E-18
7.701421E+03	2.426961E-16	7.353043E-18
7.705403E+03	2.438771E-16	7.391863E-18
7.709385E+03	2.449439E-16	7.427263E-18
7.713367E+03	2.457412E-16	7.454532E-18
7.717349E+03	2.468314E-16	7.490728E-18
7.721331E+03	2.478267E-16	7.524085E-18
7.725313E+03	2.475818E-16	7.519818E-18
7.729295E+03	2.464452E-16	7.488469E-18
7.733278E+03	2.459504E-16	7.476615E-18
7.737260E+03	2.459812E-16	7.480755E-18
7.741242E+03	2.458776E-16	7.480822E-18
7.745224E+03	2.456976E-16	7.478579E-18
7.749206E+03	2.458690E-16	7.487052E-18
7.753188E+03	2.456918E-16	7.484928E-18
7.757170E+03	2.452826E-16	7.475747E-18
7.761152E+03	2.446605E-16	7.460083E-18
7.765135E+03	2.442731E-16	7.451580E-18
7.769117E+03	2.446074E-16	7.465112E-18
7.773099E+03	2.454888E-16	7.495377E-18
7.777081E+03	2.460994E-16	7.517417E-18
7.781063E+03	2.460101E-16	7.518102E-18
7.785045E+03	2.451617E-16	7.495598E-18
7.789027E+03	2.439825E-16	7.462970E-18
7.793009E+03	2.426087E-16	7.424377E-18
7.796992E+03	2.408253E-16	7.373224E-18
7.800974E+03	2.391396E-16	7.325035E-18
7.804956E+03	2.384699E-16	7.307953E-18
7.808938E+03	2.381529E-16	7.301687E-18
7.812920E+03	2.373482E-16	7.280472E-18
7.816902E+03	2.362704E-16	7.250874E-18
7.820884E+03	2.353300E-16	7.225485E-18
7.824866E+03	2.335679E-16	7.174851E-18
7.828848E+03	2.308657E-16	7.095289E-18
7.832831E+03	2.280840E-16	7.013228E-18
7.836813E+03	2.257521E-16	6.944940E-18
7.840795E+03	2.235960E-16	6.882012E-18
7.844777E+03	2.215372E-16	6.822039E-18
7.848759E+03	2.193797E-16	6.758983E-18
7.852741E+03	2.169074E-16	6.686175E-18
7.856723E+03	2.136285E-16	6.588436E-18
7.860705E+03	2.098759E-16	6.476001E-18
7.864688E+03	2.064750E-16	6.374326E-18
7.868670E+03	2.035441E-16	6.287083E-18
7.872652E+03	2.008673E-16	6.207620E-18
7.876634E+03	1.981498E-16	6.126829E-18
7.880616E+03	1.952493E-16	6.040312E-18
7.884598E+03	1.920946E-16	5.945855E-18
7.888580E+03	1.886519E-16	5.842393E-18
7.892562E+03	1.851277E-16	5.736313E-18
7.896545E+03	1.819326E-16	5.640339E-18
7.900527E+03	1.793553E-16	5.563442E-18
7.904509E+03	1.768929E-16	5.490045E-18
7.908491E+03	1.745099E-16	5.419048E-18
7.912473E+03	1.721311E-16	5.348121E-18
7.916455E+03	1.698220E-16	5.279297E-18
7.920437E+03	1.674657E-16	5.208943E-18
7.924419E+03	1.647944E-16	5.128727E-18
7.928401E+03	1.620179E-16	5.045157E-18
7.932384E+03	1.599018E-16	4.982082E-18
7.936366E+03	1.577839E-16	4.918898E-18
7.940348E+03	1.556208E-16	4.854243E-18
7.944330E+03	1.542708E-16	4.814905E-18
7.948312E+03	1.533533E-16	4.789045E-18
7.952294E+03	1.522267E-16	4.756631E-18
7.956276E+03	1.509879E-16	4.720686E-18
7.960258E+03	1.498320E-16	4.687305E-18
7.964241E+03	1.484442E-16	4.646637E-18
7.968223E+03	1.471830E-16	4.609898E-18
7.972205E+03	1.458430E-16	4.570662E-18
7.976187E+03	1.440947E-16	4.518584E-18
7.980169E+03	1.421689E-16	4.460886E-18
7.984151E+03	1.403713E-16	4.407156E-18
7.988133E+03	1.385740E-16	4.353381E-18
7.992115E+03	1.366468E-16	4.295470E-18
7.996098E+03	1.344112E-16	4.227795E-18
8.000080E+03	1.325181E-16	4.170829E-18
8.004062E+03	1.310564E-16	4.127387E-18
8.008044E+03	1.291175E-16	4.068864E-18
8.012026E+03	1.270700E-16	4.006856E-18
8.016008E+03	1.253661E-16	3.955618E-18
8.019990E+03	1.238475E-16	3.910175E-18
8.023972E+03	1.221038E-16	3.857574E-18
8.027954E+03	1.205073E-16	3.809567E-18
8.031937E+03	1.194331E-16	3.778032E-18
8.035919E+03	1.183922E-16	3.747515E-18
8.039901E+03	1.172877E-16	3.714955E-18
8.043883E+03	1.159316E-16	3.674388E-18
8.047865E+03	1.144830E-16	3.630843E-18
8.051847E+03	1.126870E-16	3.576220E-18
8.055829E+03	1.110547E-16	3.526737E-18
8.059811E+03	1.101052E-16	3.498890E-18
8.063794E+03	1.097019E-16	3.488384E-18
8.067776E+03	1.088014E-16	3.462053E-18
8.071758E+03	1.079935E-16	3.438638E-18
8.075740E+03	1.073329E-16	3.419894E-18
8.079722E+03	1.066534E-16	3.400532E-18
8.083704E+03	1.058858E-16	3.378336E-18
8.087686E+03	1.050562E-16	3.354140E-18
8.091668E+03	1.043603E-16	3.334187E-18
8.095651E+03	1.040918E-16	3.327880E-18
8.099633E+03	1.040027E-16	3.327311E-18
8.103615E+03	1.039771E-16	3.328780E-18
8.107597E+03	1.040356E-16	3.332949E-18
8.111579E+03	1.040331E-16	3.335176E-18
8.115561E+03	1.037750E-16	3.329215E-18
8.119543E+03	1.034984E-16	3.322655E-18
8.123525E+03	1.026435E-16	3.297514E-18
8.127507E+03	1.014020E-16	3.259915E-18
8.131490E+03	1.007747E-16	3.242027E-18
8.135472E+03	1.006049E-16	3.238849E-18
8.139454E+03	1.009182E-16	3.251237E-18
8.143436E+03	1.020307E-16	3.289416E-18
8.147418E+03	1.030650E-16	3.325128E-18
8.151400E+03	1.039919E-16	3.357430E-18
8.155382E+03	1.046522E-16	3.381174E-18
8.159364E+03	1.044262E-16	3.376300E-18
8.163347E+03	1.036133E-16	3.352434E-18
8.167329E+03	1.036037E-16	3.354548E-18
8.171311E+03	1.045276E-16	3.386918E-18
8.175293E+03	1.056437E-16	3.425574E-18
8.179275E+03	1.066043E-16	3.459247E-18
8.183257E+03	1.076041E-16	3.494242E-18
8.187239E+03	1.082153E-16	3.516672E-18
8.191221E+03	1.080819E-16	3.514919E-18
8.195204E+03	1.077570E-16	3.506941E-18
8.199186E+03	1.077773E-16	3.510198E-18
8.203168E+03	1.077937E-16	3.513337E-18
8.207150E+03	1.079667E-16	3.521593E-18
8.211132E+03	1.090602E-16	3.559914E-18
8.215114E+03	1.097465E-16	3.584995E-18
8.219096E+03	1.104822E-16	3.611733E-18
8.223078E+03	1.114012E-16	3.644514E-18
8.227060E+03	1.122341E-16	3.674528E-18
8.231043E+03	1.127668E-16	3.694757E-18
8.235025E+03	1.132523E-16	3.713473E-18
8.239007E+03	1.142551E-16	3.749200E-18
8.242989E+03	1.150959E-16	3.779664E-18
8.246971E+03	1.163588E-16	3.824052E-18
8.250953E+03	1.173505E-16	3.859591E-18
8.254935E+03	1.182955E-16	3.893654E-18
8.258917E+03	1.195796E-16	3.938942E-18
8.262900E+03	1.208407E-16	3.983545E-18
8.266882E+03	1.219900E-16	4.024536E-18
8.270864E+03	1.234438E-16	4.075645E-18
8.274846E+03	1.251433E-16	4.134960E-18
8.278828E+03	1.269835E-16	4.199023E-18
8.282810E+03	1.286639E-16	4.257901E-18
8.286792E+03	1.299848E-16	4.304969E-18
8.290774E+03	1.319469E-16	4.373368E-18
8.294757E+03	1.343905E-16	4.457849E-18
8.298739E+03	1.365090E-16	4.531676E-18
8.302721E+03	1.384376E-16	4.599314E-18
8.306703E+03	1.404251E-16	4.669021E-18
8.310685E+03	1.423223E-16	4.735840E-18
8.314667E+03	1.438198E-16	4.789456E-18
8.318649E+03	1.452601E-16	4.841257E-18
8.322631E+03	1.463205E-16	4.880471E-18
8.326614E+03	1.478171E-16	4.934317E-18
8.330596E+03	1.499181E-16	5.008442E-18
8.334578E+03	1.519994E-16	5.082032E-18
8.338560E+03	1.539450E-16	5.151201E-18
8.342542E+03	1.558941E-16	5.220605E-18
8.346524E+03	1.572730E-16	5.271013E-18
8.350506E+03	1.577296E-16	5.290570E-18
8.354488E+03	1.578813E-16	5.299930E-18
8.358470E+03	1.582725E-16	5.317355E-18
8.362453E+03	1.591389E-16	5.350789E-18
8.366435E+03	1.607666E-16	5.409900E-18
8.370417E+03	1.627430E-16	5.480855E-18
8.374399E+03	1.643661E-16	5.540023E-18
8.378381E+03	1.656437E-16	5.587634E-18
8.382363E+03	1.669669E-16	5.636868E-18
8.386345E+03	1.684096E-16	5.690223E-18
8.390327E+03	1.694729E-16	5.730841E-18
8.394310E+03	1.706902E-16	5.776739E-18
8.398292E+03	1.721705E-16	5.831628E-18
8.402274E+03	1.738646E-16	5.893857E-18
8.406256E+03	1.760082E-16	5.971442E-18
8.410238E+03	1.783192E-16	6.054842E-18
8.414220E+03	1.797200E-16	6.107454E-18
8.418202E+03	1.814488E-16	6.171309E-18
8.422184E+03	1.832942E-16	6.239249E-18
8.426167E+03	1.850555E-16	6.304434E-18
8.430149E+03	1.869600E-16	6.374617E-18
8.434131E+03	1.892361E-16	6.457602E-18
8.438113E+03	1.917137E-16	6.547610E-18
8.442095E+03	1.940486E-16	6.632893E-18
8.446077E+03	1.963877E-16	6.718467E-18
8.450059E+03	1.979983E-16	6.779245E-18
8.454041E+03	1.992419E-16	6.827551E-18
8.458023E+03	2.007982E-16	6.886669E-18
8.462006E+03	2.023000E-16	6.944017E-18
8.465988E+03	2.036675E-16	6.996850E-18
8.469970E+03	2.052804E-16	7.058215E-18
8.473952E+03	2.072434E-16	7.131734E-18
8.477934E+03	2.090968E-16	7.201607E-18
8.481916E+03	2.102688E-16	7.248111E-18
8.485898E+03	2.108704E-16	7.275021E-18
8.489880E+03	2.119103E-16	7.317114E-18
8.493863E+03	2.125430E-16	7.345209E-18
8.497845E+03	2.123962E-16	7.346390E-18
8.501827E+03	2.128409E-16	7.368055E-18
8.505809E+03	2.137786E-16	7.406843E-18
8.509791E+03	2.143788E-16	7.433995E-18
8.513773E+03	2.149554E-16	7.460375E-18
8.517755E+03	2.155641E-16	7.487920E-18
8.521737E+03	2.159589E-16	7.508079E-18
8.525720E+03	2.166541E-16	7.538728E-18
8.529702E+03	2.172854E-16	7.567205E-18
8.533684E+03	2.176821E-16	7.587557E-18
8.537666E+03	2.182679E-16	7.614542E-18
8.541648E+03	2.190812E-16	7.649523E-18
8.545630E+03	2.196754E-16	7.676910E-18
8.549612E+03	2.201061E-16	7.698627E-18
8.553594E+03	2.212154E-16	7.744136E-18
8.557576E+03	2.225089E-16	7.796184E-18
8.561559E+03	2.234230E-16	7.835022E-18
8.565541E+03	2.245689E-16	7.882062E-18
8.569523E+03	2.257211E-16	7.929408E-18
8.573505E+03	2.266488E-16	7.968943E-18
8.577487E+03	2.276683E-16	8.011784E-18
8.581469E+03	2.291880E-16	8.072317E-18
8.585451E+03	2.309597E-16	8.141843E-18
8.589433E+03	2.324162E-16	8.200371E-18
8.593416E+03	2.338296E-16	8.257479E-18
8.597398E+03	2.349721E-16	8.305118E-18
8.601380E+03	2.353877E-16	8.327125E-18
8.605362E+03	2.357352E-16	8.346762E-18
8.609344E+03	2.360146E-16	8.364019E-18
8.613326E+03	2.359059E-16	8.367546E-18
8.617308E+03	2.359794E-16	8.377548E-18
8.621290E+03	2.368302E-16	8.415189E-18
8.625273E+03	2.379110E-16	8.461077E-18
8.629255E+03	2.383059E-16	8.482635E-18
8.633237E+03	2.381966E-16	8.486265E-18
8.637219E+03	2.377883E-16	8.479242E-18
8.641201E+03	2.373098E-16	8.469706E-18
8.645183E+03	2.368760E-16	8.461748E-18
8.649165E+03	2.363489E-16	8.450443E-18
8.653147E+03	2.354749E-16	8.426703E-18
8.657129E+03	2.343684E-16	8.394594E-18
8.661112E+03	2.338363E-16	8.383021E-18
8.665094E+03	2.335337E-16	8.379663E-18
8.669076E+03	2.336923E-16	8.392865E-18
8.673058E+03	2.338970E-16	8.407749E-18
8.677040E+03	2.339395E-16	8.416823E-18
8.681022E+03	2.333558E-16	8.403364E-18
8.685004E+03	2.324690E-16	8.378959E-18
8.688986E+03	2.321094E-16	8.373531E-18
8.692969E+03	2.320114E-16	8.377535E-18
8.696951E+03	2.325335E-16	8.403962E-18
8.700933E+03	2.335565E-16	8.448554E-18
8.704915E+03	2.339680E-16	8.471088E-18
8.708897E+03	2.340764E-16	8.482683E-18
8.712879E+03	2.344180E-16	8.502752E-18
8.716861E+03	2.346427E-16	8.518618E-18
8.720843E+03	2.345634E-16	8.523468E-18
8.724826E+03	2.346939E-16	8.535955E-18
8.728808E+03	2.353393E-16	8.567208E-18
8.732790E+03	2.365008E-16	8.617325E-18
8.736772E+03	2.381327E-16	8.684691E-18
8.740754E+03	2.388279E-16	8.717984E-18
8.744736E+03	2.384897E-16	8.713583E-18
8.748718E+03	2.379621E-16	8.702250E-18
8.752700E+03	2.376450E-16	8.698598E-18
8.756682E+03	2.373031E-16	8.694032E-18
8.760665E+03	2.370778E-16	8.693734E-18
8.764647E+03	2.373234E-16	8.710722E-18
8.768629E+03	2.373564E-16	8.719927E-18
8.772611E+03	2.367269E-16	8.704790E-18
8.776593E+03	2.363678E-16	8.699576E-18
8.780575E+03	2.367412E-16	8.721340E-18
8.784557E+03	2.375530E-16	8.759308E-18
8.788539E+03	2.381995E-16	8.791245E-18
8.792522E+03	2.379207E-16	8.789060E-18
8.796504E+03	2.367716E-16	8.754689E-18
8.800486E+03	2.348900E-16	8.693148E-18
8.804468E+03	2.337756E-16	8.659910E-18
8.808450E+03	2.328276E-16	8.632784E-18
8.812432E+03	2.312055E-16	8.580588E-18
8.816414E+03	2.303647E-16	8.557316E-18
8.820396E+03	2.306340E-16	8.575280E-18
8.824379E+03	2.303753E-16	8.573622E-18
8.828361E+03	2.290372E-16	8.531755E-18
8.832343E+03	2.275838E-16	8.485512E-18
8.836325E+03	2.257969E-16	8.426737E-18
8.840307E+03	2.237286E-16	8.357338E-18
8.844289E+03	2.223685E-16	8.314290E-18
8.848271E+03	2.217137E-16	8.297557E-18
8.852253E+03	2.208385E-16	8.272537E-18
8.856236E+03	2.196175E-16	8.234503E-18
8.860218E+03	2.186008E-16	8.204063E-18
8.864200E+03	2.173242E-16	8.163805E-18
8.868182E+03	2.161462E-16	8.127177E-18
8.872164E+03	2.146257E-16	8.077590E-18
8.876146E+03	2.133218E-16	8.036066E-18
8.880128E+03	2.115973E-16	7.978609E-18
8.884110E+03	2.100436E-16	7.927487E-18
8.888092E+03	2.090335E-16	7.896803E-18
8.892075E+03	2.080746E-16	7.867995E-18
8.896057E+03	2.074308E-16	7.851060E-18
8.900039E+03	2.068630E-16	7.836970E-18
8.904021E+03	2.058280E-16	7.805133E-18
8.908003E+03	2.045188E-16	7.762828E-18
8.911985E+03	2.036638E-16	7.737698E-18
8.915967E+03	2.031182E-16	7.724283E-18
8.919949E+03	2.033402E-16	7.740058E-18
8.923932E+03	2.046991E-16	7.799178E-18
8.927914E+03	2.065786E-16	7.878261E-18
8.931896E+03	2.081286E-16	7.944913E-18
8.935878E+03	2.093263E-16	7.998229E-18
8.939860E+03	2.094847E-16	8.011895E-18
8.943842E+03	2.087138E-16	7.990010E-18
8.947824E+03	2.082568E-16	7.980102E-18
8.951806E+03	2.082023E-16	7.985616E-18
8.955789E+03	2.081767E-16	7.992240E-18
8.959771E+03	2.084862E-16	8.011753E-18
8.963753E+03	2.092174E-16	8.047521E-18
8.967735E+03	2.096938E-16	8.073543E-18
8.971717E+03	2.100376E-16	8.094498E-18
8.975699E+03	2.112245E-16	8.148015E-18
8.979681E+03	2.128578E-16	8.218863E-18
8.983663E+03	2.141334E-16	8.276014E-18
8.987645E+03	2.148139E-16	8.310253E-18
8.991628E+03	2.150239E-16	8.326332E-18
8.995610E+03	2.146095E-16	8.318230E-18
8.999592E+03	2.135964E-16	8.286882E-18
9.003574E+03	2.127270E-16	8.261051E-18
9.007556E+03	2.115073E-16	8.221545E-18
9.011538E+03	2.102432E-16	8.180231E-18
9.015520E+03	2.102592E-16	8.188687E-18
9.019502E+03	2.099574E-16	8.184765E-18
9.023485E+03	2.088936E-16	8.151095E-18
9.027467E+03	2.076889E-16	8.111853E-18
9.031449E+03	2.062710E-16	8.064188E-18
9.035431E+03	2.045873E-16	8.006027E-18
9.039413E+03	2.038924E-16	7.986482E-18
9.043395E+03	2.041488E-16	8.004189E-18
9.047377E+03	2.051468E-16	8.051025E-18
9.051359E+03	2.054515E-16	8.070711E-18
9.055342E+03	2.055277E-16	8.081442E-18
9.059324E+03	2.056634E-16	8.094530E-18
9.063306E+03	2.060284E-16	8.116670E-18
9.067288E+03	2.066408E-16	8.148598E-18
9.071270E+03	2.072086E-16	8.178817E-18
9.075252E+03	2.074264E-16	8.195263E-18
9.079234E+03	2.070835E-16	8.189554E-18
9.083216E+03	2.066995E-16	8.182203E-18
9.087198E+03	2.061768E-16	8.169332E-18
9.091181E+03	2.057498E-16	8.160222E-18
9.095163E+03	2.056018E-16	8.162165E-18
9.099145E+03	2.052975E-16	8.157887E-18
9.103127E+03	2.040350E-16	8.115485E-18
9.107109E+03	2.023630E-16	8.056689E-18
9.111091E+03	2.015036E-16	8.030155E-18
9.115073E+03	2.007133E-16	8.006313E-18
9.119055E+03	2.009317E-16	8.022697E-18
9.123038E+03	2.018585E-16	8.067411E-18
9.127020E+03	2.023470E-16	8.094671E-18
9.131002E+03	2.025581E-16	8.110864E-18
9.134984E+03	2.029712E-16	8.135174E-18
9.138966E+03	2.029572E-16	8.142388E-18
9.142948E+03	2.023232E-16	8.124709E-18
9.146930E+03	2.024092E-16	8.135925E-18
9.150912E+03	2.022341E-16	8.136648E-18
9.154895E+03	2.014578E-16	8.113152E-18
9.158877E+03	2.010149E-16	8.103039E-18
9.162859E+03	2.011519E-16	8.116299E-18
9.166841E+03	2.013624E-16	8.132539E-18
9.170823E+03	2.014101E-16	8.142219E-18
9.174805E+03	2.013152E-16	8.146136E-18
9.178787E+03	2.016929E-16	8.169193E-18
9.182769E+03	2.032160E-16	8.238717E-18
9.186751E+03	2.058636E-16	8.353996E-18
9.190734E+03	2.078057E-16	8.440830E-18
9.194716E+03	2.078706E-16	8.451492E-18
9.198698E+03	2.066441E-16	8.409610E-18
9.202680E+03	2.042567E-16	8.320348E-18
9.206662E+03	2.011942E-16	8.203377E-18
9.210644E+03	1.986923E-16	8.109055E-18
9.214626E+03	1.958776E-16	8.001760E-18
9.218608E+03	1.917052E-16	7.838739E-18
9.222591E+03	1.885312E-16	7.716259E-18
9.226573E+03	1.871902E-16	7.668627E-18
9.230555E+03	1.867677E-16	7.658558E-18
9.234537E+03	1.869985E-16	7.675275E-18
9.238519E+03	1.866388E-16	7.667751E-18
9.242501E+03	1.842980E-16	7.578738E-18
9.246483E+03	1.818513E-16	7.485182E-18
9.250465E+03	1.791235E-16	7.379859E-18
9.254448E+03	1.772002E-16	7.307503E-18
9.258430E+03	1.758767E-16	7.259757E-18
9.262412E+03	1.751335E-16	7.235886E-18
9.266394E+03	1.751521E-16	7.243466E-18
9.270376E+03	1.751112E-16	7.248584E-18
9.274358E+03	1.746414E-16	7.235932E-18
9.278340E+03	1.745891E-16	7.240558E-18
9.282322E+03	1.748517E-16	7.258254E-18
9.286304E+03	1.747135E-16	7.259319E-18
9.290287E+03	1.749785E-16	7.277142E-18
9.294269E+03	1.753935E-16	7.301232E-18
9.298251E+03	1.747625E-16	7.281770E-18
9.302233E+03	1.746149E-16	7.282424E-18
9.306215E+03	1.754263E-16	7.323099E-18
9.310197E+03	1.764614E-16	7.373184E-18
9.314179E+03	1.773649E-16	7.417850E-18
9.318161E+03	1.791342E-16	7.498827E-18
9.322144E+03	1.805283E-16	7.564225E-18
9.326126E+03	1.814062E-16	7.608084E-18
9.330108E+03	1.823421E-16	7.654446E-18
9.334090E+03	1.836484E-16	7.716444E-18
9.338072E+03	1.847684E-16	7.770708E-18
9.342054E+03	1.854722E-16	7.807544E-18
9.346036E+03	1.855612E-16	7.818527E-18
9.350018E+03	1.849194E-16	7.798697E-18
9.354001E+03	1.852816E-16	7.821202E-18
9.357983E+03	1.865869E-16	7.883582E-18
9.361965E+03	1.869420E-16	7.905878E-18
9.365947E+03	1.858067E-16	7.865114E-18
9.369929E+03	1.844239E-16	7.813776E-18
9.373911E+03	1.849189E-16	7.841961E-18
9.377893E+03	1.874649E-16	7.957248E-18
9.381875E+03	1.907002E-16	8.102013E-18
9.385857E+03	1.934720E-16	8.227323E-18
9.389840E+03	1.942866E-16	8.269543E-18
9.393822E+03	1.930596E-16	8.224847E-18
9.397804E+03	1.912267E-16	8.154219E-18
9.401786E+03	1.887977E-16	8.058004E-18
9.405768E+03	1.870414E-16	7.990339E-18
9.409750E+03	1.853539E-16	7.925478E-18
9.413732E+03	1.829089E-16	7.828064E-18
9.417714E+03	1.813089E-16	7.766660E-18
9.421697E+03	1.817888E-16	7.794300E-18
9.425679E+03	1.849870E-16	7.938637E-18
9.429661E+03	1.872149E-16	8.041544E-18
9.433643E+03	1.887166E-16	8.113399E-18
9.437625E+03	1.885796E-16	8.114856E-18
9.441607E+03	1.873194E-16	8.067923E-18
9.445589E+03	1.859543E-16	8.016372E-18
9.449571E+03	1.846669E-16	7.968064E-18
9.453554E+03	1.843331E-16	7.960839E-18
9.457536E+03	1.846025E-16	7.979657E-18
9.461518E+03	1.849592E-16	8.002273E-18
9.465500E+03	1.852100E-16	8.020331E-18
9.469482E+03	1.850445E-16	8.020361E-18
9.473464E+03	1.847935E-16	8.016672E-18
9.477446E+03	1.843084E-16	8.002794E-18
9.481428E+03	1.831719E-16	7.960563E-18
9.485411E+03	1.813243E-16	7.887315E-18
9.489393E+03	1.795118E-16	7.815447E-18
9.493375E+03	1.775055E-16	7.734995E-18
9.497357E+03	1.756992E-16	7.663108E-18
9.501339E+03	1.758588E-16	7.676892E-18
9.505321E+03	1.756425E-16	7.674266E-18
9.509303E+03	1.750392E-16	7.654698E-18
9.513285E+03	1.749978E-16	7.659676E-18
9.517267E+03	1.751723E-16	7.674105E-18
9.521250E+03	1.749836E-16	7.672619E-18
9.525232E+03	1.753393E-16	7.695011E-18
9.529214E+03	1.756657E-16	7.716140E-18
9.533196E+03	1.756072E-16	7.720370E-18
9.537178E+03	1.750455E-16	7.702450E-18
9.541160E+03	1.734659E-16	7.639656E-18
9.545142E+03	1.717613E-16	7.571225E-18
9.549124E+03	1.711318E-16	7.550091E-18
9.553107E+03	1.715387E-16	7.574674E-18
9.557089E+03	1.711359E-16	7.563497E-18
9.561071E+03	1.694740E-16	7.496594E-18
9.565053E+03	1.674184E-16	7.412125E-18
9.569035E+03	1.657043E-16	7.342629E-18
9.573017E+03	1.655924E-16	7.344058E-18
9.576999E+03	1.657409E-16	7.357033E-18
9.580981E+03	1.647624E-16	7.319948E-18
9.584964E+03	1.630749E-16	7.251259E-18
9.588946E+03	1.607610E-16	7.154557E-18
9.592928E+03	1.579732E-16	7.036567E-18
9.596910E+03	1.559343E-16	6.951745E-18
9.600892E+03	1.534672E-16	6.847661E-18
9.604874E+03	1.508087E-16	6.734834E-18
9.608856E+03	1.475591E-16	6.595380E-18
9.612838E+03	1.447977E-16	6.477510E-18
9.616820E+03	1.427680E-16	6.392192E-18
9.620803E+03	1.410255E-16	6.319583E-18
9.624785E+03	1.399897E-16	6.278530E-18
9.628767E+03	1.376378E-16	6.178320E-18
9.632749E+03	1.363120E-16	6.124028E-18
9.636731E+03	1.348467E-16	6.063357E-18
9.640713E+03	1.331875E-16	5.993842E-18
9.644695E+03	1.315807E-16	5.926562E-18
9.648677E+03	1.307940E-16	5.896123E-18
9.652660E+03	1.308852E-16	5.905235E-18
9.656642E+03	1.313972E-16	5.933348E-18
9.660624E+03	1.318117E-16	5.957092E-18
9.664606E+03	1.311886E-16	5.933931E-18
9.668588E+03	1.303771E-16	5.902193E-18
9.672570E+03	1.308430E-16	5.928262E-18
9.676552E+03	1.310831E-16	5.944131E-18
9.680534E+03	1.302537E-16	5.911472E-18
9.684517E+03	1.289985E-16	5.859407E-18
9.688499E+03	1.276439E-16	5.802725E-18
9.692481E+03	1.261843E-16	5.741161E-18
9.696463E+03	1.246306E-16	5.675195E-18
9.700445E+03	1.227261E-16	5.593121E-18
9.704427E+03	1.198998E-16	5.468858E-18
9.708409E+03	1.184989E-16	5.409447E-18
9.712391E+03	1.178834E-16	5.385810E-18
9.716373E+03	1.172726E-16	5.362337E-18
9.720356E+03	1.173503E-16	5.370319E-18
9.724338E+03	1.184317E-16	5.424282E-18
9.728320E+03	1.190926E-16	5.459044E-18
9.732302E+03	1.188257E-16	5.451289E-18
9.736284E+03	1.186406E-16	5.447265E-18
9.740266E+03	1.176796E-16	5.407573E-18
9.744248E+03	1.175813E-16	5.407480E-18
9.748230E+03	1.184400E-16	5.451422E-18
9.752213E+03	1.187176E-16	5.468657E-18
9.756195E+03	1.188196E-16	5.477815E-18
9.760177E+03	1.195642E-16	5.516628E-18
9.764159E+03	1.202626E-16	5.553361E-18
9.768141E+03	1.204118E-16	5.564758E-18
9.772123E+03	1.204096E-16	5.569163E-18
9.776105E+03	1.199918E-16	5.554327E-18
9.780087E+03	1.189899E-16	5.512399E-18
9.784070E+03	1.173537E-16	5.440980E-18
9.788052E+03	1.154900E-16	5.358879E-18
9.792034E+03	1.133434E-16	5.263499E-18
9.796016E+03	1.107536E-16	5.147362E-18
9.799998E+03	1.076814E-16	5.008587E-18
9.803980E+03	1.058871E-16	4.929066E-18
9.807962E+03	1.047758E-16	4.881226E-18
9.811944E+03	1.025585E-16	4.781739E-18
9.815926E+03	9.957655E-17	4.646400E-18
9.819909E+03	9.881185E-17	4.614381E-18
9.823891E+03	9.751811E-17	4.557578E-18
9.827873E+03	9.544010E-17	4.463992E-18
9.831855E+03	9.419896E-17	4.409425E-18
9.835837E+03	9.328901E-17	4.370277E-18
9.839819E+03	9.330622E-17	4.374528E-18
9.843801E+03	9.338436E-17	4.381636E-18
9.847783E+03	9.317955E-17	4.375460E-18
9.851766E+03	9.363750E-17	4.400412E-18
9.855748E+03	9.516128E-17	4.475522E-18
9.859730E+03	9.566468E-17	4.502714E-18
9.863712E+03	9.561289E-17	4.503788E-18
9.867694E+03	9.772811E-17	4.607010E-18
9.871676E+03	1.015239E-16	4.789671E-18
9.875658E+03	1.043662E-16	4.927587E-18
9.879640E+03	1.073359E-16	5.071725E-18
9.883623E+03	1.102662E-16	5.214217E-18
9.887605E+03	1.115170E-16	5.277440E-18
9.891587E+03	1.117466E-16	5.292383E-18
9.895569E+03	1.119178E-16	5.304569E-18
9.899551E+03	1.119857E-16	5.311869E-18
9.903533E+03	1.115545E-16	5.295474E-18
9.907515E+03	1.110445E-16	5.275306E-18
9.911497E+03	1.101546E-16	5.237031E-18
9.915479E+03	1.093252E-16	5.201565E-18
9.919462E+03	1.081179E-16	5.148044E-18
9.923444E+03	1.074684E-16	5.121012E-18
9.927426E+03	1.068127E-16	5.093633E-18
9.931408E+03	1.048811E-16	5.005310E-18
9.935390E+03	1.025086E-16	4.895788E-18
9.939372E+03	1.009065E-16	4.822915E-18
9.943354E+03	1.007759E-16	4.820307E-18
9.947336E+03	9.961704E-17	4.768461E-18
9.951319E+03	9.783514E-17	4.686685E-18
9.955301E+03	9.696836E-17	4.648649E-18
9.959283E+03	9.670374E-17	4.639435E-18
9.963265E+03	9.563364E-17	4.591527E-18
9.967247E+03	9.354931E-17	4.494807E-18
9.971229E+03	9.120786E-17	4.385572E-18
9.975211E+03	8.948798E-17	4.306075E-18
9.979193E+03	8.881200E-17	4.276720E-18
9.983176E+03	9.003849E-17	4.338995E-18
9.987158E+03	9.253974E-17	4.462831E-18
9.991140E+03	9.353774E-17	4.514292E-18
9.995122E+03	9.466028E-17	4.571836E-18
9.999104E+03	9.653533E-17	4.665827E-18
1.000309E+04	9.809339E-17	4.744615E-18
1.000707E+04	9.878479E-17	4.781561E-18
1.001105E+04	1.000601E-16	4.846835E-18
1.001503E+04	1.030676E-16	4.996166E-18
1.001901E+04	1.072085E-16	5.200682E-18
1.002300E+04	1.085333E-16	5.268783E-18
1.002698E+04	1.097997E-16	5.334137E-18
1.003096E+04	1.117674E-16	5.433665E-18
1.003494E+04	1.139115E-16	5.541916E-18
1.003893E+04	1.174025E-16	5.715884E-18
1.004291E+04	1.206585E-16	5.878646E-18
1.004689E+04	1.215779E-16	5.927704E-18
1.005087E+04	1.216319E-16	5.934603E-18
1.007476E+04	1.292258E-16	6.332193E-18
1.011459E+04	1.280608E-16	6.319418E-18
1.015441E+04	1.269608E-16	6.308561E-18
1.019423E+04	1.259125E-16	6.299027E-18
1.023405E+04	1.249117E-16	6.290650E-18
1.027387E+04	1.239702E-16	6.284095E-18
