#wls	flux	fluxerr
1.592848E+03	4.832069E-17	3.494087E-18
1.632669E+03	4.988575E-17	3.590750E-18
1.672491E+03	5.128653E-17	3.674201E-18
1.712312E+03	5.249677E-17	3.742694E-18
1.752133E+03	5.348451E-17	3.794126E-18
1.791954E+03	5.417545E-17	3.823456E-18
1.831775E+03	5.445409E-17	3.822877E-18
1.871597E+03	5.421402E-17	3.785403E-18
1.911418E+03	5.334200E-17	3.703764E-18
1.951239E+03	5.177846E-17	3.574599E-18
1.991060E+03	4.959331E-17	3.403570E-18
2.030881E+03	4.708716E-17	3.211991E-18
2.070703E+03	4.482050E-17	3.038322E-18
2.110524E+03	4.351060E-17	2.930626E-18
2.150345E+03	4.379809E-17	2.930553E-18
2.190166E+03	4.599103E-17	3.056436E-18
2.229987E+03	5.000423E-17	3.299993E-18
2.269809E+03	5.546018E-17	3.633842E-18
2.309630E+03	6.186964E-17	4.023949E-18
2.349451E+03	6.879308E-17	4.440373E-18
2.389272E+03	7.591618E-17	4.862010E-18
2.429093E+03	8.305554E-17	5.276688E-18
2.468915E+03	9.014252E-17	5.679838E-18
2.508736E+03	9.716721E-17	6.070700E-18
2.548557E+03	1.041681E-16	6.451539E-18
2.588378E+03	1.111936E-16	6.825151E-18
2.628199E+03	1.183060E-16	7.195062E-18
2.668021E+03	1.255630E-16	7.564381E-18
2.707842E+03	1.330224E-16	7.936079E-18
2.747663E+03	1.407402E-16	8.312893E-18
2.787484E+03	1.487660E-16	8.697021E-18
2.827305E+03	1.571454E-16	9.090312E-18
2.867127E+03	1.659279E-16	9.494696E-18
2.906948E+03	1.751463E-16	9.911032E-18
2.946769E+03	1.848444E-16	1.034068E-17
2.986590E+03	1.950347E-16	1.078314E-17
2.996546E+03	1.976649E-16	1.089593E-17
3.006501E+03	2.003228E-16	1.100926E-17
3.016456E+03	2.030072E-16	1.112303E-17
3.026411E+03	2.057299E-16	1.123789E-17
3.036367E+03	2.085005E-16	1.135432E-17
3.046322E+03	2.113317E-16	1.147299E-17
3.056277E+03	2.142316E-16	1.159430E-17
3.066233E+03	2.171888E-16	1.171761E-17
3.076188E+03	2.201967E-16	1.184251E-17
3.086143E+03	2.232575E-16	1.196910E-17
3.096099E+03	2.263554E-16	1.209650E-17
3.106054E+03	2.294879E-16	1.222457E-17
3.116009E+03	2.326434E-16	1.235264E-17
3.125964E+03	2.358285E-16	1.248107E-17
3.135920E+03	2.390218E-16	1.260871E-17
3.145875E+03	2.422202E-16	1.273537E-17
3.155830E+03	2.454203E-16	1.286088E-17
3.165786E+03	2.486136E-16	1.298478E-17
3.175741E+03	2.517820E-16	1.310615E-17
3.185696E+03	2.549303E-16	1.322523E-17
3.195652E+03	2.580395E-16	1.334104E-17
3.205607E+03	2.611042E-16	1.345333E-17
3.215562E+03	2.641090E-16	1.356133E-17
3.225517E+03	2.670474E-16	1.366474E-17
3.235473E+03	2.699080E-16	1.376300E-17
3.245428E+03	2.726784E-16	1.385552E-17
3.255383E+03	2.753415E-16	1.394149E-17
3.265339E+03	2.778890E-16	1.402054E-17
3.275294E+03	2.803072E-16	1.409204E-17
3.285249E+03	2.825778E-16	1.415515E-17
3.295205E+03	2.846913E-16	1.420946E-17
3.305160E+03	2.866289E-16	1.425415E-17
3.315115E+03	2.883810E-16	1.428880E-17
3.325070E+03	2.899289E-16	1.431261E-17
3.335026E+03	2.912588E-16	1.432501E-17
3.344981E+03	2.923572E-16	1.432547E-17
3.354936E+03	2.932118E-16	1.431350E-17
3.364892E+03	2.938107E-16	1.428866E-17
3.374847E+03	2.941397E-16	1.425041E-17
3.384802E+03	2.941939E-16	1.419867E-17
3.394758E+03	2.939581E-16	1.413286E-17
3.404713E+03	2.934362E-16	1.405332E-17
3.414668E+03	2.926178E-16	1.395974E-17
3.424623E+03	2.915039E-16	1.385232E-17
3.434579E+03	2.900988E-16	1.373143E-17
3.444534E+03	2.884056E-16	1.359739E-17
3.454489E+03	2.864380E-16	1.345101E-17
3.464445E+03	2.842054E-16	1.329288E-17
3.474400E+03	2.817210E-16	1.312379E-17
3.484355E+03	2.790047E-16	1.294479E-17
3.494311E+03	2.760767E-16	1.275695E-17
3.504266E+03	2.729687E-16	1.256187E-17
3.514221E+03	2.697017E-16	1.236061E-17
3.524176E+03	2.663147E-16	1.215504E-17
3.534132E+03	2.628442E-16	1.194690E-17
3.544087E+03	2.593320E-16	1.173814E-17
3.554042E+03	2.558174E-16	1.153055E-17
3.563998E+03	2.523445E-16	1.132613E-17
3.573953E+03	2.489623E-16	1.112704E-17
3.583908E+03	2.457075E-16	1.093486E-17
3.593864E+03	2.426250E-16	1.075152E-17
3.603819E+03	2.397507E-16	1.057852E-17
3.613774E+03	2.371183E-16	1.041720E-17
3.623729E+03	2.347641E-16	1.026904E-17
3.633685E+03	2.327233E-16	1.013540E-17
3.643640E+03	2.310263E-16	1.001742E-17
3.653595E+03	2.297115E-16	9.916574E-18
3.663551E+03	2.288047E-16	9.833751E-18
3.673506E+03	2.283398E-16	9.770169E-18
3.683461E+03	2.283483E-16	9.726921E-18
3.693417E+03	2.288609E-16	9.705038E-18
3.703372E+03	2.299033E-16	9.705319E-18
3.713327E+03	2.315054E-16	9.728724E-18
3.723282E+03	2.336908E-16	9.775922E-18
3.733238E+03	2.364842E-16	9.847605E-18
3.743193E+03	2.399049E-16	9.944231E-18
3.753148E+03	2.439661E-16	1.006599E-17
3.763104E+03	2.486737E-16	1.021277E-17
3.773059E+03	2.540268E-16	1.038415E-17
3.783014E+03	2.600191E-16	1.057952E-17
3.792970E+03	2.666214E-16	1.079735E-17
3.802925E+03	2.738034E-16	1.103606E-17
3.812880E+03	2.815185E-16	1.129345E-17
3.822835E+03	2.896966E-16	1.156645E-17
3.832791E+03	2.982573E-16	1.185160E-17
3.842746E+03	3.071039E-16	1.214487E-17
3.852701E+03	3.161201E-16	1.244152E-17
3.862657E+03	3.251761E-16	1.273640E-17
3.872612E+03	3.341277E-16	1.302387E-17
3.882567E+03	3.428291E-16	1.329835E-17
3.892523E+03	3.511272E-16	1.355408E-17
3.902478E+03	3.588765E-16	1.378573E-17
3.912433E+03	3.659371E-16	1.398827E-17
3.922388E+03	3.721839E-16	1.415734E-17
3.932344E+03	3.775181E-16	1.428969E-17
3.942299E+03	3.818615E-16	1.438289E-17
3.952254E+03	3.851578E-16	1.443540E-17
3.962210E+03	3.873933E-16	1.444731E-17
3.972165E+03	3.885720E-16	1.441938E-17
3.982120E+03	3.887316E-16	1.435359E-17
3.992076E+03	3.879310E-16	1.425268E-17
4.002031E+03	3.862477E-16	1.412004E-17
4.011986E+03	3.837838E-16	1.395985E-17
4.021941E+03	3.806386E-16	1.377617E-17
4.031897E+03	3.769261E-16	1.357346E-17
4.041852E+03	3.727572E-16	1.335602E-17
4.051807E+03	3.682363E-16	1.312782E-17
4.061763E+03	3.634632E-16	1.289258E-17
4.071718E+03	3.585338E-16	1.265384E-17
4.081673E+03	3.535233E-16	1.241431E-17
4.091629E+03	3.485007E-16	1.217646E-17
4.101584E+03	3.435312E-16	1.194254E-17
4.111539E+03	3.386541E-16	1.171390E-17
4.121494E+03	3.339085E-16	1.149183E-17
4.131450E+03	3.293224E-16	1.127722E-17
4.141405E+03	3.249141E-16	1.107060E-17
4.151360E+03	3.206954E-16	1.087229E-17
4.161316E+03	3.166751E-16	1.068249E-17
4.171271E+03	3.128587E-16	1.050128E-17
4.181226E+03	3.092502E-16	1.032869E-17
4.191182E+03	3.058540E-16	1.016475E-17
4.201137E+03	3.026757E-16	1.000957E-17
4.211092E+03	2.997204E-16	9.863186E-18
4.221047E+03	2.969981E-16	9.725829E-18
4.231003E+03	2.945251E-16	9.597920E-18
4.240958E+03	2.923183E-16	9.479894E-18
4.250913E+03	2.903921E-16	9.372088E-18
4.260869E+03	2.887708E-16	9.275162E-18
4.270824E+03	2.874793E-16	9.189774E-18
4.280779E+03	2.865445E-16	9.116640E-18
4.290735E+03	2.859938E-16	9.056478E-18
4.300690E+03	2.858549E-16	9.009999E-18
4.310645E+03	2.861625E-16	8.978126E-18
4.320601E+03	2.869346E-16	8.961244E-18
4.330556E+03	2.882002E-16	8.960078E-18
4.340511E+03	2.899833E-16	8.975183E-18
4.350466E+03	2.923013E-16	9.006902E-18
4.360422E+03	2.951721E-16	9.055587E-18
4.370377E+03	2.986186E-16	9.121741E-18
4.380332E+03	3.026539E-16	9.205570E-18
4.390288E+03	3.073019E-16	9.307604E-18
4.400243E+03	3.125795E-16	9.428163E-18
4.410198E+03	3.184817E-16	9.566903E-18
4.420154E+03	3.249969E-16	9.723303E-18
4.430109E+03	3.320919E-16	9.896210E-18
4.440064E+03	3.396997E-16	1.008349E-17
4.450019E+03	3.477291E-16	1.028234E-17
4.459975E+03	3.560535E-16	1.048897E-17
4.469930E+03	3.645168E-16	1.069876E-17
4.479885E+03	3.729282E-16	1.090618E-17
4.489841E+03	3.810719E-16	1.110503E-17
4.499796E+03	3.887185E-16	1.128882E-17
4.509751E+03	3.956256E-16	1.145076E-17
4.519707E+03	4.015525E-16	1.158418E-17
4.529662E+03	4.062823E-16	1.168322E-17
4.539617E+03	4.096180E-16	1.174259E-17
4.549572E+03	4.114000E-16	1.175817E-17
4.559528E+03	4.115501E-16	1.172815E-17
4.569483E+03	4.100301E-16	1.165188E-17
4.579438E+03	4.068672E-16	1.153054E-17
4.589394E+03	4.021814E-16	1.136788E-17
4.599349E+03	3.961435E-16	1.116903E-17
4.609304E+03	3.889503E-16	1.093978E-17
4.619260E+03	3.808636E-16	1.068766E-17
4.629215E+03	3.721335E-16	1.041978E-17
4.639170E+03	3.630246E-16	1.014358E-17
4.649125E+03	3.537736E-16	9.865656E-18
4.659081E+03	3.445955E-16	9.591933E-18
4.669036E+03	3.356690E-16	9.327289E-18
4.678991E+03	3.271207E-16	9.075118E-18
4.688947E+03	3.190500E-16	8.838045E-18
4.698902E+03	3.115046E-16	8.617263E-18
4.708857E+03	3.044723E-16	8.412302E-18
4.718813E+03	2.979179E-16	8.222074E-18
4.728768E+03	2.917749E-16	8.044642E-18
4.738723E+03	2.859484E-16	7.877294E-18
4.748678E+03	2.803393E-16	7.717203E-18
4.758634E+03	2.748968E-16	7.562882E-18
4.768589E+03	2.695837E-16	7.413230E-18
4.778544E+03	2.644199E-16	7.268715E-18
4.788500E+03	2.594802E-16	7.131321E-18
4.798455E+03	2.548329E-16	7.002852E-18
4.808410E+03	2.505393E-16	6.884935E-18
4.818366E+03	2.466673E-16	6.779374E-18
4.828321E+03	2.432606E-16	6.687325E-18
4.838276E+03	2.403483E-16	6.609550E-18
4.848231E+03	2.379513E-16	6.546595E-18
4.858187E+03	2.360738E-16	6.498560E-18
4.868142E+03	2.347054E-16	6.465152E-18
4.878097E+03	2.338368E-16	6.446109E-18
4.888053E+03	2.334453E-16	6.440821E-18
4.898008E+03	2.335134E-16	6.448815E-18
4.907963E+03	2.340200E-16	6.469531E-18
4.917919E+03	2.349387E-16	6.502265E-18
4.927874E+03	2.362486E-16	6.546467E-18
4.937829E+03	2.379289E-16	6.601592E-18
4.947784E+03	2.399711E-16	6.667445E-18
4.957740E+03	2.423684E-16	6.743871E-18
4.967695E+03	2.451186E-16	6.830857E-18
4.977650E+03	2.482174E-16	6.928330E-18
4.987606E+03	2.516699E-16	7.036483E-18
4.997561E+03	2.554711E-16	7.155230E-18
5.007516E+03	2.596163E-16	7.284496E-18
5.017472E+03	2.641028E-16	7.424269E-18
5.027427E+03	2.689226E-16	7.574384E-18
5.037382E+03	2.740658E-16	7.734630E-18
5.047337E+03	2.795226E-16	7.904794E-18
5.057293E+03	2.852832E-16	8.084662E-18
5.067248E+03	2.913299E-16	8.273802E-18
5.077203E+03	2.976469E-16	8.471827E-18
5.087159E+03	3.042207E-16	8.678415E-18
5.097114E+03	3.110227E-16	8.892814E-18
5.107069E+03	3.180336E-16	9.114524E-18
5.117025E+03	3.252140E-16	9.342474E-18
5.126980E+03	3.325324E-16	9.575800E-18
5.136935E+03	3.399410E-16	9.813167E-18
5.146890E+03	3.473884E-16	1.005311E-17
5.156846E+03	3.548117E-16	1.029384E-17
5.166801E+03	3.621362E-16	1.053317E-17
5.176756E+03	3.692855E-16	1.076887E-17
5.186712E+03	3.761749E-16	1.099843E-17
5.196667E+03	3.827284E-16	1.121957E-17
5.206622E+03	3.888518E-16	1.142945E-17
5.216578E+03	3.944722E-16	1.162581E-17
5.226533E+03	3.995200E-16	1.180649E-17
5.236488E+03	4.039352E-16	1.196957E-17
5.246443E+03	4.076651E-16	1.211333E-17
5.256399E+03	4.106840E-16	1.223683E-17
5.266354E+03	4.129739E-16	1.233935E-17
5.276309E+03	4.145378E-16	1.242080E-17
5.286265E+03	4.153897E-16	1.248140E-17
5.296220E+03	4.155634E-16	1.252198E-17
5.306175E+03	4.150880E-16	1.254323E-17
5.316131E+03	4.140100E-16	1.254640E-17
5.326086E+03	4.123767E-16	1.253274E-17
5.336041E+03	4.102429E-16	1.250377E-17
5.345996E+03	4.076520E-16	1.246069E-17
5.355952E+03	4.046674E-16	1.240528E-17
5.365907E+03	4.013394E-16	1.233899E-17
5.375862E+03	3.977202E-16	1.226331E-17
5.385818E+03	3.938534E-16	1.217952E-17
5.395773E+03	3.897827E-16	1.208888E-17
5.405728E+03	3.855485E-16	1.199259E-17
5.415684E+03	3.811733E-16	1.189128E-17
5.425639E+03	3.766873E-16	1.178586E-17
5.435594E+03	3.721085E-16	1.167685E-17
5.445549E+03	3.674621E-16	1.156501E-17
5.455505E+03	3.627877E-16	1.145156E-17
5.465460E+03	3.581181E-16	1.133752E-17
5.475415E+03	3.535091E-16	1.122465E-17
5.485371E+03	3.490063E-16	1.111440E-17
5.495326E+03	3.446744E-16	1.100886E-17
5.505281E+03	3.405638E-16	1.090967E-17
5.515237E+03	3.367248E-16	1.081850E-17
5.525192E+03	3.331982E-16	1.073674E-17
5.535147E+03	3.300324E-16	1.066602E-17
5.545102E+03	3.272502E-16	1.060718E-17
5.555058E+03	3.248783E-16	1.056118E-17
5.565013E+03	3.229389E-16	1.052885E-17
5.574968E+03	3.214518E-16	1.051097E-17
5.584924E+03	3.204255E-16	1.050793E-17
5.594879E+03	3.198736E-16	1.052030E-17
5.604834E+03	3.198016E-16	1.054839E-17
5.614790E+03	3.202085E-16	1.059231E-17
5.624745E+03	3.210944E-16	1.065217E-17
5.634700E+03	3.224453E-16	1.072766E-17
5.644655E+03	3.242492E-16	1.081849E-17
5.654611E+03	3.264911E-16	1.092429E-17
5.664566E+03	3.291469E-16	1.104437E-17
5.674521E+03	3.321875E-16	1.117786E-17
5.684477E+03	3.355804E-16	1.132375E-17
5.694432E+03	3.392958E-16	1.148116E-17
5.704387E+03	3.432862E-16	1.164853E-17
5.714343E+03	3.475150E-16	1.182471E-17
5.724298E+03	3.519369E-16	1.200820E-17
5.734253E+03	3.565002E-16	1.219728E-17
5.744209E+03	3.611568E-16	1.239034E-17
5.754164E+03	3.658532E-16	1.258556E-17
5.764119E+03	3.705252E-16	1.278072E-17
5.774074E+03	3.751079E-16	1.297356E-17
5.784030E+03	3.795375E-16	1.316185E-17
5.793985E+03	3.837322E-16	1.334268E-17
5.803940E+03	3.876233E-16	1.351360E-17
5.813896E+03	3.911368E-16	1.367193E-17
5.823851E+03	3.942036E-16	1.381513E-17
5.833806E+03	3.967669E-16	1.394109E-17
5.843762E+03	3.987645E-16	1.404746E-17
5.853717E+03	4.001627E-16	1.413290E-17
5.863672E+03	4.009267E-16	1.419602E-17
5.873627E+03	4.010351E-16	1.423588E-17
5.883583E+03	4.004792E-16	1.425199E-17
5.893538E+03	3.992617E-16	1.424428E-17
5.903493E+03	3.973963E-16	1.421304E-17
5.913449E+03	3.948938E-16	1.415851E-17
5.923404E+03	3.917842E-16	1.408158E-17
5.933359E+03	3.881071E-16	1.398354E-17
5.943315E+03	3.839071E-16	1.386584E-17
5.953270E+03	3.792297E-16	1.372999E-17
5.963225E+03	3.741438E-16	1.357839E-17
5.973180E+03	3.687052E-16	1.341295E-17
5.983136E+03	3.630040E-16	1.323688E-17
5.993091E+03	3.571092E-16	1.305263E-17
6.003046E+03	3.511075E-16	1.286335E-17
6.013002E+03	3.450930E-16	1.267246E-17
6.022957E+03	3.391487E-16	1.248302E-17
6.032912E+03	3.333607E-16	1.229823E-17
6.042868E+03	3.278032E-16	1.212089E-17
6.052823E+03	3.225578E-16	1.195408E-17
6.062778E+03	3.176798E-16	1.179995E-17
6.072733E+03	3.132358E-16	1.166106E-17
6.082689E+03	3.092665E-16	1.153905E-17
6.092644E+03	3.058031E-16	1.143522E-17
6.102599E+03	3.028690E-16	1.135056E-17
6.112555E+03	3.004729E-16	1.128555E-17
6.122510E+03	2.986033E-16	1.123988E-17
6.132465E+03	2.972370E-16	1.121283E-17
6.142421E+03	2.963323E-16	1.120292E-17
6.152376E+03	2.958179E-16	1.120759E-17
6.162331E+03	2.956194E-16	1.122410E-17
6.172286E+03	2.956378E-16	1.124876E-17
6.182242E+03	2.957698E-16	1.127769E-17
6.192197E+03	2.959082E-16	1.130682E-17
6.202152E+03	2.959507E-16	1.133223E-17
6.212108E+03	2.958271E-16	1.135120E-17
6.222063E+03	2.954984E-16	1.136220E-17
6.232018E+03	2.949612E-16	1.136504E-17
6.241974E+03	2.942434E-16	1.136076E-17
6.251929E+03	2.934012E-16	1.135148E-17
6.261884E+03	2.924888E-16	1.133927E-17
6.271839E+03	2.915633E-16	1.132635E-17
6.281795E+03	2.906842E-16	1.131501E-17
6.291750E+03	2.898973E-16	1.130707E-17
6.301705E+03	2.892321E-16	1.130369E-17
6.311661E+03	2.887185E-16	1.130608E-17
6.321616E+03	2.883743E-16	1.131496E-17
6.331571E+03	2.882026E-16	1.133051E-17
6.341527E+03	2.882152E-16	1.135322E-17
6.351482E+03	2.884091E-16	1.138303E-17
6.361437E+03	2.887797E-16	1.141978E-17
6.371392E+03	2.893207E-16	1.146326E-17
6.381348E+03	2.900280E-16	1.151335E-17
6.391303E+03	2.908831E-16	1.156935E-17
6.401258E+03	2.918782E-16	1.163096E-17
6.411214E+03	2.929893E-16	1.169727E-17
6.421169E+03	2.941895E-16	1.176722E-17
6.431124E+03	2.954530E-16	1.183980E-17
6.441080E+03	2.967423E-16	1.191350E-17
6.451035E+03	2.980221E-16	1.198690E-17
6.460990E+03	2.992424E-16	1.205800E-17
6.470945E+03	3.003685E-16	1.212536E-17
6.480901E+03	3.013601E-16	1.218734E-17
6.490856E+03	3.021800E-16	1.224240E-17
6.500811E+03	3.028074E-16	1.228964E-17
6.510767E+03	3.032300E-16	1.232853E-17
6.520722E+03	3.034488E-16	1.235906E-17
6.530677E+03	3.034737E-16	1.238159E-17
6.540633E+03	3.033291E-16	1.239707E-17
6.550588E+03	3.030341E-16	1.240625E-17
6.560543E+03	3.026094E-16	1.240993E-17
6.570498E+03	3.020792E-16	1.240909E-17
6.580454E+03	3.014595E-16	1.240437E-17
6.590409E+03	3.007512E-16	1.239577E-17
6.600364E+03	2.999612E-16	1.238358E-17
6.610320E+03	2.990831E-16	1.236749E-17
6.620275E+03	2.981183E-16	1.234756E-17
6.630230E+03	2.970469E-16	1.232294E-17
6.640186E+03	2.958611E-16	1.229329E-17
6.650141E+03	2.945569E-16	1.225841E-17
6.660096E+03	2.931295E-16	1.221809E-17
6.670051E+03	2.915743E-16	1.217211E-17
6.680007E+03	2.898936E-16	1.212054E-17
6.689962E+03	2.881001E-16	1.206390E-17
6.699917E+03	2.862012E-16	1.200246E-17
6.709873E+03	2.842148E-16	1.193697E-17
6.719828E+03	2.821474E-16	1.186769E-17
6.729783E+03	2.800280E-16	1.179582E-17
6.739739E+03	2.778649E-16	1.172171E-17
6.749694E+03	2.756873E-16	1.164658E-17
6.759649E+03	2.735043E-16	1.157083E-17
6.769604E+03	2.713356E-16	1.149528E-17
6.779560E+03	2.691944E-16	1.142050E-17
6.789515E+03	2.670876E-16	1.134681E-17
6.799470E+03	2.650276E-16	1.127472E-17
6.809426E+03	2.630153E-16	1.120429E-17
6.819381E+03	2.610599E-16	1.113594E-17
6.829336E+03	2.591525E-16	1.106927E-17
6.839292E+03	2.573024E-16	1.100472E-17
6.849247E+03	2.555049E-16	1.094208E-17
6.859202E+03	2.537586E-16	1.088131E-17
6.869157E+03	2.520580E-16	1.082219E-17
6.879113E+03	2.504119E-16	1.076511E-17
6.889068E+03	2.488028E-16	1.070932E-17
6.899023E+03	2.472417E-16	1.065530E-17
6.908979E+03	2.457163E-16	1.060254E-17
6.918934E+03	2.442228E-16	1.055088E-17
6.928889E+03	2.427630E-16	1.050041E-17
6.938845E+03	2.413302E-16	1.045085E-17
6.948800E+03	2.399220E-16	1.040209E-17
6.958755E+03	2.385372E-16	1.035409E-17
6.968710E+03	2.371757E-16	1.030686E-17
6.978666E+03	2.358345E-16	1.026027E-17
6.988621E+03	2.345069E-16	1.021404E-17
6.998576E+03	2.332012E-16	1.016853E-17
7.008532E+03	2.319018E-16	1.012307E-17
7.018487E+03	2.306218E-16	1.007823E-17
7.028442E+03	2.293473E-16	1.003342E-17
7.038398E+03	2.280850E-16	9.988926E-18
7.048353E+03	2.268287E-16	9.944484E-18
7.058308E+03	2.255779E-16	9.900075E-18
7.068263E+03	2.243345E-16	9.855789E-18
7.078219E+03	2.230882E-16	9.811178E-18
7.088174E+03	2.218438E-16	9.766454E-18
7.098129E+03	2.205956E-16	9.721372E-18
7.108085E+03	2.193481E-16	9.676130E-18
7.118040E+03	2.181024E-16	9.630782E-18
7.127995E+03	2.168526E-16	9.585072E-18
7.137951E+03	2.156029E-16	9.539184E-18
7.147906E+03	2.143445E-16	9.492736E-18
7.157861E+03	2.130839E-16	9.446016E-18
7.167817E+03	2.118158E-16	9.398791E-18
7.177772E+03	2.105365E-16	9.350903E-18
7.187727E+03	2.092501E-16	9.302538E-18
7.197682E+03	2.079591E-16	9.253801E-18
7.207638E+03	2.066646E-16	9.204747E-18
7.217593E+03	2.053712E-16	9.155591E-18
7.227548E+03	2.040868E-16	9.106679E-18
7.237504E+03	2.028206E-16	9.058432E-18
7.247459E+03	2.015798E-16	9.011181E-18
7.257414E+03	2.003644E-16	8.964924E-18
7.267370E+03	1.991911E-16	8.920420E-18
7.277325E+03	1.980610E-16	8.877721E-18
7.287280E+03	1.969747E-16	8.836873E-18
7.297235E+03	1.959413E-16	8.798286E-18
7.307191E+03	1.949544E-16	8.761680E-18
7.317146E+03	1.940155E-16	8.727140E-18
7.327101E+03	1.931265E-16	8.694750E-18
7.337057E+03	1.922825E-16	8.664302E-18
7.347012E+03	1.914871E-16	8.635970E-18
7.356967E+03	1.907285E-16	8.609225E-18
7.366923E+03	1.900134E-16	8.584378E-18
7.376878E+03	1.893337E-16	8.561074E-18
7.386833E+03	1.886950E-16	8.539571E-18
7.396788E+03	1.880939E-16	8.519727E-18
7.406744E+03	1.875328E-16	8.501652E-18
7.416699E+03	1.870193E-16	8.485702E-18
7.426654E+03	1.865515E-16	8.471797E-18
7.436610E+03	1.861439E-16	8.460610E-18
7.446565E+03	1.857911E-16	8.451900E-18
7.456520E+03	1.855004E-16	8.446011E-18
7.466476E+03	1.852663E-16	8.442698E-18
7.476431E+03	1.850977E-16	8.442380E-18
7.486386E+03	1.849828E-16	8.444527E-18
7.496341E+03	1.849118E-16	8.448702E-18
7.506297E+03	1.848771E-16	8.454557E-18
7.516252E+03	1.848621E-16	8.461343E-18
7.526207E+03	1.848567E-16	8.468602E-18
7.536163E+03	1.848335E-16	8.475081E-18
7.546118E+03	1.847746E-16	8.479956E-18
7.556073E+03	1.846633E-16	8.482462E-18
7.566029E+03	1.844779E-16	8.481592E-18
7.575984E+03	1.842072E-16	8.476828E-18
7.585939E+03	1.838386E-16	8.467573E-18
7.595894E+03	1.833776E-16	8.454080E-18
7.605850E+03	1.828178E-16	8.436039E-18
7.615805E+03	1.821754E-16	8.414184E-18
7.625760E+03	1.814538E-16	8.388667E-18
7.635716E+03	1.806726E-16	8.360389E-18
7.645671E+03	1.798360E-16	8.329535E-18
7.655626E+03	1.789644E-16	8.297045E-18
7.665582E+03	1.780627E-16	8.263140E-18
7.675537E+03	1.771383E-16	8.228167E-18
7.685492E+03	1.761975E-16	8.192419E-18
7.695447E+03	1.752426E-16	8.155992E-18
7.705403E+03	1.742741E-16	8.118917E-18
7.715358E+03	1.732876E-16	8.080983E-18
7.725313E+03	1.722880E-16	8.042423E-18
7.735269E+03	1.712642E-16	8.002713E-18
7.745224E+03	1.702137E-16	7.961735E-18
7.755179E+03	1.691385E-16	7.919577E-18
7.765135E+03	1.680342E-16	7.876038E-18
7.775090E+03	1.669031E-16	7.831217E-18
7.785045E+03	1.657449E-16	7.785093E-18
7.795000E+03	1.645693E-16	7.738125E-18
7.804956E+03	1.633802E-16	7.690492E-18
7.814911E+03	1.621821E-16	7.642407E-18
7.824866E+03	1.609882E-16	7.594487E-18
7.834822E+03	1.598002E-16	7.546812E-18
7.844777E+03	1.586293E-16	7.499919E-18
7.854732E+03	1.574782E-16	7.453940E-18
7.864688E+03	1.563477E-16	7.408905E-18
7.874643E+03	1.552368E-16	7.364784E-18
7.884598E+03	1.541348E-16	7.321060E-18
7.894553E+03	1.530335E-16	7.277354E-18
7.904509E+03	1.519208E-16	7.233084E-18
7.914464E+03	1.507651E-16	7.186744E-18
7.924419E+03	1.495480E-16	7.137447E-18
7.934375E+03	1.482270E-16	7.083153E-18
7.944330E+03	1.467713E-16	7.022361E-18
7.954285E+03	1.451412E-16	6.953138E-18
7.964241E+03	1.432937E-16	6.873393E-18
7.974196E+03	1.411956E-16	6.781481E-18
7.984151E+03	1.388278E-16	6.676433E-18
7.994106E+03	1.361735E-16	6.557378E-18
8.004062E+03	1.332449E-16	6.424851E-18
8.014017E+03	1.300767E-16	6.280467E-18
8.023972E+03	1.267183E-16	6.126560E-18
8.033928E+03	1.232294E-16	5.965970E-18
8.043883E+03	1.196763E-16	5.801886E-18
8.053838E+03	1.161258E-16	5.637525E-18
8.063794E+03	1.126345E-16	5.475637E-18
8.073749E+03	1.092613E-16	5.319085E-18
8.083704E+03	1.060479E-16	5.169930E-18
8.093659E+03	1.030257E-16	5.029724E-18
8.103615E+03	1.002235E-16	4.899916E-18
8.113570E+03	9.765824E-17	4.781366E-18
8.123525E+03	9.534075E-17	4.674657E-18
8.133481E+03	9.327762E-17	4.580158E-18
8.143436E+03	9.147033E-17	4.497994E-18
8.153391E+03	8.991757E-17	4.428150E-18
8.163347E+03	8.861878E-17	4.370652E-18
8.173302E+03	8.756340E-17	4.325032E-18
8.183257E+03	8.674946E-17	4.291242E-18
8.193212E+03	8.616788E-17	4.268884E-18
8.203168E+03	8.581351E-17	4.257755E-18
8.213123E+03	8.567432E-17	4.257305E-18
8.223078E+03	8.574576E-17	4.267357E-18
8.233034E+03	8.602248E-17	4.287690E-18
8.242989E+03	8.649255E-17	4.317756E-18
8.252944E+03	8.715348E-17	4.357476E-18
8.262900E+03	8.799302E-17	4.406280E-18
8.272855E+03	8.900606E-17	4.463954E-18
8.282810E+03	9.018511E-17	4.530163E-18
8.292765E+03	9.151928E-17	4.604400E-18
8.302721E+03	9.300249E-17	4.686395E-18
8.312676E+03	9.462322E-17	4.775605E-18
8.322631E+03	9.637493E-17	4.871733E-18
8.332587E+03	9.824823E-17	4.974337E-18
8.342542E+03	1.002276E-16	5.082661E-18
8.352497E+03	1.023087E-16	5.196509E-18
8.362453E+03	1.044780E-16	5.315224E-18
8.372408E+03	1.067246E-16	5.438275E-18
8.382363E+03	1.090372E-16	5.565097E-18
8.392318E+03	1.114036E-16	5.695100E-18
8.402274E+03	1.138122E-16	5.827690E-18
8.412229E+03	1.162476E-16	5.962102E-18
8.422184E+03	1.187016E-16	6.097914E-18
8.432140E+03	1.211593E-16	6.234374E-18
8.442095E+03	1.236135E-16	6.371110E-18
8.452050E+03	1.260541E-16	6.507599E-18
8.462006E+03	1.284642E-16	6.642973E-18
8.471961E+03	1.308428E-16	6.777174E-18
8.481916E+03	1.331751E-16	6.909420E-18
8.491871E+03	1.354624E-16	7.039777E-18
8.501827E+03	1.376917E-16	7.167555E-18
8.511782E+03	1.398633E-16	7.292756E-18
8.521737E+03	1.419740E-16	7.415200E-18
8.531693E+03	1.440170E-16	7.534521E-18
8.541648E+03	1.459949E-16	7.650831E-18
8.551603E+03	1.478974E-16	7.763587E-18
8.561559E+03	1.497327E-16	7.873186E-18
8.571514E+03	1.514958E-16	7.979359E-18
8.581469E+03	1.531870E-16	8.082102E-18
8.591425E+03	1.548020E-16	8.181171E-18
8.601380E+03	1.563517E-16	8.277119E-18
8.611335E+03	1.578234E-16	8.369263E-18
8.621290E+03	1.592289E-16	8.458210E-18
8.631246E+03	1.605663E-16	8.543831E-18
8.641201E+03	1.618338E-16	8.626026E-18
8.651156E+03	1.630447E-16	8.705486E-18
8.661112E+03	1.641928E-16	8.781852E-18
8.671067E+03	1.652867E-16	8.855584E-18
8.681022E+03	1.663238E-16	8.926527E-18
8.690978E+03	1.673066E-16	8.994789E-18
8.700933E+03	1.682366E-16	9.060447E-18
8.710888E+03	1.691139E-16	9.123493E-18
8.720843E+03	1.699325E-16	9.183580E-18
8.730799E+03	1.706966E-16	9.240931E-18
8.740754E+03	1.713985E-16	9.295108E-18
8.750709E+03	1.720410E-16	9.346248E-18
8.760665E+03	1.726099E-16	9.393558E-18
8.770620E+03	1.731061E-16	9.437075E-18
8.780575E+03	1.735252E-16	9.476533E-18
8.790531E+03	1.738636E-16	9.511715E-18
8.800486E+03	1.741127E-16	9.542132E-18
8.810441E+03	1.742832E-16	9.568333E-18
8.820396E+03	1.743686E-16	9.589953E-18
8.830352E+03	1.743696E-16	9.606998E-18
8.840307E+03	1.742876E-16	9.619526E-18
8.850262E+03	1.741312E-16	9.627985E-18
8.860218E+03	1.738976E-16	9.632199E-18
8.870173E+03	1.736035E-16	9.633071E-18
8.880128E+03	1.732423E-16	9.630219E-18
8.890084E+03	1.728392E-16	9.625026E-18
8.900039E+03	1.723904E-16	9.617265E-18
8.909994E+03	1.719124E-16	9.607847E-18
8.919949E+03	1.714128E-16	9.597184E-18
8.929905E+03	1.708999E-16	9.585736E-18
8.939860E+03	1.703752E-16	9.573578E-18
8.949815E+03	1.698414E-16	9.560858E-18
8.959771E+03	1.692958E-16	9.547416E-18
8.999592E+03	1.671913E-16	9.497470E-18
9.039413E+03	1.653273E-16	9.460249E-18
9.079234E+03	1.638162E-16	9.442407E-18
9.119055E+03	1.624882E-16	9.434402E-18
9.158877E+03	1.611268E-16	9.423700E-18
9.198698E+03	1.595163E-16	9.397450E-18
9.238519E+03	1.575428E-16	9.348467E-18
9.278340E+03	1.551673E-16	9.273874E-18
9.318161E+03	1.524031E-16	9.173875E-18
9.357983E+03	1.492926E-16	9.050462E-18
9.397804E+03	1.458975E-16	8.906898E-18
9.437625E+03	1.422600E-16	8.745363E-18
9.477446E+03	1.384261E-16	8.568349E-18
9.517267E+03	1.344631E-16	8.379767E-18
9.557089E+03	1.304232E-16	8.182714E-18
9.596910E+03	1.264044E-16	7.983265E-18
9.636731E+03	1.225267E-16	7.789065E-18
9.676552E+03	1.188910E-16	7.606757E-18
9.716373E+03	1.155855E-16	7.442319E-18
9.756195E+03	1.126453E-16	7.298432E-18
9.796016E+03	1.100869E-16	7.176625E-18
9.835837E+03	1.079066E-16	7.077124E-18
9.875658E+03	1.060836E-16	6.999011E-18
9.915479E+03	1.045636E-16	6.939104E-18
9.955301E+03	1.032998E-16	6.894640E-18
9.995122E+03	1.022682E-16	6.864303E-18
1.003494E+04	1.014094E-16	6.844356E-18
1.007476E+04	1.006657E-16	6.831069E-18
1.011459E+04	9.998924E-17	6.821307E-18
1.015441E+04	9.936201E-17	6.813912E-18
1.019423E+04	9.877094E-17	6.808038E-18
1.023405E+04	9.821062E-17	6.803353E-18
1.027387E+04	9.768948E-17	6.800478E-18
