#wls	flux	fluxerr
1.592848E+03	4.218990E-18	4.271795E-18
1.632669E+03	4.437520E-18	4.454795E-18
1.672491E+03	4.643393E-18	4.620908E-18
1.712312E+03	4.833073E-18	4.766906E-18
1.752133E+03	5.001976E-18	4.888671E-18
1.791954E+03	5.141909E-18	4.978769E-18
1.831775E+03	5.240379E-18	5.025955E-18
1.871597E+03	5.285977E-18	5.020499E-18
1.911418E+03	5.263894E-18	4.949934E-18
1.951239E+03	5.167197E-18	4.809725E-18
1.991060E+03	5.002288E-18	4.607934E-18
2.030881E+03	4.798145E-18	4.373002E-18
2.070703E+03	4.611566E-18	4.157356E-18
2.110524E+03	4.520624E-18	4.030137E-18
2.150345E+03	4.594668E-18	4.049630E-18
2.190166E+03	4.873881E-18	4.245800E-18
2.229987E+03	5.354559E-18	4.609054E-18
2.269809E+03	6.004260E-18	5.105372E-18
2.309630E+03	6.775937E-18	5.689703E-18
2.349451E+03	7.622659E-18	6.318986E-18
2.389272E+03	8.510504E-18	6.962752E-18
2.429093E+03	9.416956E-18	7.601172E-18
2.468915E+03	1.033273E-17	8.225922E-18
2.508736E+03	1.125118E-17	8.831141E-18
2.548557E+03	1.217628E-17	9.419491E-18
2.588378E+03	1.310582E-17	9.988739E-18
2.628199E+03	1.404736E-17	1.054408E-17
2.668021E+03	1.500343E-17	1.108663E-17
2.707842E+03	1.597822E-17	1.161859E-17
2.747663E+03	1.697786E-17	1.214336E-17
2.787484E+03	1.800371E-17	1.266067E-17
2.827305E+03	1.906096E-17	1.317280E-17
2.867127E+03	2.015206E-17	1.367993E-17
2.906948E+03	2.128368E-17	1.418489E-17
2.946769E+03	2.245457E-17	1.468500E-17
2.986590E+03	2.367017E-17	1.518189E-17
2.996546E+03	2.398137E-17	1.530557E-17
3.006501E+03	2.429643E-17	1.542956E-17
3.016456E+03	2.461533E-17	1.555381E-17
3.026411E+03	2.493582E-17	1.567686E-17
3.036367E+03	2.526233E-17	1.580145E-17
3.046322E+03	2.559653E-17	1.592857E-17
3.056277E+03	2.593637E-17	1.605687E-17
3.066233E+03	2.628648E-17	1.618913E-17
3.076188E+03	2.664092E-17	1.632161E-17
3.086143E+03	2.700447E-17	1.645718E-17
3.096099E+03	2.737120E-17	1.659214E-17
3.106054E+03	2.774600E-17	1.672941E-17
3.116009E+03	2.812566E-17	1.686698E-17
3.125964E+03	2.850701E-17	1.700289E-17
3.135920E+03	2.889775E-17	1.714170E-17
3.145875E+03	2.928928E-17	1.727824E-17
3.155830E+03	2.968667E-17	1.741545E-17
3.165786E+03	3.008682E-17	1.755148E-17
3.175741E+03	3.048931E-17	1.768604E-17
3.185696E+03	3.089660E-17	1.782051E-17
3.195652E+03	3.130834E-17	1.795466E-17
3.205607E+03	3.172147E-17	1.808667E-17
3.215562E+03	3.213845E-17	1.821792E-17
3.225517E+03	3.255620E-17	1.834663E-17
3.235473E+03	3.298007E-17	1.847579E-17
3.245428E+03	3.340417E-17	1.860204E-17
3.255383E+03	3.383106E-17	1.872680E-17
3.265339E+03	3.426051E-17	1.884990E-17
3.275294E+03	3.469230E-17	1.897119E-17
3.285249E+03	3.512620E-17	1.909051E-17
3.295205E+03	3.556482E-17	1.920925E-17
3.305160E+03	3.600235E-17	1.932423E-17
3.315115E+03	3.644424E-17	1.943836E-17
3.325070E+03	3.688748E-17	1.955000E-17
3.335026E+03	3.733474E-17	1.966053E-17
3.344981E+03	3.778304E-17	1.976836E-17
3.354936E+03	3.823507E-17	1.987484E-17
3.364892E+03	3.869068E-17	1.997987E-17
3.374847E+03	3.914695E-17	2.008190E-17
3.384802E+03	3.960941E-17	2.018375E-17
3.394758E+03	4.007234E-17	2.028243E-17
3.404713E+03	4.053852E-17	2.037935E-17
3.414668E+03	4.100789E-17	2.047443E-17
3.424623E+03	4.148320E-17	2.056899E-17
3.434579E+03	4.196172E-17	2.066162E-17
3.444534E+03	4.244343E-17	2.075227E-17
3.454489E+03	4.293122E-17	2.084232E-17
3.464445E+03	4.342242E-17	2.093040E-17
3.474400E+03	4.391996E-17	2.101787E-17
3.484355E+03	4.442401E-17	2.110474E-17
3.494311E+03	4.493483E-17	2.119106E-17
3.504266E+03	4.545271E-17	2.127689E-17
3.514221E+03	4.597533E-17	2.136107E-17
3.524176E+03	4.650852E-17	2.144623E-17
3.534132E+03	4.705277E-17	2.153249E-17
3.544087E+03	4.760323E-17	2.161752E-17
3.554042E+03	4.816593E-17	2.170396E-17
3.563998E+03	4.874158E-17	2.179200E-17
3.573953E+03	4.933089E-17	2.188180E-17
3.583908E+03	4.993208E-17	2.197245E-17
3.593864E+03	5.054871E-17	2.206535E-17
3.603819E+03	5.118441E-17	2.216192E-17
3.613774E+03	5.183759E-17	2.226125E-17
3.623729E+03	5.250936E-17	2.236364E-17
3.633685E+03	5.320086E-17	2.246936E-17
3.643640E+03	5.391598E-17	2.257982E-17
3.653595E+03	5.465336E-17	2.269421E-17
3.663551E+03	5.541950E-17	2.281494E-17
3.673506E+03	5.621054E-17	2.294014E-17
3.683461E+03	5.703296E-17	2.307216E-17
3.693417E+03	5.788292E-17	2.320911E-17
3.703372E+03	5.876692E-17	2.335327E-17
3.713327E+03	5.968360E-17	2.350374E-17
3.723282E+03	6.063678E-17	2.366165E-17
3.733238E+03	6.162498E-17	2.382603E-17
3.743193E+03	6.265437E-17	2.399886E-17
3.753148E+03	6.372067E-17	2.417806E-17
3.763104E+03	6.482722E-17	2.436449E-17
3.773059E+03	6.597449E-17	2.455787E-17
3.783014E+03	6.716546E-17	2.475887E-17
3.792970E+03	6.839500E-17	2.496513E-17
3.802925E+03	6.967075E-17	2.517898E-17
3.812880E+03	7.098695E-17	2.539787E-17
3.822835E+03	7.234281E-17	2.562106E-17
3.832791E+03	7.374239E-17	2.584954E-17
3.842746E+03	7.517882E-17	2.608045E-17
3.852701E+03	7.665539E-17	2.631452E-17
3.862657E+03	7.816426E-17	2.654863E-17
3.872612E+03	7.970777E-17	2.678322E-17
3.882567E+03	8.127960E-17	2.701581E-17
3.892523E+03	8.287822E-17	2.724558E-17
3.902478E+03	8.449605E-17	2.746979E-17
3.912433E+03	8.612756E-17	2.768642E-17
3.922388E+03	8.777201E-17	2.789511E-17
3.932344E+03	8.941476E-17	2.809111E-17
3.942299E+03	9.105700E-17	2.827481E-17
3.952254E+03	9.268606E-17	2.844233E-17
3.962210E+03	9.430019E-17	2.859330E-17
3.972165E+03	9.588672E-17	2.872407E-17
3.982120E+03	9.744148E-17	2.883373E-17
3.992076E+03	9.895797E-17	2.892073E-17
4.002031E+03	1.004276E-16	2.898302E-17
4.011986E+03	1.018506E-16	2.902119E-17
4.021941E+03	1.032173E-16	2.903305E-17
4.031897E+03	1.045272E-16	2.901909E-17
4.041852E+03	1.057780E-16	2.897930E-17
4.051807E+03	1.069686E-16	2.891406E-17
4.061763E+03	1.080964E-16	2.882335E-17
4.071718E+03	1.091652E-16	2.870886E-17
4.081673E+03	1.101719E-16	2.857048E-17
4.091629E+03	1.111277E-16	2.841177E-17
4.101584E+03	1.120292E-16	2.823241E-17
4.111539E+03	1.128841E-16	2.803497E-17
4.121494E+03	1.136958E-16	2.782084E-17
4.131450E+03	1.144736E-16	2.759268E-17
4.141405E+03	1.152245E-16	2.735259E-17
4.151360E+03	1.159509E-16	2.710145E-17
4.161316E+03	1.166604E-16	2.684133E-17
4.171271E+03	1.173632E-16	2.657470E-17
4.181226E+03	1.180622E-16	2.630233E-17
4.191182E+03	1.187674E-16	2.602646E-17
4.201137E+03	1.194838E-16	2.574816E-17
4.211092E+03	1.202165E-16	2.546841E-17
4.221047E+03	1.209728E-16	2.518856E-17
4.231003E+03	1.217596E-16	2.490984E-17
4.240958E+03	1.225795E-16	2.463244E-17
4.250913E+03	1.234416E-16	2.435786E-17
4.260869E+03	1.243464E-16	2.408573E-17
4.270824E+03	1.253052E-16	2.381781E-17
4.280779E+03	1.263207E-16	2.355406E-17
4.290735E+03	1.273959E-16	2.329445E-17
4.300690E+03	1.285406E-16	2.304013E-17
4.310645E+03	1.297603E-16	2.279137E-17
4.320601E+03	1.310588E-16	2.254808E-17
4.330556E+03	1.324443E-16	2.231085E-17
4.340511E+03	1.339234E-16	2.207986E-17
4.350466E+03	1.355003E-16	2.185489E-17
4.360422E+03	1.371862E-16	2.163669E-17
4.370377E+03	1.389834E-16	2.142455E-17
4.380332E+03	1.409005E-16	2.121864E-17
4.390288E+03	1.429460E-16	2.101903E-17
4.400243E+03	1.451232E-16	2.082491E-17
4.410198E+03	1.474391E-16	2.063597E-17
4.420154E+03	1.498952E-16	2.045105E-17
4.430109E+03	1.524977E-16	2.026962E-17
4.440064E+03	1.552468E-16	2.009029E-17
4.450019E+03	1.581400E-16	1.991132E-17
4.459975E+03	1.611763E-16	1.973125E-17
4.469930E+03	1.643444E-16	1.954740E-17
4.479885E+03	1.676341E-16	1.935738E-17
4.489841E+03	1.710330E-16	1.915873E-17
4.499796E+03	1.745202E-16	1.894826E-17
4.509751E+03	1.780751E-16	1.872310E-17
4.519707E+03	1.816710E-16	1.848006E-17
4.529662E+03	1.852725E-16	1.821550E-17
4.539617E+03	1.888534E-16	1.792712E-17
4.549572E+03	1.923728E-16	1.761166E-17
4.559528E+03	1.957961E-16	1.726697E-17
4.569483E+03	1.990886E-16	1.689139E-17
4.579438E+03	2.022090E-16	1.648316E-17
4.589394E+03	2.051287E-16	1.604209E-17
4.599349E+03	2.078155E-16	1.556808E-17
4.609304E+03	2.102472E-16	1.506220E-17
4.619260E+03	2.124024E-16	1.452585E-17
4.629215E+03	2.142714E-16	1.396146E-17
4.639170E+03	2.158484E-16	1.337184E-17
4.649125E+03	2.171319E-16	1.276011E-17
4.659081E+03	2.181316E-16	1.213007E-17
4.669036E+03	2.188576E-16	1.148539E-17
4.678991E+03	2.193304E-16	1.083018E-17
4.688947E+03	2.195723E-16	1.016843E-17
4.698902E+03	2.196068E-16	9.503938E-18
4.708857E+03	2.194632E-16	8.840573E-18
4.718813E+03	2.191732E-16	8.182080E-18
4.728768E+03	2.187729E-16	7.532204E-18
4.738723E+03	2.182973E-16	6.894547E-18
4.748678E+03	2.177772E-16	6.272664E-18
4.758634E+03	2.172566E-16	5.670798E-18
4.768589E+03	2.167672E-16	5.093482E-18
4.778544E+03	2.163354E-16	4.546372E-18
4.788500E+03	2.159960E-16	4.037377E-18
4.798455E+03	2.157698E-16	3.577321E-18
4.808410E+03	2.156863E-16	3.181727E-18
4.818366E+03	2.157656E-16	2.871247E-18
4.828321E+03	2.160322E-16	2.670075E-18
4.838276E+03	2.165030E-16	2.598855E-18
4.848231E+03	2.171917E-16	2.661689E-18
4.858187E+03	2.181126E-16	2.840247E-18
4.868142E+03	2.192693E-16	3.106805E-18
4.878097E+03	2.206656E-16	3.434975E-18
4.888053E+03	2.223010E-16	3.804281E-18
4.898008E+03	2.241680E-16	4.200273E-18
4.907963E+03	2.262542E-16	4.613094E-18
4.917919E+03	2.285445E-16	5.036003E-18
4.927874E+03	2.310188E-16	5.464172E-18
4.937829E+03	2.336488E-16	5.893827E-18
4.947784E+03	2.363983E-16	6.321708E-18
4.957740E+03	2.392371E-16	6.745102E-18
4.967695E+03	2.421159E-16	7.160966E-18
4.977650E+03	2.449994E-16	7.566705E-18
4.987606E+03	2.478446E-16	7.959521E-18
4.997561E+03	2.506077E-16	8.336565E-18
5.007516E+03	2.532550E-16	8.695293E-18
5.017472E+03	2.557533E-16	9.033198E-18
5.027427E+03	2.580858E-16	9.348381E-18
5.037382E+03	2.602386E-16	9.639145E-18
5.047337E+03	2.622028E-16	9.904092E-18
5.057293E+03	2.639826E-16	1.014244E-17
5.067248E+03	2.655849E-16	1.035366E-17
5.077203E+03	2.670208E-16	1.053754E-17
5.087159E+03	2.683039E-16	1.069412E-17
5.097114E+03	2.694492E-16	1.082363E-17
5.107069E+03	2.704748E-16	1.092655E-17
5.117025E+03	2.713926E-16	1.100322E-17
5.126980E+03	2.722186E-16	1.105424E-17
5.136935E+03	2.729642E-16	1.108011E-17
5.146890E+03	2.736353E-16	1.108119E-17
5.156846E+03	2.742412E-16	1.105804E-17
5.166801E+03	2.747828E-16	1.101095E-17
5.176756E+03	2.752672E-16	1.094053E-17
5.186712E+03	2.756879E-16	1.084690E-17
5.196667E+03	2.760455E-16	1.073058E-17
5.206622E+03	2.763334E-16	1.059187E-17
5.216578E+03	2.765534E-16	1.043151E-17
5.226533E+03	2.766921E-16	1.024975E-17
5.236488E+03	2.767509E-16	1.004756E-17
5.246443E+03	2.767252E-16	9.825796E-18
5.256399E+03	2.766073E-16	9.585383E-18
5.266354E+03	2.763894E-16	9.327428E-18
5.276309E+03	2.760720E-16	9.053530E-18
5.286265E+03	2.756436E-16	8.765124E-18
5.296220E+03	2.751006E-16	8.464202E-18
5.306175E+03	2.744309E-16	8.152806E-18
5.316131E+03	2.736335E-16	7.833710E-18
5.326086E+03	2.726935E-16	7.509726E-18
5.336041E+03	2.716109E-16	7.184603E-18
5.345996E+03	2.703754E-16	6.862385E-18
5.355952E+03	2.689862E-16	6.548018E-18
5.365907E+03	2.674325E-16	6.246898E-18
5.375862E+03	2.657185E-16	5.965479E-18
5.385818E+03	2.638354E-16	5.710530E-18
5.395773E+03	2.617862E-16	5.489485E-18
5.405728E+03	2.595661E-16	5.309619E-18
5.415684E+03	2.571788E-16	5.177795E-18
5.425639E+03	2.546178E-16	5.099328E-18
5.435594E+03	2.518882E-16	5.077118E-18
5.445549E+03	2.489939E-16	5.107635E-18
5.455505E+03	2.459357E-16	5.183612E-18
5.465460E+03	2.427219E-16	5.296798E-18
5.475415E+03	2.393660E-16	5.438751E-18
5.485371E+03	2.358712E-16	5.601124E-18
5.495326E+03	2.322542E-16	5.776622E-18
5.505281E+03	2.285219E-16	5.958670E-18
5.515237E+03	2.246962E-16	6.142070E-18
5.525192E+03	2.207926E-16	6.322448E-18
5.535147E+03	2.168389E-16	6.496683E-18
5.545102E+03	2.128574E-16	6.662324E-18
5.555058E+03	2.088780E-16	6.817889E-18
5.565013E+03	2.049361E-16	6.962721E-18
5.574968E+03	2.010652E-16	7.096700E-18
5.584924E+03	1.973030E-16	7.220359E-18
5.594879E+03	1.936864E-16	7.334666E-18
5.604834E+03	1.902533E-16	7.441010E-18
5.614790E+03	1.870452E-16	7.541270E-18
5.624745E+03	1.840968E-16	7.637352E-18
5.634700E+03	1.814473E-16	7.731584E-18
5.644655E+03	1.791269E-16	7.826099E-18
5.654611E+03	1.771726E-16	7.923474E-18
5.664566E+03	1.756100E-16	8.025877E-18
5.674521E+03	1.744673E-16	8.135639E-18
5.684477E+03	1.737694E-16	8.254963E-18
5.694432E+03	1.735337E-16	8.385668E-18
5.704387E+03	1.737752E-16	8.529390E-18
5.714343E+03	1.745074E-16	8.687608E-18
5.724298E+03	1.757316E-16	8.861052E-18
5.734253E+03	1.774480E-16	9.050256E-18
5.744209E+03	1.796466E-16	9.255048E-18
5.754164E+03	1.823149E-16	9.474949E-18
5.764119E+03	1.854261E-16	9.708518E-18
5.774074E+03	1.889442E-16	9.953645E-18
5.784030E+03	1.928195E-16	1.020727E-17
5.793985E+03	1.969950E-16	1.046577E-17
5.803940E+03	2.013934E-16	1.072427E-17
5.813896E+03	2.059241E-16	1.097708E-17
5.823851E+03	2.104904E-16	1.121807E-17
5.833806E+03	2.149779E-16	1.144020E-17
5.843762E+03	2.192730E-16	1.163652E-17
5.853717E+03	2.232597E-16	1.180009E-17
5.863672E+03	2.268240E-16	1.192433E-17
5.873627E+03	2.298639E-16	1.200358E-17
5.883583E+03	2.322918E-16	1.203328E-17
5.893538E+03	2.340408E-16	1.201035E-17
5.903493E+03	2.350574E-16	1.193280E-17
5.913449E+03	2.353194E-16	1.180065E-17
5.923404E+03	2.348239E-16	1.161525E-17
5.933359E+03	2.335983E-16	1.137973E-17
5.943315E+03	2.316889E-16	1.109839E-17
5.953270E+03	2.291633E-16	1.077663E-17
5.963225E+03	2.261099E-16	1.042086E-17
5.973180E+03	2.226329E-16	1.003808E-17
5.983136E+03	2.188380E-16	9.635119E-18
5.993091E+03	2.148417E-16	9.218960E-18
6.003046E+03	2.107547E-16	8.795908E-18
6.013002E+03	2.066849E-16	8.371693E-18
6.022957E+03	2.027301E-16	7.951112E-18
6.032912E+03	1.989799E-16	7.538140E-18
6.042868E+03	1.955128E-16	7.135809E-18
6.052823E+03	1.923937E-16	6.746167E-18
6.062778E+03	1.896783E-16	6.370502E-18
6.072733E+03	1.874098E-16	6.009283E-18
6.082689E+03	1.856263E-16	5.662468E-18
6.092644E+03	1.843544E-16	5.329368E-18
6.102599E+03	1.836144E-16	5.008900E-18
6.112555E+03	1.834262E-16	4.699797E-18
6.122510E+03	1.838008E-16	4.400458E-18
6.132465E+03	1.847549E-16	4.109398E-18
6.142421E+03	1.862978E-16	3.825011E-18
6.152376E+03	1.884380E-16	3.545864E-18
6.162331E+03	1.911864E-16	3.270940E-18
6.172286E+03	1.945496E-16	2.999785E-18
6.182242E+03	1.985315E-16	2.732988E-18
6.192197E+03	2.031287E-16	2.472857E-18
6.202152E+03	2.083353E-16	2.224661E-18
6.212108E+03	2.141337E-16	1.998334E-18
6.222063E+03	2.204841E-16	1.810740E-18
6.232018E+03	2.273150E-16	1.686986E-18
6.241974E+03	2.345390E-16	1.656570E-18
6.251929E+03	2.420480E-16	1.736444E-18
6.261884E+03	2.497263E-16	1.913162E-18
6.271839E+03	2.574480E-16	2.159574E-18
6.281795E+03	2.650824E-16	2.448890E-18
6.291750E+03	2.725137E-16	2.759775E-18
6.301705E+03	2.796187E-16	3.075962E-18
6.311661E+03	2.863033E-16	3.385183E-18
6.321616E+03	2.924832E-16	3.677799E-18
6.331571E+03	2.981047E-16	3.946317E-18
6.341527E+03	3.031196E-16	4.184681E-18
6.351482E+03	3.075201E-16	4.388523E-18
6.361437E+03	3.113013E-16	4.554556E-18
6.371392E+03	3.144883E-16	4.680891E-18
6.381348E+03	3.171020E-16	4.766502E-18
6.391303E+03	3.191944E-16	4.811716E-18
6.401258E+03	3.208095E-16	4.817613E-18
6.411214E+03	3.219938E-16	4.786196E-18
6.421169E+03	3.228010E-16	4.720498E-18
6.431124E+03	3.232828E-16	4.624536E-18
6.441080E+03	3.234731E-16	4.503248E-18
6.451035E+03	3.234239E-16	4.363250E-18
6.460990E+03	3.231696E-16	4.212638E-18
6.470945E+03	3.227456E-16	4.061628E-18
6.480901E+03	3.221913E-16	3.922907E-18
6.490856E+03	3.215395E-16	3.811576E-18
6.500811E+03	3.208282E-16	3.744771E-18
6.510767E+03	3.200861E-16	3.740014E-18
6.520722E+03	3.193053E-16	3.812426E-18
6.530677E+03	3.184820E-16	3.969155E-18
6.540633E+03	3.176193E-16	4.203790E-18
6.550588E+03	3.167062E-16	4.505063E-18
6.560543E+03	3.157304E-16	4.860680E-18
6.570498E+03	3.146813E-16	5.259035E-18
6.580454E+03	3.135314E-16	5.689672E-18
6.590409E+03	3.122549E-16	6.143670E-18
6.600364E+03	3.108185E-16	6.613296E-18
6.610320E+03	3.091905E-16	7.091888E-18
6.620275E+03	3.073322E-16	7.573387E-18
6.630230E+03	3.052199E-16	8.052641E-18
6.640186E+03	3.028258E-16	8.524808E-18
6.650141E+03	3.001424E-16	8.985925E-18
6.660096E+03	2.971594E-16	9.432254E-18
6.670051E+03	2.938928E-16	9.861161E-18
6.680007E+03	2.903629E-16	1.027053E-17
6.689962E+03	2.865972E-16	1.065886E-17
6.699917E+03	2.826422E-16	1.102576E-17
6.709873E+03	2.785440E-16	1.137133E-17
6.719828E+03	2.743501E-16	1.169619E-17
6.729783E+03	2.701178E-16	1.200183E-17
6.739739E+03	2.659023E-16	1.229017E-17
6.749694E+03	2.617594E-16	1.256363E-17
6.759649E+03	2.577477E-16	1.282523E-17
6.769604E+03	2.539182E-16	1.307806E-17
6.779560E+03	2.503267E-16	1.332586E-17
6.789515E+03	2.470237E-16	1.357251E-17
6.799470E+03	2.440573E-16	1.382206E-17
6.809426E+03	2.414693E-16	1.407856E-17
6.819381E+03	2.393104E-16	1.434683E-17
6.829336E+03	2.376090E-16	1.463063E-17
6.839292E+03	2.364021E-16	1.493440E-17
6.849247E+03	2.357218E-16	1.526247E-17
6.859202E+03	2.355925E-16	1.561877E-17
6.869157E+03	2.360294E-16	1.600670E-17
6.879113E+03	2.370431E-16	1.642934E-17
6.889068E+03	2.386422E-16	1.688962E-17
6.899023E+03	2.408101E-16	1.738858E-17
6.908979E+03	2.435386E-16	1.792770E-17
6.918934E+03	2.467934E-16	1.850636E-17
6.928889E+03	2.505391E-16	1.912356E-17
6.938845E+03	2.547241E-16	1.977676E-17
6.948800E+03	2.592939E-16	2.046281E-17
6.958755E+03	2.641834E-16	2.117737E-17
6.968710E+03	2.693176E-16	2.191491E-17
6.978666E+03	2.746256E-16	2.266978E-17
6.988621E+03	2.800292E-16	2.343537E-17
6.998576E+03	2.854609E-16	2.420559E-17
7.008532E+03	2.908576E-16	2.497439E-17
7.018487E+03	2.961596E-16	2.573577E-17
7.028442E+03	3.013373E-16	2.648613E-17
7.038398E+03	3.063709E-16	2.722267E-17
7.048353E+03	3.112507E-16	2.794341E-17
7.058308E+03	3.160008E-16	2.864947E-17
7.068263E+03	3.206458E-16	2.934211E-17
7.078219E+03	3.252366E-16	3.002516E-17
7.088174E+03	3.298310E-16	3.070322E-17
7.098129E+03	3.344936E-16	3.138176E-17
7.108085E+03	3.392874E-16	3.206627E-17
7.118040E+03	3.442783E-16	3.276266E-17
7.127995E+03	3.495258E-16	3.347637E-17
7.137951E+03	3.550837E-16	3.421238E-17
7.147906E+03	3.609764E-16	3.497287E-17
7.157861E+03	3.672175E-16	3.575899E-17
7.167817E+03	3.738023E-16	3.657001E-17
7.177772E+03	3.806888E-16	3.740147E-17
7.187727E+03	3.878103E-16	3.824632E-17
7.197682E+03	3.950624E-16	3.909366E-17
7.207638E+03	4.023130E-16	3.992965E-17
7.217593E+03	4.094038E-16	4.073769E-17
7.227548E+03	4.161309E-16	4.149651E-17
7.237504E+03	4.222769E-16	4.218342E-17
7.247459E+03	4.276077E-16	4.277399E-17
7.257414E+03	4.318762E-16	4.324262E-17
7.267370E+03	4.348526E-16	4.356556E-17
7.277325E+03	4.363095E-16	4.371953E-17
7.287280E+03	4.360714E-16	4.368681E-17
7.297235E+03	4.339956E-16	4.345337E-17
7.307191E+03	4.300191E-16	4.301360E-17
7.317146E+03	4.241332E-16	4.236775E-17
7.327101E+03	4.164206E-16	4.152569E-17
7.337057E+03	4.070237E-16	4.050353E-17
7.347012E+03	3.961467E-16	3.932381E-17
7.356967E+03	3.840508E-16	3.801483E-17
7.366923E+03	3.710159E-16	3.660670E-17
7.376878E+03	3.573329E-16	3.513050E-17
7.386833E+03	3.432924E-16	3.361699E-17
7.396788E+03	3.291740E-16	3.209546E-17
7.406744E+03	3.152043E-16	3.058963E-17
7.416699E+03	3.015959E-16	2.912139E-17
7.426654E+03	2.885088E-16	2.770710E-17
7.436610E+03	2.760721E-16	2.635968E-17
7.446565E+03	2.643705E-16	2.508745E-17
7.456520E+03	2.534669E-16	2.389610E-17
7.466476E+03	2.433878E-16	2.278741E-17
7.476431E+03	2.341331E-16	2.176052E-17
7.486386E+03	2.256946E-16	2.081366E-17
7.496341E+03	2.180408E-16	1.994283E-17
7.506297E+03	2.111372E-16	1.914374E-17
7.516252E+03	2.049401E-16	1.841121E-17
7.526207E+03	1.994064E-16	1.774015E-17
7.536163E+03	1.944901E-16	1.712521E-17
7.546118E+03	1.901479E-16	1.656135E-17
7.556073E+03	1.863439E-16	1.604417E-17
7.566029E+03	1.830453E-16	1.556958E-17
7.575984E+03	1.802261E-16	1.513407E-17
7.585939E+03	1.778669E-16	1.473469E-17
7.595894E+03	1.759572E-16	1.436916E-17
7.605850E+03	1.744848E-16	1.403505E-17
7.615805E+03	1.734431E-16	1.373028E-17
7.625760E+03	1.728233E-16	1.345252E-17
7.635716E+03	1.726050E-16	1.319850E-17
7.645671E+03	1.727723E-16	1.296526E-17
7.655626E+03	1.732964E-16	1.274890E-17
7.665582E+03	1.741489E-16	1.254559E-17
7.675537E+03	1.752921E-16	1.235093E-17
7.685492E+03	1.766901E-16	1.216078E-17
7.695447E+03	1.783020E-16	1.197083E-17
7.705403E+03	1.800832E-16	1.177671E-17
7.715358E+03	1.819911E-16	1.157448E-17
7.725313E+03	1.839895E-16	1.136083E-17
7.735269E+03	1.860355E-16	1.113229E-17
7.745224E+03	1.880955E-16	1.088626E-17
7.755179E+03	1.901453E-16	1.062091E-17
7.765135E+03	1.921633E-16	1.033479E-17
7.775090E+03	1.941419E-16	1.002737E-17
7.785045E+03	1.960774E-16	9.698393E-18
7.795000E+03	1.979740E-16	9.348083E-18
7.804956E+03	1.998522E-16	8.977390E-18
7.814911E+03	2.017271E-16	8.586923E-18
7.824866E+03	2.036236E-16	8.177592E-18
7.834822E+03	2.055707E-16	7.750340E-18
7.844777E+03	2.075883E-16	7.305605E-18
7.854732E+03	2.097040E-16	6.844062E-18
7.864688E+03	2.119263E-16	6.365792E-18
7.874643E+03	2.142563E-16	5.870988E-18
7.884598E+03	2.166887E-16	5.360354E-18
7.894553E+03	2.191868E-16	4.835083E-18
7.904509E+03	2.216993E-16	4.298446E-18
7.914464E+03	2.241376E-16	3.757204E-18
7.924419E+03	2.263895E-16	3.225397E-18
7.934375E+03	2.283156E-16	2.730654E-18
7.944330E+03	2.297402E-16	2.324541E-18
7.954285E+03	2.304744E-16	2.089697E-18
7.964241E+03	2.303243E-16	2.108069E-18
7.974196E+03	2.290954E-16	2.378899E-18
7.984151E+03	2.266155E-16	2.818085E-18
7.994106E+03	2.227591E-16	3.337357E-18
8.004062E+03	2.174540E-16	3.874658E-18
8.014017E+03	2.108717E-16	4.392783E-18
8.023972E+03	2.033332E-16	4.871686E-18
8.033928E+03	1.951494E-16	5.301233E-18
8.043883E+03	1.866146E-16	5.678172E-18
8.053838E+03	1.779916E-16	6.004013E-18
8.063794E+03	1.694985E-16	6.283297E-18
8.073749E+03	1.613082E-16	6.522429E-18
8.083704E+03	1.535512E-16	6.728811E-18
8.093659E+03	1.463146E-16	6.909950E-18
8.103615E+03	1.396527E-16	7.073140E-18
8.113570E+03	1.335859E-16	7.224781E-18
8.123525E+03	1.281226E-16	7.371030E-18
8.133481E+03	1.232463E-16	7.516749E-18
8.143436E+03	1.189379E-16	7.666508E-18
8.153391E+03	1.151672E-16	7.823918E-18
8.163347E+03	1.119051E-16	7.992327E-18
8.173302E+03	1.091192E-16	8.174464E-18
8.183257E+03	1.067824E-16	8.373059E-18
8.193212E+03	1.048670E-16	8.590456E-18
8.203168E+03	1.033536E-16	8.829336E-18
8.213123E+03	1.022206E-16	9.091945E-18
8.223078E+03	1.014552E-16	9.381042E-18
8.233034E+03	1.010472E-16	9.699487E-18
8.242989E+03	1.009909E-16	1.005045E-17
8.252944E+03	1.012834E-16	1.043731E-17
8.262900E+03	1.019291E-16	1.086420E-17
8.272855E+03	1.029354E-16	1.133565E-17
8.282810E+03	1.043122E-16	1.185662E-17
8.292765E+03	1.060771E-16	1.243307E-17
8.302721E+03	1.082487E-16	1.307135E-17
8.312676E+03	1.108527E-16	1.377897E-17
8.322631E+03	1.139134E-16	1.456364E-17
8.332587E+03	1.174652E-16	1.543470E-17
8.342542E+03	1.215380E-16	1.640141E-17
8.352497E+03	1.261664E-16	1.747412E-17
8.362453E+03	1.313899E-16	1.866431E-17
8.372408E+03	1.372372E-16	1.998253E-17
8.382363E+03	1.437451E-16	2.144086E-17
8.392318E+03	1.509380E-16	2.305005E-17
8.402274E+03	1.588414E-16	2.482139E-17
8.412229E+03	1.674721E-16	2.676507E-17
8.422184E+03	1.768354E-16	2.888971E-17
8.432140E+03	1.869298E-16	3.120280E-17
8.442095E+03	1.977433E-16	3.371003E-17
8.452050E+03	2.092525E-16	3.641495E-17
8.462006E+03	2.214188E-16	3.931805E-17
8.471961E+03	2.341981E-16	4.241828E-17
8.481916E+03	2.475225E-16	4.570953E-17
8.491871E+03	2.613216E-16	4.918426E-17
8.501827E+03	2.755078E-16	5.283065E-17
8.511782E+03	2.899755E-16	5.663207E-17
8.521737E+03	3.046136E-16	6.056930E-17
8.531693E+03	3.192829E-16	6.461589E-17
8.541648E+03	3.338457E-16	6.874368E-17
8.551603E+03	3.481482E-16	7.291921E-17
8.561559E+03	3.620216E-16	7.710360E-17
8.571514E+03	3.752892E-16	8.125397E-17
8.581469E+03	3.877902E-16	8.532834E-17
8.591425E+03	3.993471E-16	8.927879E-17
8.601380E+03	4.097871E-16	9.305601E-17
8.611335E+03	4.189620E-16	9.661386E-17
8.621290E+03	4.267257E-16	9.990467E-17
8.631246E+03	4.329518E-16	1.028834E-16
8.641201E+03	4.375609E-16	1.055147E-16
8.651156E+03	4.404799E-16	1.077634E-16
8.661112E+03	4.416664E-16	1.096013E-16
8.671067E+03	4.411248E-16	1.110112E-16
8.681022E+03	4.388844E-16	1.119823E-16
8.690978E+03	4.349974E-16	1.125104E-16
8.700933E+03	4.295519E-16	1.126013E-16
8.710888E+03	4.226681E-16	1.122706E-16
8.720843E+03	4.144716E-16	1.115371E-16
8.730799E+03	4.051183E-16	1.104297E-16
8.740754E+03	3.947597E-16	1.089782E-16
8.750709E+03	3.835672E-16	1.072201E-16
8.760665E+03	3.716986E-16	1.051915E-16
8.770620E+03	3.593221E-16	1.029336E-16
8.780575E+03	3.465856E-16	1.004843E-16
8.790531E+03	3.336461E-16	9.788583E-17
8.800486E+03	3.206293E-16	9.517369E-17
8.810441E+03	3.076539E-16	9.238282E-17
8.820396E+03	2.948298E-16	8.954719E-17
8.830352E+03	2.822409E-16	8.669426E-17
8.840307E+03	2.699729E-16	8.385326E-17
8.850262E+03	2.580812E-16	8.104500E-17
8.860218E+03	2.466137E-16	7.828873E-17
8.870173E+03	2.356156E-16	7.560347E-17
8.880128E+03	2.251068E-16	7.300059E-17
8.890084E+03	2.151025E-16	7.049025E-17
8.900039E+03	2.056182E-16	6.808285E-17
8.909994E+03	1.966450E-16	6.578087E-17
8.919949E+03	1.881850E-16	6.359035E-17
8.929905E+03	1.802270E-16	6.151281E-17
8.939860E+03	1.727561E-16	5.954833E-17
8.949815E+03	1.657579E-16	5.769697E-17
8.959771E+03	1.592121E-16	5.595648E-17
8.999592E+03	1.371183E-16	5.003787E-17
9.039413E+03	1.205326E-16	4.559868E-17
9.079234E+03	1.081759E-16	4.236301E-17
9.119055E+03	9.893718E-17	4.005271E-17
9.158877E+03	9.195334E-17	3.843290E-17
9.198698E+03	8.653596E-17	3.729737E-17
9.238519E+03	8.214327E-17	3.646821E-17
9.278340E+03	7.839026E-17	3.581043E-17
9.318161E+03	7.503960E-17	3.523822E-17
9.357983E+03	7.194557E-17	3.469755E-17
9.397804E+03	6.902565E-17	3.415816E-17
9.437625E+03	6.623968E-17	3.360701E-17
9.477446E+03	6.358822E-17	3.305015E-17
9.517267E+03	6.107900E-17	3.249742E-17
9.557089E+03	5.873411E-17	3.196677E-17
9.596910E+03	5.655486E-17	3.146560E-17
9.636731E+03	5.453010E-17	3.099420E-17
9.676552E+03	5.263435E-17	3.054391E-17
9.716373E+03	5.083497E-17	3.010057E-17
9.756195E+03	4.911512E-17	2.965792E-17
9.796016E+03	4.745823E-17	2.920907E-17
9.835837E+03	4.585607E-17	2.875152E-17
9.875658E+03	4.430847E-17	2.828754E-17
9.915479E+03	4.282166E-17	2.782348E-17
9.955301E+03	4.138939E-17	2.735772E-17
9.995122E+03	4.001310E-17	2.689349E-17
1.003494E+04	3.869371E-17	2.643368E-17
1.007476E+04	3.742714E-17	2.597775E-17
1.011459E+04	3.621038E-17	2.552568E-17
1.015441E+04	3.503955E-17	2.507667E-17
1.019423E+04	3.391088E-17	2.462981E-17
1.023405E+04	3.281784E-17	2.418197E-17
1.027387E+04	3.176259E-17	2.373622E-17
