#wls	flux	fluxerr
1.600000E+03	1.903009E-17	2.302193E-17
1.640000E+03	1.959424E-17	2.354588E-17
1.680000E+03	2.018143E-17	2.408475E-17
1.720000E+03	2.079121E-17	2.463708E-17
1.760000E+03	2.142475E-17	2.520334E-17
1.800000E+03	2.208483E-17	2.578584E-17
1.840000E+03	2.276660E-17	2.637785E-17
1.880000E+03	2.347418E-17	2.698318E-17
1.920000E+03	2.420593E-17	2.759883E-17
1.960000E+03	2.496000E-17	2.822164E-17
2.000000E+03	2.573258E-17	2.884628E-17
2.040000E+03	2.652157E-17	2.946947E-17
2.080000E+03	2.732132E-17	3.008402E-17
2.120000E+03	2.812286E-17	3.067940E-17
2.160000E+03	2.892266E-17	3.125129E-17
2.200000E+03	2.971074E-17	3.178860E-17
2.240000E+03	3.047935E-17	3.228306E-17
2.280000E+03	3.122456E-17	3.273073E-17
2.320000E+03	3.194599E-17	3.313156E-17
2.360000E+03	3.264808E-17	3.349047E-17
2.400000E+03	3.333666E-17	3.381361E-17
2.440000E+03	3.401729E-17	3.410661E-17
2.480000E+03	3.469960E-17	3.437888E-17
2.520000E+03	3.538836E-17	3.463460E-17
2.560000E+03	3.609086E-17	3.488013E-17
2.600000E+03	3.680986E-17	3.511717E-17
2.640000E+03	3.754940E-17	3.534842E-17
2.680000E+03	3.831079E-17	3.557384E-17
2.720000E+03	3.909549E-17	3.579339E-17
2.760000E+03	3.990513E-17	3.600708E-17
2.800000E+03	4.074034E-17	3.621392E-17
2.840000E+03	4.160212E-17	3.641314E-17
2.880000E+03	4.249410E-17	3.660616E-17
2.920000E+03	4.341785E-17	3.679239E-17
2.960000E+03	4.438076E-17	3.697595E-17
3.000000E+03	4.538693E-17	3.715777E-17
3.010000E+03	4.564728E-17	3.720432E-17
3.020000E+03	4.591019E-17	3.725042E-17
3.030000E+03	4.617569E-17	3.729606E-17
3.040000E+03	4.644585E-17	3.734285E-17
3.050000E+03	4.671963E-17	3.738991E-17
3.060000E+03	4.699703E-17	3.743718E-17
3.070000E+03	4.727908E-17	3.748542E-17
3.080000E+03	4.756476E-17	3.753376E-17
3.090000E+03	4.785408E-17	3.758216E-17
3.100000E+03	4.814905E-17	3.763212E-17
3.110000E+03	4.844767E-17	3.768202E-17
3.120000E+03	4.875094E-17	3.773259E-17
3.130000E+03	4.905790E-17	3.778299E-17
3.140000E+03	4.937148E-17	3.783544E-17
3.150000E+03	4.968877E-17	3.788761E-17
3.160000E+03	5.001075E-17	3.794020E-17
3.170000E+03	5.033841E-17	3.799387E-17
3.180000E+03	5.067174E-17	3.804855E-17
3.190000E+03	5.100886E-17	3.810274E-17
3.200000E+03	5.135264E-17	3.815852E-17
3.210000E+03	5.170119E-17	3.821441E-17
3.220000E+03	5.205549E-17	3.827103E-17
3.230000E+03	5.241462E-17	3.832765E-17
3.240000E+03	5.277955E-17	3.838488E-17
3.250000E+03	5.315028E-17	3.844265E-17
3.260000E+03	5.352686E-17	3.850091E-17
3.270000E+03	5.390840E-17	3.855893E-17
3.280000E+03	5.429585E-17	3.861731E-17
3.290000E+03	5.468924E-17	3.867599E-17
3.300000E+03	5.508772E-17	3.873428E-17
3.310000E+03	5.549223E-17	3.879275E-17
3.320000E+03	5.590191E-17	3.885072E-17
3.330000E+03	5.631771E-17	3.890876E-17
3.340000E+03	5.673879E-17	3.896621E-17
3.350000E+03	5.716521E-17	3.902303E-17
3.360000E+03	5.759703E-17	3.907917E-17
3.370000E+03	5.803430E-17	3.913458E-17
3.380000E+03	5.847709E-17	3.918923E-17
3.390000E+03	5.892461E-17	3.924249E-17
3.400000E+03	5.937777E-17	3.929491E-17
3.410000E+03	5.983495E-17	3.934533E-17
3.420000E+03	6.029792E-17	3.939483E-17
3.430000E+03	6.076505E-17	3.944228E-17
3.440000E+03	6.123644E-17	3.948766E-17
3.450000E+03	6.171217E-17	3.953096E-17
3.460000E+03	6.219148E-17	3.957163E-17
3.470000E+03	6.267530E-17	3.961019E-17
3.480000E+03	6.316289E-17	3.964611E-17
3.490000E+03	6.365350E-17	3.967886E-17
3.500000E+03	6.414723E-17	3.970845E-17
3.510000E+03	6.464337E-17	3.973438E-17
3.520000E+03	6.514282E-17	3.975718E-17
3.530000E+03	6.564324E-17	3.977536E-17
3.540000E+03	6.614555E-17	3.978946E-17
3.550000E+03	6.664903E-17	3.979902E-17
3.560000E+03	6.715381E-17	3.980408E-17
3.570000E+03	6.765835E-17	3.980373E-17
3.580000E+03	6.816199E-17	3.979756E-17
3.590000E+03	6.866562E-17	3.978612E-17
3.600000E+03	6.916696E-17	3.976808E-17
3.610000E+03	6.966692E-17	3.974399E-17
3.620000E+03	7.016480E-17	3.971348E-17
3.630000E+03	7.065914E-17	3.967575E-17
3.640000E+03	7.114924E-17	3.963048E-17
3.650000E+03	7.163522E-17	3.957777E-17
3.660000E+03	7.211560E-17	3.951690E-17
3.670000E+03	7.259128E-17	3.944843E-17
3.680000E+03	7.306000E-17	3.937122E-17
3.690000E+03	7.352184E-17	3.928543E-17
3.700000E+03	7.397613E-17	3.919079E-17
3.710000E+03	7.442295E-17	3.908749E-17
3.720000E+03	7.486081E-17	3.897486E-17
3.730000E+03	7.528979E-17	3.885310E-17
3.740000E+03	7.570918E-17	3.872199E-17
3.750000E+03	7.611904E-17	3.858171E-17
3.760000E+03	7.651864E-17	3.843207E-17
3.770000E+03	7.690802E-17	3.827326E-17
3.780000E+03	7.728644E-17	3.810509E-17
3.790000E+03	7.765315E-17	3.792739E-17
3.800000E+03	7.800969E-17	3.774110E-17
3.810000E+03	7.835378E-17	3.754533E-17
3.820000E+03	7.868616E-17	3.734064E-17
3.830000E+03	7.900757E-17	3.712760E-17
3.840000E+03	7.931646E-17	3.690569E-17
3.850000E+03	7.961278E-17	3.667513E-17
3.860000E+03	7.989725E-17	3.643648E-17
3.870000E+03	8.016978E-17	3.618994E-17
3.880000E+03	8.043031E-17	3.593570E-17
3.890000E+03	8.067800E-17	3.567364E-17
3.900000E+03	8.091350E-17	3.540431E-17
3.910000E+03	8.113670E-17	3.512790E-17
3.920000E+03	8.134748E-17	3.484462E-17
3.930000E+03	8.154571E-17	3.455468E-17
3.940000E+03	8.173126E-17	3.425829E-17
3.950000E+03	8.190473E-17	3.395598E-17
3.960000E+03	8.206595E-17	3.364794E-17
3.970000E+03	8.221401E-17	3.333408E-17
3.980000E+03	8.235023E-17	3.301523E-17
3.990000E+03	8.247367E-17	3.269129E-17
4.000000E+03	8.258489E-17	3.236277E-17
4.010000E+03	8.268368E-17	3.202989E-17
4.020000E+03	8.276910E-17	3.169258E-17
4.030000E+03	8.284241E-17	3.135164E-17
4.040000E+03	8.290263E-17	3.100702E-17
4.050000E+03	8.295030E-17	3.065921E-17
4.060000E+03	8.298515E-17	3.030846E-17
4.070000E+03	8.300696E-17	2.995499E-17
4.080000E+03	8.301549E-17	2.959905E-17
4.090000E+03	8.301120E-17	2.924116E-17
4.100000E+03	8.299311E-17	2.888130E-17
4.110000E+03	8.296097E-17	2.851973E-17
4.120000E+03	8.291597E-17	2.815722E-17
4.130000E+03	8.285640E-17	2.779353E-17
4.140000E+03	8.278271E-17	2.742919E-17
4.150000E+03	8.269463E-17	2.706449E-17
4.160000E+03	8.259191E-17	2.669969E-17
4.170000E+03	8.247428E-17	2.633509E-17
4.180000E+03	8.234146E-17	2.597098E-17
4.190000E+03	8.219321E-17	2.560767E-17
4.200000E+03	8.202925E-17	2.524545E-17
4.210000E+03	8.184933E-17	2.488464E-17
4.220000E+03	8.165320E-17	2.452553E-17
4.230000E+03	8.143990E-17	2.416824E-17
4.240000E+03	8.120920E-17	2.381309E-17
4.250000E+03	8.096157E-17	2.346058E-17
4.260000E+03	8.069679E-17	2.311105E-17
4.270000E+03	8.041323E-17	2.276440E-17
4.280000E+03	8.011141E-17	2.242113E-17
4.290000E+03	7.979113E-17	2.208157E-17
4.300000E+03	7.945223E-17	2.174601E-17
4.310000E+03	7.909452E-17	2.141474E-17
4.320000E+03	7.871718E-17	2.108784E-17
4.330000E+03	7.832146E-17	2.076597E-17
4.340000E+03	7.790586E-17	2.044900E-17
4.350000E+03	7.747166E-17	2.013754E-17
4.360000E+03	7.701878E-17	1.983179E-17
4.370000E+03	7.654784E-17	1.953211E-17
4.380000E+03	7.605876E-17	1.923867E-17
4.390000E+03	7.555221E-17	1.895175E-17
4.400000E+03	7.502805E-17	1.867126E-17
4.410000E+03	7.448745E-17	1.839718E-17
4.420000E+03	7.393026E-17	1.812916E-17
4.430000E+03	7.335632E-17	1.786683E-17
4.440000E+03	7.276685E-17	1.761016E-17
4.450000E+03	7.216175E-17	1.735874E-17
4.460000E+03	7.154160E-17	1.711236E-17
4.470000E+03	7.090764E-17	1.687094E-17
4.480000E+03	7.025920E-17	1.663394E-17
4.490000E+03	6.959755E-17	1.640127E-17
4.500000E+03	6.892334E-17	1.617271E-17
4.510000E+03	6.823660E-17	1.594788E-17
4.520000E+03	6.753800E-17	1.572658E-17
4.530000E+03	6.682824E-17	1.550858E-17
4.540000E+03	6.610804E-17	1.529370E-17
4.550000E+03	6.537812E-17	1.508176E-17
4.560000E+03	6.463859E-17	1.487242E-17
4.570000E+03	6.388960E-17	1.466541E-17
4.580000E+03	6.313313E-17	1.446085E-17
4.590000E+03	6.236875E-17	1.425834E-17
4.600000E+03	6.159665E-17	1.405764E-17
4.610000E+03	6.081821E-17	1.385877E-17
4.620000E+03	6.003425E-17	1.366167E-17
4.630000E+03	5.924383E-17	1.346586E-17
4.640000E+03	5.844950E-17	1.327169E-17
4.650000E+03	5.764981E-17	1.307861E-17
4.660000E+03	5.684672E-17	1.288686E-17
4.670000E+03	5.604051E-17	1.269629E-17
4.680000E+03	5.523145E-17	1.250679E-17
4.690000E+03	5.441985E-17	1.231825E-17
4.700000E+03	5.360604E-17	1.213059E-17
4.710000E+03	5.279137E-17	1.194396E-17
4.720000E+03	5.197565E-17	1.175817E-17
4.730000E+03	5.115940E-17	1.157315E-17
4.740000E+03	5.034400E-17	1.138892E-17
4.750000E+03	4.952934E-17	1.120517E-17
4.760000E+03	4.871778E-17	1.102215E-17
4.770000E+03	4.790868E-17	1.083948E-17
4.780000E+03	4.710381E-17	1.065734E-17
4.790000E+03	4.630394E-17	1.047569E-17
4.800000E+03	4.550885E-17	1.029431E-17
4.810000E+03	4.471974E-17	1.011331E-17
4.820000E+03	4.393773E-17	9.932793E-18
4.830000E+03	4.316257E-17	9.752589E-18
4.840000E+03	4.239532E-17	9.572831E-18
4.850000E+03	4.163656E-17	9.393563E-18
4.860000E+03	4.088641E-17	9.214743E-18
4.870000E+03	4.014541E-17	9.036436E-18
4.880000E+03	3.941445E-17	8.858802E-18
4.890000E+03	3.869359E-17	8.681825E-18
4.900000E+03	3.798365E-17	8.505674E-18
4.910000E+03	3.728425E-17	8.330256E-18
4.920000E+03	3.659615E-17	8.155748E-18
4.930000E+03	3.591970E-17	7.982238E-18
4.940000E+03	3.525484E-17	7.809738E-18
4.950000E+03	3.460223E-17	7.638420E-18
4.960000E+03	3.396177E-17	7.468297E-18
4.970000E+03	3.333406E-17	7.299538E-18
4.980000E+03	3.271897E-17	7.132155E-18
4.990000E+03	3.211668E-17	6.966239E-18
5.000000E+03	3.152704E-17	6.801805E-18
5.010000E+03	3.095086E-17	6.639078E-18
5.020000E+03	3.038761E-17	6.477999E-18
5.030000E+03	2.983742E-17	6.318648E-18
5.040000E+03	2.930069E-17	6.161165E-18
5.050000E+03	2.877719E-17	6.005553E-18
5.060000E+03	2.826699E-17	5.851880E-18
5.070000E+03	2.777013E-17	5.700209E-18
5.080000E+03	2.728663E-17	5.550595E-18
5.090000E+03	2.681626E-17	5.403036E-18
5.100000E+03	2.635901E-17	5.257584E-18
5.110000E+03	2.591516E-17	5.114339E-18
5.120000E+03	2.548417E-17	4.973238E-18
5.130000E+03	2.506654E-17	4.834423E-18
5.140000E+03	2.466148E-17	4.697779E-18
5.150000E+03	2.426948E-17	4.563441E-18
5.160000E+03	2.389024E-17	4.431389E-18
5.170000E+03	2.352373E-17	4.301653E-18
5.180000E+03	2.316991E-17	4.174259E-18
5.190000E+03	2.282848E-17	4.049188E-18
5.200000E+03	2.249941E-17	3.926469E-18
5.210000E+03	2.218243E-17	3.806086E-18
5.220000E+03	2.187794E-17	3.688145E-18
5.230000E+03	2.158523E-17	3.572559E-18
5.240000E+03	2.130448E-17	3.459398E-18
5.250000E+03	2.103564E-17	3.348697E-18
5.260000E+03	2.077869E-17	3.240494E-18
5.270000E+03	2.053315E-17	3.134770E-18
5.280000E+03	2.029921E-17	3.031612E-18
5.290000E+03	2.007664E-17	2.931054E-18
5.300000E+03	1.986543E-17	2.833171E-18
5.310000E+03	1.966537E-17	2.738027E-18
5.320000E+03	1.947664E-17	2.645754E-18
5.330000E+03	1.929885E-17	2.556424E-18
5.340000E+03	1.913202E-17	2.470185E-18
5.350000E+03	1.897598E-17	2.387187E-18
5.360000E+03	1.883095E-17	2.307655E-18
5.370000E+03	1.869640E-17	2.231751E-18
5.380000E+03	1.857257E-17	2.159768E-18
5.390000E+03	1.845934E-17	2.091989E-18
5.400000E+03	1.835659E-17	2.028735E-18
5.410000E+03	1.826387E-17	1.970330E-18
5.420000E+03	1.818108E-17	1.917180E-18
5.430000E+03	1.810816E-17	1.869721E-18
5.440000E+03	1.804434E-17	1.828343E-18
5.450000E+03	1.798957E-17	1.793530E-18
5.460000E+03	1.794328E-17	1.765710E-18
5.470000E+03	1.790529E-17	1.745327E-18
5.480000E+03	1.787628E-17	1.732877E-18
5.490000E+03	1.785627E-17	1.728720E-18
5.500000E+03	1.784586E-17	1.733087E-18
5.510000E+03	1.784509E-17	1.745729E-18
5.520000E+03	1.785446E-17	1.766315E-18
5.530000E+03	1.787360E-17	1.794378E-18
5.540000E+03	1.790270E-17	1.829474E-18
5.550000E+03	1.794160E-17	1.871111E-18
5.560000E+03	1.799068E-17	1.918860E-18
5.570000E+03	1.804964E-17	1.972237E-18
5.580000E+03	1.811854E-17	2.030822E-18
5.590000E+03	1.819725E-17	2.094213E-18
5.600000E+03	1.828604E-17	2.162087E-18
5.610000E+03	1.838465E-17	2.234099E-18
5.620000E+03	1.849317E-17	2.309985E-18
5.630000E+03	1.861172E-17	2.389521E-18
5.640000E+03	1.874024E-17	2.472497E-18
5.650000E+03	1.887888E-17	2.558757E-18
5.660000E+03	1.902740E-17	2.648123E-18
5.670000E+03	1.918594E-17	2.740497E-18
5.680000E+03	1.935468E-17	2.835803E-18
5.690000E+03	1.953361E-17	2.933962E-18
5.700000E+03	1.972269E-17	3.034907E-18
5.710000E+03	1.992192E-17	3.138589E-18
5.720000E+03	2.013171E-17	3.245039E-18
5.730000E+03	2.035164E-17	3.354165E-18
5.740000E+03	2.058213E-17	3.466022E-18
5.750000E+03	2.082320E-17	3.580606E-18
5.760000E+03	2.107462E-17	3.697882E-18
5.770000E+03	2.133664E-17	3.817894E-18
5.780000E+03	2.160948E-17	3.940696E-18
5.790000E+03	2.189292E-17	4.066267E-18
5.800000E+03	2.218698E-17	4.194623E-18
5.810000E+03	2.249215E-17	4.325880E-18
5.820000E+03	2.280793E-17	4.459973E-18
5.830000E+03	2.313459E-17	4.596974E-18
5.840000E+03	2.347211E-17	4.736913E-18
5.850000E+03	2.382048E-17	4.879818E-18
5.860000E+03	2.417997E-17	5.025774E-18
5.870000E+03	2.455000E-17	5.174699E-18
5.880000E+03	2.493110E-17	5.326733E-18
5.890000E+03	2.532294E-17	5.481848E-18
5.900000E+03	2.572548E-17	5.640067E-18
5.910000E+03	2.613864E-17	5.801415E-18
5.920000E+03	2.656235E-17	5.965912E-18
5.930000E+03	2.699682E-17	6.133648E-18
5.940000E+03	2.744132E-17	6.304501E-18
5.950000E+03	2.789573E-17	6.478481E-18
5.960000E+03	2.836019E-17	6.655668E-18
5.970000E+03	2.883456E-17	6.836071E-18
5.980000E+03	2.931797E-17	7.019534E-18
5.990000E+03	2.981087E-17	7.206212E-18
6.000000E+03	3.031199E-17	7.395844E-18
6.010000E+03	3.082209E-17	7.588670E-18
6.020000E+03	3.133981E-17	7.784406E-18
6.030000E+03	3.186480E-17	7.983016E-18
6.040000E+03	3.239704E-17	8.184552E-18
6.050000E+03	3.293577E-17	8.388878E-18
6.060000E+03	3.348055E-17	8.595937E-18
6.070000E+03	3.403009E-17	8.805462E-18
6.080000E+03	3.458468E-17	9.017584E-18
6.090000E+03	3.514253E-17	9.231897E-18
6.100000E+03	3.570387E-17	9.448523E-18
6.110000E+03	3.626765E-17	9.667246E-18
6.120000E+03	3.683275E-17	9.887831E-18
6.130000E+03	3.739845E-17	1.011015E-17
6.140000E+03	3.796445E-17	1.033417E-17
6.150000E+03	3.852954E-17	1.055964E-17
6.160000E+03	3.909288E-17	1.078639E-17
6.170000E+03	3.965464E-17	1.101452E-17
6.180000E+03	4.021297E-17	1.124359E-17
6.190000E+03	4.076751E-17	1.147354E-17
6.200000E+03	4.131800E-17	1.170432E-17
6.210000E+03	4.186441E-17	1.193585E-17
6.220000E+03	4.240567E-17	1.216776E-17
6.230000E+03	4.294123E-17	1.239980E-17
6.240000E+03	4.347107E-17	1.263188E-17
6.250000E+03	4.399410E-17	1.286359E-17
6.260000E+03	4.451033E-17	1.309481E-17
6.270000E+03	4.501923E-17	1.332527E-17
6.280000E+03	4.552086E-17	1.355490E-17
6.290000E+03	4.601473E-17	1.378340E-17
6.300000E+03	4.650033E-17	1.401051E-17
6.310000E+03	4.697782E-17	1.423614E-17
6.320000E+03	4.744737E-17	1.446020E-17
6.330000E+03	4.790791E-17	1.468223E-17
6.340000E+03	4.835966E-17	1.490216E-17
6.350000E+03	4.880290E-17	1.511992E-17
6.360000E+03	4.923656E-17	1.533503E-17
6.370000E+03	4.966167E-17	1.554766E-17
6.380000E+03	5.007789E-17	1.575755E-17
6.390000E+03	5.048492E-17	1.596446E-17
6.400000E+03	5.088247E-17	1.616814E-17
6.410000E+03	5.127174E-17	1.636881E-17
6.420000E+03	5.165175E-17	1.656601E-17
6.430000E+03	5.202382E-17	1.676000E-17
6.440000E+03	5.238778E-17	1.695058E-17
6.450000E+03	5.274348E-17	1.713754E-17
6.460000E+03	5.309159E-17	1.732096E-17
6.470000E+03	5.343202E-17	1.750065E-17
6.480000E+03	5.376551E-17	1.767671E-17
6.490000E+03	5.409035E-17	1.784844E-17
6.500000E+03	5.440815E-17	1.801620E-17
6.510000E+03	5.471888E-17	1.817986E-17
6.520000E+03	5.502169E-17	1.833899E-17
6.530000E+03	5.531742E-17	1.849371E-17
6.540000E+03	5.560609E-17	1.864391E-17
6.550000E+03	5.588772E-17	1.878946E-17
6.560000E+03	5.616236E-17	1.893023E-17
6.570000E+03	5.643097E-17	1.906642E-17
6.580000E+03	5.669271E-17	1.919762E-17
6.590000E+03	5.694765E-17	1.932374E-17
6.600000E+03	5.719681E-17	1.944498E-17
6.610000E+03	5.744030E-17	1.956128E-17
6.620000E+03	5.767729E-17	1.967223E-17
6.630000E+03	5.790886E-17	1.977810E-17
6.640000E+03	5.813415E-17	1.987847E-17
6.650000E+03	5.835527E-17	1.997396E-17
6.660000E+03	5.857040E-17	2.006386E-17
6.670000E+03	5.877967E-17	2.014810E-17
6.680000E+03	5.898424E-17	2.022699E-17
6.690000E+03	5.918429E-17	2.030049E-17
6.700000E+03	5.937894E-17	2.036823E-17
6.710000E+03	5.956837E-17	2.043017E-17
6.720000E+03	5.975378E-17	2.048664E-17
6.730000E+03	5.993431E-17	2.053728E-17
6.740000E+03	6.011120E-17	2.058244E-17
6.750000E+03	6.028249E-17	2.062137E-17
6.760000E+03	6.045051E-17	2.065481E-17
6.770000E+03	6.061329E-17	2.068201E-17
6.780000E+03	6.077318E-17	2.070374E-17
6.790000E+03	6.092819E-17	2.071924E-17
6.800000E+03	6.107959E-17	2.072892E-17
6.810000E+03	6.122760E-17	2.073279E-17
6.820000E+03	6.137127E-17	2.073049E-17
6.830000E+03	6.151191E-17	2.072243E-17
6.840000E+03	6.164860E-17	2.070826E-17
6.850000E+03	6.178266E-17	2.068840E-17
6.860000E+03	6.191198E-17	2.066211E-17
6.870000E+03	6.203905E-17	2.063021E-17
6.880000E+03	6.216292E-17	2.059237E-17
6.890000E+03	6.228377E-17	2.054863E-17
6.900000E+03	6.240060E-17	2.049866E-17
6.910000E+03	6.251596E-17	2.044329E-17
6.920000E+03	6.262648E-17	2.038143E-17
6.930000E+03	6.273592E-17	2.031431E-17
6.940000E+03	6.284206E-17	2.024121E-17
6.950000E+03	6.294508E-17	2.016223E-17
6.960000E+03	6.304637E-17	2.007783E-17
6.970000E+03	6.314490E-17	1.998770E-17
6.980000E+03	6.324083E-17	1.989195E-17
6.990000E+03	6.333434E-17	1.979065E-17
7.000000E+03	6.342561E-17	1.968392E-17
7.010000E+03	6.351479E-17	1.957187E-17
7.020000E+03	6.360081E-17	1.945421E-17
7.030000E+03	6.368634E-17	1.933184E-17
7.040000E+03	6.376776E-17	1.920374E-17
7.050000E+03	6.384903E-17	1.907117E-17
7.060000E+03	6.392650E-17	1.893315E-17
7.070000E+03	6.400285E-17	1.879056E-17
7.080000E+03	6.407698E-17	1.864320E-17
7.090000E+03	6.414903E-17	1.849121E-17
7.100000E+03	6.422043E-17	1.833515E-17
7.110000E+03	6.428874E-17	1.817446E-17
7.120000E+03	6.435541E-17	1.800969E-17
7.130000E+03	6.441926E-17	1.784068E-17
7.140000E+03	6.448173E-17	1.766801E-17
7.150000E+03	6.454295E-17	1.749190E-17
7.160000E+03	6.460175E-17	1.731224E-17
7.170000E+03	6.465955E-17	1.712962E-17
7.180000E+03	6.471386E-17	1.694362E-17
7.190000E+03	6.476742E-17	1.675522E-17
7.200000E+03	6.481903E-17	1.656436E-17
7.210000E+03	6.486747E-17	1.637102E-17
7.220000E+03	6.491417E-17	1.617590E-17
7.230000E+03	6.495925E-17	1.597933E-17
7.240000E+03	6.500146E-17	1.578137E-17
7.250000E+03	6.504090E-17	1.558243E-17
7.260000E+03	6.507767E-17	1.538293E-17
7.270000E+03	6.511184E-17	1.518334E-17
7.280000E+03	6.514351E-17	1.498412E-17
7.290000E+03	6.517005E-17	1.478517E-17
7.300000E+03	6.519424E-17	1.458765E-17
7.310000E+03	6.521480E-17	1.439183E-17
7.320000E+03	6.523044E-17	1.419800E-17
7.330000E+03	6.524257E-17	1.400710E-17
7.340000E+03	6.524854E-17	1.381920E-17
7.350000E+03	6.524838E-17	1.363502E-17
7.360000E+03	6.524214E-17	1.345528E-17
7.370000E+03	6.522850E-17	1.328045E-17
7.380000E+03	6.520886E-17	1.311161E-17
7.390000E+03	6.517913E-17	1.294873E-17
7.400000E+03	6.514208E-17	1.279318E-17
7.410000E+03	6.509500E-17	1.264525E-17
7.420000E+03	6.503926E-17	1.250605E-17
7.430000E+03	6.497352E-17	1.237614E-17
7.440000E+03	6.489778E-17	1.225633E-17
7.450000E+03	6.481344E-17	1.214766E-17
7.460000E+03	6.471913E-17	1.205063E-17
7.470000E+03	6.461904E-17	1.196671E-17
7.480000E+03	6.451038E-17	1.189602E-17
7.490000E+03	6.439598E-17	1.183965E-17
7.500000E+03	6.427444E-17	1.179782E-17
7.510000E+03	6.414996E-17	1.177172E-17
7.520000E+03	6.402125E-17	1.176107E-17
7.530000E+03	6.388848E-17	1.176538E-17
7.540000E+03	6.375323E-17	1.178428E-17
7.550000E+03	6.361570E-17	1.181708E-17
7.560000E+03	6.347886E-17	1.186358E-17
7.570000E+03	6.334008E-17	1.192248E-17
7.580000E+03	6.320094E-17	1.199325E-17
7.590000E+03	6.306301E-17	1.207535E-17
7.600000E+03	6.292506E-17	1.216768E-17
7.610000E+03	6.278864E-17	1.226971E-17
7.620000E+03	6.265250E-17	1.238034E-17
7.630000E+03	6.251962E-17	1.249936E-17
7.640000E+03	6.238731E-17	1.262543E-17
7.650000E+03	6.225854E-17	1.275839E-17
7.660000E+03	6.213062E-17	1.289696E-17
7.670000E+03	6.200651E-17	1.304104E-17
7.680000E+03	6.188352E-17	1.318941E-17
7.690000E+03	6.176459E-17	1.334205E-17
7.700000E+03	6.164843E-17	1.349810E-17
7.710000E+03	6.153515E-17	1.365702E-17
7.720000E+03	6.142487E-17	1.381831E-17
7.730000E+03	6.131770E-17	1.398151E-17
7.740000E+03	6.121373E-17	1.414616E-17
7.750000E+03	6.111166E-17	1.431154E-17
7.760000E+03	6.101441E-17	1.447793E-17
7.770000E+03	6.091924E-17	1.464430E-17
7.780000E+03	6.082623E-17	1.481033E-17
7.790000E+03	6.073690E-17	1.497605E-17
7.800000E+03	6.064990E-17	1.514083E-17
7.810000E+03	6.056531E-17	1.530440E-17
7.820000E+03	6.048177E-17	1.546615E-17
7.830000E+03	6.040078E-17	1.562620E-17
7.840000E+03	6.032099E-17	1.578397E-17
7.850000E+03	6.024102E-17	1.593888E-17
7.860000E+03	6.016235E-17	1.609109E-17
7.870000E+03	6.008218E-17	1.623966E-17
7.880000E+03	6.000199E-17	1.638478E-17
7.890000E+03	5.992038E-17	1.652589E-17
7.900000E+03	5.983595E-17	1.666243E-17
7.910000E+03	5.974874E-17	1.679423E-17
7.920000E+03	5.965588E-17	1.692031E-17
7.930000E+03	5.955739E-17	1.704050E-17
7.940000E+03	5.945474E-17	1.715505E-17
7.950000E+03	5.934357E-17	1.726258E-17
7.960000E+03	5.922680E-17	1.736375E-17
7.970000E+03	5.910151E-17	1.745760E-17
7.980000E+03	5.897059E-17	1.754483E-17
7.990000E+03	5.883403E-17	1.762533E-17
8.000000E+03	5.869181E-17	1.769900E-17
8.010000E+03	5.854538E-17	1.776618E-17
8.020000E+03	5.839765E-17	1.782769E-17
8.030000E+03	5.824713E-17	1.788303E-17
8.040000E+03	5.809527E-17	1.793258E-17
8.050000E+03	5.794354E-17	1.797676E-17
8.060000E+03	5.779339E-17	1.801600E-17
8.070000E+03	5.764481E-17	1.805028E-17
8.080000E+03	5.749780E-17	1.807958E-17
8.090000E+03	5.735382E-17	1.810436E-17
8.100000E+03	5.721140E-17	1.812416E-17
8.110000E+03	5.707348E-17	1.813989E-17
8.120000E+03	5.694006E-17	1.815159E-17
8.130000E+03	5.680965E-17	1.815877E-17
8.140000E+03	5.668374E-17	1.816192E-17
8.150000E+03	5.656233E-17	1.816105E-17
8.160000E+03	5.644540E-17	1.815617E-17
8.170000E+03	5.633297E-17	1.814730E-17
8.180000E+03	5.622502E-17	1.813445E-17
8.190000E+03	5.612154E-17	1.811763E-17
8.200000E+03	5.602404E-17	1.809734E-17
8.210000E+03	5.592951E-17	1.807263E-17
8.220000E+03	5.584094E-17	1.804447E-17
8.230000E+03	5.575683E-17	1.801239E-17
8.240000E+03	5.567869E-17	1.797691E-17
8.250000E+03	5.560346E-17	1.793704E-17
8.260000E+03	5.553266E-17	1.789329E-17
8.270000E+03	5.546781E-17	1.784618E-17
8.280000E+03	5.540584E-17	1.779471E-17
8.290000E+03	5.534980E-17	1.773990E-17
8.300000E+03	5.529661E-17	1.768078E-17
8.310000E+03	5.524779E-17	1.761784E-17
8.320000E+03	5.520332E-17	1.755110E-17
8.330000E+03	5.516165E-17	1.748008E-17
8.340000E+03	5.512429E-17	1.740529E-17
8.350000E+03	5.508969E-17	1.732626E-17
8.360000E+03	5.505936E-17	1.724350E-17
8.370000E+03	5.503330E-17	1.715702E-17
8.380000E+03	5.500834E-17	1.706587E-17
8.390000E+03	5.498760E-17	1.697104E-17
8.400000E+03	5.496948E-17	1.687209E-17
8.410000E+03	5.495394E-17	1.676904E-17
8.420000E+03	5.494096E-17	1.666192E-17
8.430000E+03	5.493050E-17	1.655077E-17
8.440000E+03	5.492253E-17	1.643563E-17
8.450000E+03	5.491541E-17	1.631606E-17
8.460000E+03	5.491069E-17	1.619261E-17
8.470000E+03	5.490674E-17	1.606486E-17
8.480000E+03	5.490512E-17	1.593333E-17
8.490000E+03	5.490578E-17	1.579810E-17
8.500000E+03	5.490544E-17	1.565832E-17
8.510000E+03	5.490730E-17	1.551500E-17
8.520000E+03	5.490803E-17	1.536731E-17
8.530000E+03	5.491085E-17	1.521630E-17
8.540000E+03	5.491243E-17	1.506115E-17
8.550000E+03	5.491435E-17	1.490246E-17
8.560000E+03	5.491654E-17	1.474037E-17
8.570000E+03	5.491729E-17	1.457460E-17
8.580000E+03	5.491819E-17	1.440576E-17
8.590000E+03	5.491583E-17	1.423316E-17
8.600000E+03	5.491347E-17	1.405789E-17
8.610000E+03	5.490937E-17	1.387975E-17
8.620000E+03	5.490345E-17	1.369898E-17
8.630000E+03	5.489392E-17	1.351544E-17
8.640000E+03	5.488411E-17	1.333025E-17
8.650000E+03	5.486882E-17	1.314250E-17
8.660000E+03	5.485136E-17	1.295337E-17
8.670000E+03	5.482993E-17	1.276283E-17
8.680000E+03	5.480270E-17	1.257089E-17
8.690000E+03	5.477303E-17	1.237880E-17
8.700000E+03	5.473735E-17	1.218625E-17
8.710000E+03	5.469728E-17	1.199415E-17
8.720000E+03	5.465098E-17	1.180266E-17
8.730000E+03	5.459834E-17	1.161239E-17
8.740000E+03	5.453922E-17	1.142398E-17
8.750000E+03	5.447352E-17	1.123809E-17
8.760000E+03	5.439934E-17	1.105509E-17
8.770000E+03	5.431833E-17	1.087610E-17
8.780000E+03	5.422858E-17	1.070154E-17
8.790000E+03	5.413174E-17	1.053260E-17
8.800000E+03	5.402412E-17	1.036945E-17
8.810000E+03	5.390737E-17	1.021332E-17
8.820000E+03	5.378134E-17	1.006510E-17
8.830000E+03	5.364591E-17	9.925719E-18
8.840000E+03	5.349913E-17	9.795739E-18
8.850000E+03	5.334449E-17	9.676719E-18
8.860000E+03	5.318006E-17	9.569191E-18
8.870000E+03	5.300572E-17	9.473976E-18
8.880000E+03	5.282132E-17	9.391835E-18
8.890000E+03	5.262860E-17	9.323781E-18
8.900000E+03	5.242559E-17	9.270083E-18
8.910000E+03	5.221588E-17	9.231881E-18
8.920000E+03	5.199568E-17	9.208887E-18
8.930000E+03	5.177048E-17	9.202011E-18
8.940000E+03	5.153653E-17	9.210054E-18
8.950000E+03	5.129568E-17	9.232683E-18
8.960000E+03	5.104790E-17	9.269145E-18
8.970000E+03	5.079505E-17	9.318956E-18
8.980000E+03	5.053713E-17	9.381243E-18
8.990000E+03	5.027413E-17	9.455092E-18
9.000000E+03	5.000418E-17	9.539201E-18
9.040000E+03	4.889074E-17	9.966161E-18
9.080000E+03	4.772352E-17	1.049493E-17
9.120000E+03	4.652502E-17	1.108019E-17
9.160000E+03	4.530686E-17	1.168553E-17
9.200000E+03	4.407904E-17	1.228461E-17
9.240000E+03	4.284985E-17	1.285921E-17
9.280000E+03	4.163178E-17	1.339915E-17
9.320000E+03	4.042741E-17	1.389629E-17
9.360000E+03	3.924130E-17	1.434666E-17
9.400000E+03	3.807795E-17	1.474892E-17
9.440000E+03	3.694184E-17	1.510378E-17
9.480000E+03	3.583324E-17	1.541167E-17
9.520000E+03	3.475435E-17	1.567476E-17
9.560000E+03	3.370936E-17	1.589692E-17
9.600000E+03	3.269399E-17	1.607858E-17
9.640000E+03	3.171006E-17	1.622324E-17
9.680000E+03	3.075933E-17	1.633467E-17
9.720000E+03	2.983919E-17	1.641446E-17
9.760000E+03	2.895116E-17	1.646639E-17
9.800000E+03	2.809241E-17	1.649180E-17
9.840000E+03	2.726424E-17	1.649430E-17
9.880000E+03	2.646575E-17	1.647616E-17
9.920000E+03	2.569594E-17	1.643946E-17
9.960000E+03	2.495160E-17	1.638470E-17
1.000000E+04	2.423157E-17	1.631345E-17
1.004000E+04	2.353888E-17	1.622999E-17
1.008000E+04	2.287010E-17	1.613421E-17
1.012000E+04	2.222389E-17	1.602714E-17
1.016000E+04	2.159885E-17	1.590965E-17
1.020000E+04	2.099563E-17	1.578395E-17
1.024000E+04	2.041275E-17	1.565061E-17
1.028000E+04	1.984866E-17	1.550997E-17
1.032000E+04	1.930388E-17	1.536386E-17
