#wls	flux	fluxerr
1.600000E+03	5.333877E-18	6.880514E-18
1.640000E+03	5.451610E-18	6.997115E-18
1.680000E+03	5.576180E-18	7.119856E-18
1.720000E+03	5.707580E-18	7.248489E-18
1.760000E+03	5.846273E-18	7.383352E-18
1.800000E+03	5.993167E-18	7.525313E-18
1.840000E+03	6.147101E-18	7.672617E-18
1.880000E+03	6.309378E-18	7.826589E-18
1.920000E+03	6.479741E-18	7.986576E-18
1.960000E+03	6.657900E-18	8.151874E-18
2.000000E+03	6.843064E-18	8.321166E-18
2.040000E+03	7.034904E-18	8.493704E-18
2.080000E+03	7.232154E-18	8.667610E-18
2.120000E+03	7.432684E-18	8.840011E-18
2.160000E+03	7.635790E-18	9.009783E-18
2.200000E+03	7.839043E-18	9.173797E-18
2.240000E+03	8.040584E-18	9.329672E-18
2.280000E+03	8.239511E-18	9.476198E-18
2.320000E+03	8.435809E-18	9.613211E-18
2.360000E+03	8.630687E-18	9.741924E-18
2.400000E+03	8.825666E-18	9.863846E-18
2.440000E+03	9.022152E-18	9.980286E-18
2.480000E+03	9.222586E-18	1.009361E-17
2.520000E+03	9.428080E-18	1.020463E-17
2.560000E+03	9.640373E-18	1.031474E-17
2.600000E+03	9.859957E-18	1.042393E-17
2.640000E+03	1.008761E-17	1.053243E-17
2.680000E+03	1.032331E-17	1.063959E-17
2.720000E+03	1.056702E-17	1.074472E-17
2.760000E+03	1.081867E-17	1.084708E-17
2.800000E+03	1.107785E-17	1.094556E-17
2.840000E+03	1.134415E-17	1.103907E-17
2.880000E+03	1.161781E-17	1.112714E-17
2.920000E+03	1.189841E-17	1.120865E-17
2.960000E+03	1.218705E-17	1.128389E-17
3.000000E+03	1.248386E-17	1.135215E-17
3.010000E+03	1.255977E-17	1.136842E-17
3.020000E+03	1.263607E-17	1.138408E-17
3.030000E+03	1.271274E-17	1.139909E-17
3.040000E+03	1.279034E-17	1.141395E-17
3.050000E+03	1.286855E-17	1.142836E-17
3.060000E+03	1.294737E-17	1.144230E-17
3.070000E+03	1.302706E-17	1.145597E-17
3.080000E+03	1.310731E-17	1.146909E-17
3.090000E+03	1.318810E-17	1.148164E-17
3.100000E+03	1.326997E-17	1.149407E-17
3.110000E+03	1.335235E-17	1.150585E-17
3.120000E+03	1.343550E-17	1.151720E-17
3.130000E+03	1.351911E-17	1.152785E-17
3.140000E+03	1.360399E-17	1.153845E-17
3.150000E+03	1.368931E-17	1.154829E-17
3.160000E+03	1.377531E-17	1.155756E-17
3.170000E+03	1.386223E-17	1.156644E-17
3.180000E+03	1.395007E-17	1.157490E-17
3.190000E+03	1.403827E-17	1.158247E-17
3.200000E+03	1.412759E-17	1.158977E-17
3.210000E+03	1.421751E-17	1.159633E-17
3.220000E+03	1.430825E-17	1.160232E-17
3.230000E+03	1.439955E-17	1.160752E-17
3.240000E+03	1.449163E-17	1.161209E-17
3.250000E+03	1.458449E-17	1.161600E-17
3.260000E+03	1.467809E-17	1.161921E-17
3.270000E+03	1.477219E-17	1.162151E-17
3.280000E+03	1.486700E-17	1.162305E-17
3.290000E+03	1.496251E-17	1.162380E-17
3.300000E+03	1.505845E-17	1.162355E-17
3.310000E+03	1.515507E-17	1.162246E-17
3.320000E+03	1.525210E-17	1.162031E-17
3.330000E+03	1.534977E-17	1.161727E-17
3.340000E+03	1.544782E-17	1.161312E-17
3.350000E+03	1.554625E-17	1.160784E-17
3.360000E+03	1.564504E-17	1.160143E-17
3.370000E+03	1.574418E-17	1.159384E-17
3.380000E+03	1.584367E-17	1.158508E-17
3.390000E+03	1.594326E-17	1.157494E-17
3.400000E+03	1.604318E-17	1.156359E-17
3.410000E+03	1.614295E-17	1.155067E-17
3.420000E+03	1.624304E-17	1.153651E-17
3.430000E+03	1.634299E-17	1.152077E-17
3.440000E+03	1.644279E-17	1.150345E-17
3.450000E+03	1.654244E-17	1.148454E-17
3.460000E+03	1.664172E-17	1.146390E-17
3.470000E+03	1.674086E-17	1.144166E-17
3.480000E+03	1.683964E-17	1.141769E-17
3.490000E+03	1.693784E-17	1.139184E-17
3.500000E+03	1.703547E-17	1.136412E-17
3.510000E+03	1.713232E-17	1.133439E-17
3.520000E+03	1.722862E-17	1.130283E-17
3.530000E+03	1.732374E-17	1.126901E-17
3.540000E+03	1.741791E-17	1.123311E-17
3.550000E+03	1.751093E-17	1.119502E-17
3.560000E+03	1.760283E-17	1.115475E-17
3.570000E+03	1.769320E-17	1.111209E-17
3.580000E+03	1.778186E-17	1.106695E-17
3.590000E+03	1.786905E-17	1.101948E-17
3.600000E+03	1.795417E-17	1.096937E-17
3.610000E+03	1.803747E-17	1.091678E-17
3.620000E+03	1.811877E-17	1.086166E-17
3.630000E+03	1.819771E-17	1.080381E-17
3.640000E+03	1.827412E-17	1.074318E-17
3.650000E+03	1.834804E-17	1.067984E-17
3.660000E+03	1.841913E-17	1.061364E-17
3.670000E+03	1.848764E-17	1.054478E-17
3.680000E+03	1.855300E-17	1.047298E-17
3.690000E+03	1.861529E-17	1.039835E-17
3.700000E+03	1.867436E-17	1.032086E-17
3.710000E+03	1.873026E-17	1.024061E-17
3.720000E+03	1.878267E-17	1.015749E-17
3.730000E+03	1.883165E-17	1.007159E-17
3.740000E+03	1.887707E-17	9.982920E-18
3.750000E+03	1.891898E-17	9.891583E-18
3.760000E+03	1.895727E-17	9.797586E-18
3.770000E+03	1.899200E-17	9.701038E-18
3.780000E+03	1.902304E-17	9.601953E-18
3.790000E+03	1.905028E-17	9.500349E-18
3.800000E+03	1.907415E-17	9.396525E-18
3.810000E+03	1.909416E-17	9.290315E-18
3.820000E+03	1.911057E-17	9.181926E-18
3.830000E+03	1.912361E-17	9.071558E-18
3.840000E+03	1.913299E-17	8.959145E-18
3.850000E+03	1.913878E-17	8.844804E-18
3.860000E+03	1.914121E-17	8.728729E-18
3.870000E+03	1.914035E-17	8.611029E-18
3.880000E+03	1.913627E-17	8.491811E-18
3.890000E+03	1.912883E-17	8.371104E-18
3.900000E+03	1.911829E-17	8.249094E-18
3.910000E+03	1.910469E-17	8.125886E-18
3.920000E+03	1.908810E-17	8.001583E-18
3.930000E+03	1.906857E-17	7.876290E-18
3.940000E+03	1.904615E-17	7.750108E-18
3.950000E+03	1.902107E-17	7.623209E-18
3.960000E+03	1.899338E-17	7.495691E-18
3.970000E+03	1.896297E-17	7.367583E-18
3.980000E+03	1.893022E-17	7.239117E-18
3.990000E+03	1.889500E-17	7.110321E-18
4.000000E+03	1.885754E-17	6.981354E-18
4.010000E+03	1.881788E-17	6.852308E-18
4.020000E+03	1.877590E-17	6.723215E-18
4.030000E+03	1.873197E-17	6.594289E-18
4.040000E+03	1.868596E-17	6.465561E-18
4.050000E+03	1.863809E-17	6.337180E-18
4.060000E+03	1.858838E-17	6.209235E-18
4.070000E+03	1.853689E-17	6.081817E-18
4.080000E+03	1.848364E-17	5.955017E-18
4.090000E+03	1.842883E-17	5.828977E-18
4.100000E+03	1.837234E-17	5.703736E-18
4.110000E+03	1.831419E-17	5.579389E-18
4.120000E+03	1.825476E-17	5.456126E-18
4.130000E+03	1.819373E-17	5.333943E-18
4.140000E+03	1.813131E-17	5.212983E-18
4.150000E+03	1.806753E-17	5.093343E-18
4.160000E+03	1.800241E-17	4.975121E-18
4.170000E+03	1.793599E-17	4.858417E-18
4.180000E+03	1.786829E-17	4.743333E-18
4.190000E+03	1.779934E-17	4.629973E-18
4.200000E+03	1.772917E-17	4.518444E-18
4.210000E+03	1.765780E-17	4.408854E-18
4.220000E+03	1.758526E-17	4.301316E-18
4.230000E+03	1.751143E-17	4.195906E-18
4.240000E+03	1.743632E-17	4.092743E-18
4.250000E+03	1.736013E-17	3.991982E-18
4.260000E+03	1.728286E-17	3.893744E-18
4.270000E+03	1.720425E-17	3.798084E-18
4.280000E+03	1.712447E-17	3.705163E-18
4.290000E+03	1.704355E-17	3.615108E-18
4.300000E+03	1.696151E-17	3.528044E-18
4.310000E+03	1.687837E-17	3.444097E-18
4.320000E+03	1.679401E-17	3.363363E-18
4.330000E+03	1.670875E-17	3.286022E-18
4.340000E+03	1.662231E-17	3.212134E-18
4.350000E+03	1.653502E-17	3.141867E-18
4.360000E+03	1.644690E-17	3.075325E-18
4.370000E+03	1.635810E-17	3.012628E-18
4.380000E+03	1.626866E-17	2.953859E-18
4.390000E+03	1.617872E-17	2.899108E-18
4.400000E+03	1.608819E-17	2.848308E-18
4.410000E+03	1.599711E-17	2.801327E-18
4.420000E+03	1.590527E-17	2.757966E-18
4.430000E+03	1.581245E-17	2.718025E-18
4.440000E+03	1.571871E-17	2.681346E-18
4.450000E+03	1.562386E-17	2.647717E-18
4.460000E+03	1.552782E-17	2.616950E-18
4.470000E+03	1.543069E-17	2.588879E-18
4.480000E+03	1.533213E-17	2.563270E-18
4.490000E+03	1.523224E-17	2.539959E-18
4.500000E+03	1.513097E-17	2.518765E-18
4.510000E+03	1.502817E-17	2.499487E-18
4.520000E+03	1.492380E-17	2.481957E-18
4.530000E+03	1.481785E-17	2.466011E-18
4.540000E+03	1.471029E-17	2.451494E-18
4.550000E+03	1.460112E-17	2.438262E-18
4.560000E+03	1.449021E-17	2.426156E-18
4.570000E+03	1.437742E-17	2.415027E-18
4.580000E+03	1.426304E-17	2.404804E-18
4.590000E+03	1.414682E-17	2.395336E-18
4.600000E+03	1.402864E-17	2.386504E-18
4.610000E+03	1.390868E-17	2.378244E-18
4.620000E+03	1.378697E-17	2.370479E-18
4.630000E+03	1.366317E-17	2.363073E-18
4.640000E+03	1.353771E-17	2.356033E-18
4.650000E+03	1.341015E-17	2.349217E-18
4.660000E+03	1.328079E-17	2.342626E-18
4.670000E+03	1.314959E-17	2.336198E-18
4.680000E+03	1.301649E-17	2.329879E-18
4.690000E+03	1.288146E-17	2.323618E-18
4.700000E+03	1.274446E-17	2.317371E-18
4.710000E+03	1.260571E-17	2.311142E-18
4.720000E+03	1.246507E-17	2.304869E-18
4.730000E+03	1.232259E-17	2.298504E-18
4.740000E+03	1.217862E-17	2.291994E-18
4.750000E+03	1.203314E-17	2.285222E-18
4.760000E+03	1.188672E-17	2.278191E-18
4.770000E+03	1.173924E-17	2.270776E-18
4.780000E+03	1.159113E-17	2.262970E-18
4.790000E+03	1.144260E-17	2.254731E-18
4.800000E+03	1.129363E-17	2.245975E-18
4.810000E+03	1.114453E-17	2.236695E-18
4.820000E+03	1.099561E-17	2.226891E-18
4.830000E+03	1.084681E-17	2.216499E-18
4.840000E+03	1.069844E-17	2.205532E-18
4.850000E+03	1.055067E-17	2.193983E-18
4.860000E+03	1.040356E-17	2.181830E-18
4.870000E+03	1.025727E-17	2.169078E-18
4.880000E+03	1.011207E-17	2.155759E-18
4.890000E+03	9.967991E-18	2.141863E-18
4.900000E+03	9.825286E-18	2.127430E-18
4.910000E+03	9.683886E-18	2.112437E-18
4.920000E+03	9.544023E-18	2.096930E-18
4.930000E+03	9.405822E-18	2.080935E-18
4.940000E+03	9.269302E-18	2.064461E-18
4.950000E+03	9.134673E-18	2.047560E-18
4.960000E+03	9.001944E-18	2.030243E-18
4.970000E+03	8.871308E-18	2.012566E-18
4.980000E+03	8.742766E-18	1.994544E-18
4.990000E+03	8.616406E-18	1.976214E-18
5.000000E+03	8.492225E-18	1.957593E-18
5.010000E+03	8.370475E-18	1.938759E-18
5.020000E+03	8.251054E-18	1.919711E-18
5.030000E+03	8.134031E-18	1.900487E-18
5.040000E+03	8.019556E-18	1.881146E-18
5.050000E+03	7.907601E-18	1.861706E-18
5.060000E+03	7.798222E-18	1.842205E-18
5.070000E+03	7.691470E-18	1.822682E-18
5.080000E+03	7.587391E-18	1.803174E-18
5.090000E+03	7.485950E-18	1.783698E-18
5.100000E+03	7.387189E-18	1.764291E-18
5.110000E+03	7.291222E-18	1.745008E-18
5.120000E+03	7.197931E-18	1.725845E-18
5.130000E+03	7.107499E-18	1.706874E-18
5.140000E+03	7.019734E-18	1.688075E-18
5.150000E+03	6.934811E-18	1.669515E-18
5.160000E+03	6.852684E-18	1.651209E-18
5.170000E+03	6.773378E-18	1.633187E-18
5.180000E+03	6.696915E-18	1.615481E-18
5.190000E+03	6.623248E-18	1.598102E-18
5.200000E+03	6.552401E-18	1.581080E-18
5.210000E+03	6.484326E-18	1.564428E-18
5.220000E+03	6.419178E-18	1.548204E-18
5.230000E+03	6.356778E-18	1.532388E-18
5.240000E+03	6.297214E-18	1.517023E-18
5.250000E+03	6.240504E-18	1.502135E-18
5.260000E+03	6.186669E-18	1.487749E-18
5.270000E+03	6.135604E-18	1.473860E-18
5.280000E+03	6.087395E-18	1.460508E-18
5.290000E+03	6.042001E-18	1.447704E-18
5.300000E+03	5.999448E-18	1.435473E-18
5.310000E+03	5.959700E-18	1.423823E-18
5.320000E+03	5.922844E-18	1.412794E-18
5.330000E+03	5.888788E-18	1.402383E-18
5.340000E+03	5.857563E-18	1.392614E-18
5.350000E+03	5.829142E-18	1.383497E-18
5.360000E+03	5.803618E-18	1.375073E-18
5.370000E+03	5.780854E-18	1.367326E-18
5.380000E+03	5.760945E-18	1.360294E-18
5.390000E+03	5.743877E-18	1.353990E-18
5.400000E+03	5.729635E-18	1.348429E-18
5.410000E+03	5.718094E-18	1.343597E-18
5.420000E+03	5.709247E-18	1.339508E-18
5.430000E+03	5.703090E-18	1.336179E-18
5.440000E+03	5.699392E-18	1.333571E-18
5.450000E+03	5.698154E-18	1.331700E-18
5.460000E+03	5.699205E-18	1.330545E-18
5.470000E+03	5.702493E-18	1.330109E-18
5.480000E+03	5.708248E-18	1.330461E-18
5.490000E+03	5.716478E-18	1.331620E-18
5.500000E+03	5.727393E-18	1.333643E-18
5.510000E+03	5.741023E-18	1.336529E-18
5.520000E+03	5.757559E-18	1.340308E-18
5.530000E+03	5.776906E-18	1.344945E-18
5.540000E+03	5.799148E-18	1.350446E-18
5.550000E+03	5.824254E-18	1.356791E-18
5.560000E+03	5.852372E-18	1.363998E-18
5.570000E+03	5.883420E-18	1.372036E-18
5.580000E+03	5.917432E-18	1.380898E-18
5.590000E+03	5.954389E-18	1.390565E-18
5.600000E+03	5.994394E-18	1.401046E-18
5.610000E+03	6.037371E-18	1.412310E-18
5.620000E+03	6.083366E-18	1.424352E-18
5.630000E+03	6.132430E-18	1.437170E-18
5.640000E+03	6.184554E-18	1.450745E-18
5.650000E+03	6.239793E-18	1.465078E-18
5.660000E+03	6.298076E-18	1.480134E-18
5.670000E+03	6.359460E-18	1.495914E-18
5.680000E+03	6.424008E-18	1.512417E-18
5.690000E+03	6.491716E-18	1.529625E-18
5.700000E+03	6.562582E-18	1.547525E-18
5.710000E+03	6.636603E-18	1.566100E-18
5.720000E+03	6.713916E-18	1.585367E-18
5.730000E+03	6.794380E-18	1.605279E-18
5.740000E+03	6.878135E-18	1.625853E-18
5.750000E+03	6.965182E-18	1.647075E-18
5.760000E+03	7.055443E-18	1.668913E-18
5.770000E+03	7.148989E-18	1.691370E-18
5.780000E+03	7.245894E-18	1.714450E-18
5.790000E+03	7.346077E-18	1.738120E-18
5.800000E+03	7.449527E-18	1.762367E-18
5.810000E+03	7.556400E-18	1.787215E-18
5.820000E+03	7.666521E-18	1.812613E-18
5.830000E+03	7.779959E-18	1.838567E-18
5.840000E+03	7.896698E-18	1.865066E-18
5.850000E+03	8.016718E-18	1.892099E-18
5.860000E+03	8.140086E-18	1.919674E-18
5.870000E+03	8.266595E-18	1.947741E-18
5.880000E+03	8.396396E-18	1.976333E-18
5.890000E+03	8.529361E-18	2.005420E-18
5.900000E+03	8.665449E-18	2.034996E-18
5.910000E+03	8.804610E-18	2.065054E-18
5.920000E+03	8.946793E-18	2.095591E-18
5.930000E+03	9.092040E-18	2.126628E-18
5.940000E+03	9.240081E-18	2.158117E-18
5.950000E+03	9.390837E-18	2.190058E-18
5.960000E+03	9.544331E-18	2.222480E-18
5.970000E+03	9.700477E-18	2.255387E-18
5.980000E+03	9.858952E-18	2.288737E-18
5.990000E+03	1.001987E-17	2.322593E-18
6.000000E+03	1.018277E-17	2.356886E-18
6.010000E+03	1.034787E-17	2.391714E-18
6.020000E+03	1.051468E-17	2.427012E-18
6.030000E+03	1.068303E-17	2.462802E-18
6.040000E+03	1.085288E-17	2.499134E-18
6.050000E+03	1.102394E-17	2.536007E-18
6.060000E+03	1.119602E-17	2.573451E-18
6.070000E+03	1.136865E-17	2.611436E-18
6.080000E+03	1.154189E-17	2.650059E-18
6.090000E+03	1.171509E-17	2.689260E-18
6.100000E+03	1.188830E-17	2.729140E-18
6.110000E+03	1.206113E-17	2.769709E-18
6.120000E+03	1.223316E-17	2.810971E-18
6.130000E+03	1.240412E-17	2.852968E-18
6.140000E+03	1.257389E-17	2.895775E-18
6.150000E+03	1.274201E-17	2.939397E-18
6.160000E+03	1.290818E-17	2.983874E-18
6.170000E+03	1.307243E-17	3.029318E-18
6.180000E+03	1.323411E-17	3.075689E-18
6.190000E+03	1.339308E-17	3.123058E-18
6.200000E+03	1.354924E-17	3.171460E-18
6.210000E+03	1.370256E-17	3.220880E-18
6.220000E+03	1.385267E-17	3.271208E-18
6.230000E+03	1.399938E-17	3.322366E-18
6.240000E+03	1.414270E-17	3.374312E-18
6.250000E+03	1.428224E-17	3.426909E-18
6.260000E+03	1.441802E-17	3.480105E-18
6.270000E+03	1.454986E-17	3.533794E-18
6.280000E+03	1.467779E-17	3.587917E-18
6.290000E+03	1.480164E-17	3.642362E-18
6.300000E+03	1.492128E-17	3.697013E-18
6.310000E+03	1.503675E-17	3.751802E-18
6.320000E+03	1.514812E-17	3.806663E-18
6.330000E+03	1.525507E-17	3.861423E-18
6.340000E+03	1.535768E-17	3.916013E-18
6.350000E+03	1.545605E-17	3.970366E-18
6.360000E+03	1.554987E-17	4.024306E-18
6.370000E+03	1.563948E-17	4.077825E-18
6.380000E+03	1.572480E-17	4.130806E-18
6.390000E+03	1.580577E-17	4.183135E-18
6.400000E+03	1.588230E-17	4.234695E-18
6.410000E+03	1.595481E-17	4.285498E-18
6.420000E+03	1.602301E-17	4.335375E-18
6.430000E+03	1.608735E-17	4.384351E-18
6.440000E+03	1.614780E-17	4.432326E-18
6.450000E+03	1.620434E-17	4.479208E-18
6.460000E+03	1.625721E-17	4.524973E-18
6.470000E+03	1.630641E-17	4.569535E-18
6.480000E+03	1.635220E-17	4.612882E-18
6.490000E+03	1.639408E-17	4.654798E-18
6.500000E+03	1.643258E-17	4.695348E-18
6.510000E+03	1.646772E-17	4.734464E-18
6.520000E+03	1.649927E-17	4.772006E-18
6.530000E+03	1.652753E-17	4.807987E-18
6.540000E+03	1.655253E-17	4.842349E-18
6.550000E+03	1.657431E-17	4.875038E-18
6.560000E+03	1.659292E-17	4.906006E-18
6.570000E+03	1.660867E-17	4.935285E-18
6.580000E+03	1.662137E-17	4.962756E-18
6.590000E+03	1.663104E-17	4.988380E-18
6.600000E+03	1.663805E-17	5.012206E-18
6.610000E+03	1.664243E-17	5.034205E-18
6.620000E+03	1.664400E-17	5.054268E-18
6.630000E+03	1.664309E-17	5.072456E-18
6.640000E+03	1.663949E-17	5.088666E-18
6.650000E+03	1.663385E-17	5.103053E-18
6.660000E+03	1.662566E-17	5.115435E-18
6.670000E+03	1.661501E-17	5.125800E-18
6.680000E+03	1.660225E-17	5.134230E-18
6.690000E+03	1.658746E-17	5.140723E-18
6.700000E+03	1.657045E-17	5.145190E-18
6.710000E+03	1.655128E-17	5.147632E-18
6.720000E+03	1.653032E-17	5.148144E-18
6.730000E+03	1.650737E-17	5.146644E-18
6.740000E+03	1.648280E-17	5.143233E-18
6.750000E+03	1.645611E-17	5.137740E-18
6.760000E+03	1.642796E-17	5.130364E-18
6.770000E+03	1.639784E-17	5.120936E-18
6.780000E+03	1.636644E-17	5.109660E-18
6.790000E+03	1.633324E-17	5.096372E-18
6.800000E+03	1.629862E-17	5.081187E-18
6.810000E+03	1.626265E-17	5.064129E-18
6.820000E+03	1.622513E-17	5.045131E-18
6.830000E+03	1.618644E-17	5.024315E-18
6.840000E+03	1.614635E-17	5.001615E-18
6.850000E+03	1.610524E-17	4.977157E-18
6.860000E+03	1.606260E-17	4.950786E-18
6.870000E+03	1.601910E-17	4.922721E-18
6.880000E+03	1.597452E-17	4.892904E-18
6.890000E+03	1.592895E-17	4.861372E-18
6.900000E+03	1.588215E-17	4.828070E-18
6.910000E+03	1.583481E-17	4.793220E-18
6.920000E+03	1.578610E-17	4.756585E-18
6.930000E+03	1.573699E-17	4.718482E-18
6.940000E+03	1.568697E-17	4.678768E-18
6.950000E+03	1.563610E-17	4.637486E-18
6.960000E+03	1.558476E-17	4.594771E-18
6.970000E+03	1.553272E-17	4.550574E-18
6.980000E+03	1.548005E-17	4.504943E-18
6.990000E+03	1.542683E-17	4.457922E-18
7.000000E+03	1.537312E-17	4.409559E-18
7.010000E+03	1.531900E-17	4.359899E-18
7.020000E+03	1.526422E-17	4.308906E-18
7.030000E+03	1.520947E-17	4.256799E-18
7.040000E+03	1.515391E-17	4.203374E-18
7.050000E+03	1.509849E-17	4.148932E-18
7.060000E+03	1.504240E-17	4.093276E-18
7.070000E+03	1.498630E-17	4.036624E-18
7.080000E+03	1.492994E-17	3.978946E-18
7.090000E+03	1.487340E-17	3.920298E-18
7.100000E+03	1.481704E-17	3.860811E-18
7.110000E+03	1.476031E-17	3.800387E-18
7.120000E+03	1.470359E-17	3.739161E-18
7.130000E+03	1.464663E-17	3.677118E-18
7.140000E+03	1.458979E-17	3.614392E-18
7.150000E+03	1.453313E-17	3.551045E-18
7.160000E+03	1.447642E-17	3.487068E-18
7.170000E+03	1.442000E-17	3.422599E-18
7.180000E+03	1.436335E-17	3.357566E-18
7.190000E+03	1.430712E-17	3.292178E-18
7.200000E+03	1.425106E-17	3.226441E-18
7.210000E+03	1.419493E-17	3.160365E-18
7.220000E+03	1.413910E-17	3.094099E-18
7.230000E+03	1.408360E-17	3.027724E-18
7.240000E+03	1.402822E-17	2.961269E-18
7.250000E+03	1.397299E-17	2.894828E-18
7.260000E+03	1.391798E-17	2.828502E-18
7.270000E+03	1.386324E-17	2.762396E-18
7.280000E+03	1.380883E-17	2.696625E-18
7.290000E+03	1.375421E-17	2.631197E-18
7.300000E+03	1.370003E-17	2.566355E-18
7.310000E+03	1.364605E-17	2.502182E-18
7.320000E+03	1.359203E-17	2.438777E-18
7.330000E+03	1.353832E-17	2.376352E-18
7.340000E+03	1.348440E-17	2.314981E-18
7.350000E+03	1.343032E-17	2.254854E-18
7.360000E+03	1.337615E-17	2.196172E-18
7.370000E+03	1.332165E-17	2.139107E-18
7.380000E+03	1.326716E-17	2.083934E-18
7.390000E+03	1.321189E-17	2.030766E-18
7.400000E+03	1.315646E-17	1.979951E-18
7.410000E+03	1.310036E-17	1.931676E-18
7.420000E+03	1.304393E-17	1.886265E-18
7.430000E+03	1.298695E-17	1.843965E-18
7.440000E+03	1.292946E-17	1.805071E-18
7.450000E+03	1.287180E-17	1.769908E-18
7.460000E+03	1.281374E-17	1.738718E-18
7.470000E+03	1.275615E-17	1.711877E-18
7.480000E+03	1.269854E-17	1.689550E-18
7.490000E+03	1.264149E-17	1.672019E-18
7.500000E+03	1.258479E-17	1.659418E-18
7.510000E+03	1.252928E-17	1.651978E-18
7.520000E+03	1.247471E-17	1.649632E-18
7.530000E+03	1.242105E-17	1.652152E-18
7.540000E+03	1.236854E-17	1.659297E-18
7.550000E+03	1.231715E-17	1.670765E-18
7.560000E+03	1.226738E-17	1.686306E-18
7.570000E+03	1.221866E-17	1.705511E-18
7.580000E+03	1.217125E-17	1.728081E-18
7.590000E+03	1.212536E-17	1.753719E-18
7.600000E+03	1.208072E-17	1.782064E-18
7.610000E+03	1.203756E-17	1.812843E-18
7.620000E+03	1.199557E-17	1.845722E-18
7.630000E+03	1.195529E-17	1.880509E-18
7.640000E+03	1.191614E-17	1.916864E-18
7.650000E+03	1.187864E-17	1.954638E-18
7.660000E+03	1.184222E-17	1.993528E-18
7.670000E+03	1.180740E-17	2.033427E-18
7.680000E+03	1.177363E-17	2.074065E-18
7.690000E+03	1.174141E-17	2.115374E-18
7.700000E+03	1.171046E-17	2.157161E-18
7.710000E+03	1.168077E-17	2.199295E-18
7.720000E+03	1.165230E-17	2.241658E-18
7.730000E+03	1.162505E-17	2.284142E-18
7.740000E+03	1.159899E-17	2.326651E-18
7.750000E+03	1.157385E-17	2.369045E-18
7.760000E+03	1.155013E-17	2.411355E-18
7.770000E+03	1.152730E-17	2.453399E-18
7.780000E+03	1.150532E-17	2.495112E-18
7.790000E+03	1.148447E-17	2.536494E-18
7.800000E+03	1.146444E-17	2.577433E-18
7.810000E+03	1.144524E-17	2.617879E-18
7.820000E+03	1.142658E-17	2.657727E-18
7.830000E+03	1.140871E-17	2.696994E-18
7.840000E+03	1.139135E-17	2.735581E-18
7.850000E+03	1.137422E-17	2.773383E-18
7.860000E+03	1.135757E-17	2.810432E-18
7.870000E+03	1.134086E-17	2.846560E-18
7.880000E+03	1.132433E-17	2.881801E-18
7.890000E+03	1.130771E-17	2.916056E-18
7.900000E+03	1.129072E-17	2.949223E-18
7.910000E+03	1.127333E-17	2.981273E-18
7.920000E+03	1.125499E-17	3.012030E-18
7.930000E+03	1.123569E-17	3.041462E-18
7.940000E+03	1.121569E-17	3.069612E-18
7.950000E+03	1.119414E-17	3.096228E-18
7.960000E+03	1.117159E-17	3.121430E-18
7.970000E+03	1.114746E-17	3.145038E-18
7.980000E+03	1.112229E-17	3.167180E-18
7.990000E+03	1.109607E-17	3.187834E-18
8.000000E+03	1.106877E-17	3.206979E-18
8.010000E+03	1.104066E-17	3.224676E-18
8.020000E+03	1.101227E-17	3.241073E-18
8.030000E+03	1.098332E-17	3.256076E-18
8.040000E+03	1.095406E-17	3.269759E-18
8.050000E+03	1.092477E-17	3.282196E-18
8.060000E+03	1.089571E-17	3.293465E-18
8.070000E+03	1.086687E-17	3.303565E-18
8.080000E+03	1.083824E-17	3.312492E-18
8.090000E+03	1.081008E-17	3.320331E-18
8.100000E+03	1.078213E-17	3.326996E-18
8.110000E+03	1.075491E-17	3.332660E-18
8.120000E+03	1.072844E-17	3.337326E-18
8.130000E+03	1.070242E-17	3.340909E-18
8.140000E+03	1.067712E-17	3.343498E-18
8.150000E+03	1.065255E-17	3.345096E-18
8.160000E+03	1.062869E-17	3.345708E-18
8.170000E+03	1.060556E-17	3.345336E-18
8.180000E+03	1.058313E-17	3.343983E-18
8.190000E+03	1.056140E-17	3.341653E-18
8.200000E+03	1.054067E-17	3.338439E-18
8.210000E+03	1.052035E-17	3.334165E-18
8.220000E+03	1.050102E-17	3.329014E-18
8.230000E+03	1.048238E-17	3.322901E-18
8.240000E+03	1.046472E-17	3.315918E-18
8.250000E+03	1.044747E-17	3.307888E-18
8.260000E+03	1.043090E-17	3.298905E-18
8.270000E+03	1.041532E-17	3.289062E-18
8.280000E+03	1.040013E-17	3.278183E-18
8.290000E+03	1.038592E-17	3.266452E-18
8.300000E+03	1.037210E-17	3.253690E-18
8.310000E+03	1.035897E-17	3.239992E-18
8.320000E+03	1.034652E-17	3.225362E-18
8.330000E+03	1.033447E-17	3.209711E-18
8.340000E+03	1.032310E-17	3.193135E-18
8.350000E+03	1.031211E-17	3.175548E-18
8.360000E+03	1.030181E-17	3.157043E-18
8.370000E+03	1.029220E-17	3.137625E-18
8.380000E+03	1.028267E-17	3.117119E-18
8.390000E+03	1.027383E-17	3.095710E-18
8.400000E+03	1.026537E-17	3.073313E-18
8.410000E+03	1.025731E-17	3.049935E-18
8.420000E+03	1.024962E-17	3.025581E-18
8.430000E+03	1.024233E-17	3.000260E-18
8.440000E+03	1.023542E-17	2.973978E-18
8.450000E+03	1.022860E-17	2.946658E-18
8.460000E+03	1.022216E-17	2.918396E-18
8.470000E+03	1.021581E-17	2.889115E-18
8.480000E+03	1.020985E-17	2.858914E-18
8.490000E+03	1.020427E-17	2.827803E-18
8.500000E+03	1.019847E-17	2.795628E-18
8.510000E+03	1.019306E-17	2.762571E-18
8.520000E+03	1.018744E-17	2.728485E-18
8.530000E+03	1.018219E-17	2.693551E-18
8.540000E+03	1.017673E-17	2.657627E-18
8.550000E+03	1.017135E-17	2.620816E-18
8.560000E+03	1.016605E-17	2.583142E-18
8.570000E+03	1.016052E-17	2.544554E-18
8.580000E+03	1.015508E-17	2.505159E-18
8.590000E+03	1.014910E-17	2.464838E-18
8.600000E+03	1.014320E-17	2.423778E-18
8.610000E+03	1.013707E-17	2.381945E-18
8.620000E+03	1.013071E-17	2.339380E-18
8.630000E+03	1.012381E-17	2.296063E-18
8.640000E+03	1.011699E-17	2.252188E-18
8.650000E+03	1.010930E-17	2.207604E-18
8.660000E+03	1.010138E-17	2.162517E-18
8.670000E+03	1.009291E-17	2.116929E-18
8.680000E+03	1.008357E-17	2.070856E-18
8.690000E+03	1.007398E-17	2.024518E-18
8.700000E+03	1.006352E-17	1.977883E-18
8.710000E+03	1.005250E-17	1.931125E-18
8.720000E+03	1.004060E-17	1.884299E-18
8.730000E+03	1.002780E-17	1.837541E-18
8.740000E+03	1.001412E-17	1.790999E-18
8.750000E+03	9.999533E-18	1.744833E-18
8.760000E+03	9.983727E-18	1.699169E-18
8.770000E+03	9.967014E-18	1.654258E-18
8.780000E+03	9.949067E-18	1.610264E-18
8.790000E+03	9.930205E-18	1.567476E-18
8.800000E+03	9.909770E-18	1.526048E-18
8.810000E+03	9.888079E-18	1.486313E-18
8.820000E+03	9.865129E-18	1.448570E-18
8.830000E+03	9.840911E-18	1.413136E-18
8.840000E+03	9.815089E-18	1.380298E-18
8.850000E+03	9.788318E-18	1.350493E-18
8.860000E+03	9.760261E-18	1.324020E-18
8.870000E+03	9.730912E-18	1.301224E-18
8.880000E+03	9.700264E-18	1.282430E-18
8.890000E+03	9.668649E-18	1.267983E-18
8.900000E+03	9.635723E-18	1.258100E-18
8.910000E+03	9.602161E-18	1.253079E-18
8.920000E+03	9.567280E-18	1.252975E-18
8.930000E+03	9.532084E-18	1.257908E-18
8.940000E+03	9.495860E-18	1.267600E-18
8.950000E+03	9.458916E-18	1.281847E-18
8.960000E+03	9.421223E-18	1.300356E-18
8.970000E+03	9.383096E-18	1.322851E-18
8.980000E+03	9.344510E-18	1.348989E-18
8.990000E+03	9.305438E-18	1.378422E-18
9.000000E+03	9.265506E-18	1.410746E-18
9.040000E+03	9.103369E-18	1.563442E-18
9.080000E+03	8.936310E-18	1.740296E-18
9.120000E+03	8.767238E-18	1.928698E-18
9.160000E+03	8.597204E-18	2.120229E-18
9.200000E+03	8.427123E-18	2.309554E-18
9.240000E+03	8.257730E-18	2.493320E-18
9.280000E+03	8.090722E-18	2.669809E-18
9.320000E+03	7.926023E-18	2.837650E-18
9.360000E+03	7.764040E-18	2.996176E-18
9.400000E+03	7.605282E-18	3.145153E-18
9.440000E+03	7.450343E-18	3.284687E-18
9.480000E+03	7.299053E-18	3.414757E-18
9.520000E+03	7.151694E-18	3.535666E-18
9.560000E+03	7.009025E-18	3.648080E-18
9.600000E+03	6.870098E-18	3.751871E-18
9.640000E+03	6.735265E-18	3.847599E-18
9.680000E+03	6.604901E-18	3.935905E-18
9.720000E+03	6.478486E-18	4.016930E-18
9.760000E+03	6.356399E-18	4.091354E-18
9.800000E+03	6.238088E-18	4.159285E-18
9.840000E+03	6.123925E-18	4.221414E-18
9.880000E+03	6.013803E-18	4.278127E-18
9.920000E+03	5.907601E-18	4.329786E-18
9.960000E+03	5.804687E-18	4.376354E-18
1.000000E+04	5.704887E-18	4.418086E-18
1.004000E+04	5.609017E-18	4.456007E-18
1.008000E+04	5.516386E-18	4.489970E-18
1.012000E+04	5.426774E-18	4.520159E-18
1.016000E+04	5.339943E-18	4.546716E-18
1.020000E+04	5.256156E-18	4.570194E-18
1.024000E+04	5.175146E-18	4.590684E-18
1.028000E+04	5.096623E-18	4.608230E-18
1.032000E+04	5.020814E-18	4.623323E-18
