#wls	flux	fluxerr
1.600000E+03	1.676471E-16	1.626658E-16
1.640000E+03	1.725948E-16	1.646803E-16
1.680000E+03	1.772303E-16	1.661802E-16
1.720000E+03	1.815180E-16	1.671437E-16
1.760000E+03	1.853480E-16	1.674847E-16
1.800000E+03	1.887127E-16	1.672163E-16
1.840000E+03	1.914977E-16	1.662609E-16
1.880000E+03	1.936743E-16	1.646230E-16
1.920000E+03	1.951791E-16	1.622819E-16
1.960000E+03	1.959210E-16	1.592004E-16
2.000000E+03	1.958771E-16	1.554043E-16
2.040000E+03	1.949850E-16	1.508921E-16
2.080000E+03	1.931949E-16	1.456785E-16
2.120000E+03	1.904722E-16	1.397953E-16
2.160000E+03	1.867767E-16	1.332745E-16
2.200000E+03	1.820501E-16	1.261409E-16
2.240000E+03	1.762442E-16	1.184327E-16
2.280000E+03	1.693905E-16	1.102453E-16
2.320000E+03	1.616299E-16	1.017418E-16
2.360000E+03	1.532009E-16	9.313362E-17
2.400000E+03	1.442937E-16	8.458401E-17
2.440000E+03	1.350806E-16	7.622940E-17
2.480000E+03	1.256867E-16	6.816537E-17
2.520000E+03	1.162419E-16	6.047845E-17
2.560000E+03	1.068512E-16	5.323049E-17
2.600000E+03	9.762186E-17	4.647415E-17
2.640000E+03	8.863983E-17	4.024179E-17
2.680000E+03	7.998432E-17	3.455410E-17
2.720000E+03	7.172569E-17	2.942001E-17
2.760000E+03	6.391751E-17	2.483462E-17
2.800000E+03	5.660512E-17	2.078437E-17
2.840000E+03	4.982205E-17	1.724683E-17
2.880000E+03	4.359341E-17	1.419338E-17
2.920000E+03	3.793491E-17	1.159004E-17
2.960000E+03	3.284991E-17	9.397950E-18
3.000000E+03	2.833029E-17	7.575163E-18
3.010000E+03	2.728651E-17	7.172030E-18
3.020000E+03	2.627585E-17	6.788405E-18
3.030000E+03	2.529884E-17	6.423857E-18
3.040000E+03	2.435365E-17	6.077361E-18
3.050000E+03	2.344067E-17	5.748480E-18
3.060000E+03	2.255915E-17	5.436490E-18
3.070000E+03	2.170879E-17	5.140796E-18
3.080000E+03	2.088791E-17	4.860492E-18
3.090000E+03	2.009706E-17	4.595218E-18
3.100000E+03	1.933462E-17	4.344116E-18
3.110000E+03	1.860061E-17	4.106726E-18
3.120000E+03	1.789421E-17	3.882411E-18
3.130000E+03	1.721428E-17	3.670486E-18
3.140000E+03	1.656072E-17	3.470505E-18
3.150000E+03	1.593243E-17	3.281821E-18
3.160000E+03	1.532894E-17	3.103944E-18
3.170000E+03	1.474947E-17	2.936332E-18
3.180000E+03	1.419328E-17	2.778468E-18
3.190000E+03	1.365987E-17	2.629899E-18
3.200000E+03	1.314850E-17	2.490139E-18
3.210000E+03	1.265822E-17	2.358682E-18
3.220000E+03	1.218878E-17	2.235164E-18
3.230000E+03	1.173925E-17	2.119118E-18
3.240000E+03	1.130917E-17	2.010166E-18
3.250000E+03	1.089784E-17	1.907912E-18
3.260000E+03	1.050445E-17	1.811948E-18
3.270000E+03	1.012870E-17	1.721972E-18
3.280000E+03	9.769618E-18	1.637583E-18
3.290000E+03	9.426914E-18	1.558504E-18
3.300000E+03	9.099962E-18	1.484418E-18
3.310000E+03	8.787894E-18	1.414979E-18
3.320000E+03	8.490406E-18	1.349949E-18
3.330000E+03	8.206922E-18	1.289055E-18
3.340000E+03	7.936768E-18	1.232021E-18
3.350000E+03	7.679416E-18	1.178607E-18
3.360000E+03	7.434350E-18	1.128585E-18
3.370000E+03	7.201073E-18	1.081740E-18
3.380000E+03	6.979099E-18	1.037871E-18
3.390000E+03	6.767960E-18	9.967856E-19
3.400000E+03	6.567116E-18	9.582938E-19
3.410000E+03	6.376058E-18	9.222175E-19
3.420000E+03	6.194541E-18	8.884254E-19
3.430000E+03	6.021930E-18	8.567380E-19
3.440000E+03	5.857931E-18	8.270322E-19
3.450000E+03	5.702115E-18	7.991722E-19
3.460000E+03	5.554140E-18	7.730417E-19
3.470000E+03	5.413554E-18	7.485142E-19
3.480000E+03	5.279994E-18	7.254822E-19
3.490000E+03	5.153180E-18	7.038543E-19
3.500000E+03	5.032728E-18	6.835296E-19
3.510000E+03	4.918389E-18	6.644305E-19
3.520000E+03	4.809715E-18	6.464560E-19
3.530000E+03	4.706497E-18	6.295418E-19
3.540000E+03	4.608389E-18	6.136081E-19
3.550000E+03	4.515117E-18	5.985881E-19
3.560000E+03	4.426425E-18	5.844205E-19
3.570000E+03	4.341986E-18	5.710368E-19
3.580000E+03	4.261670E-18	5.583972E-19
3.590000E+03	4.185225E-18	5.464478E-19
3.600000E+03	4.112416E-18	5.351390E-19
3.610000E+03	4.043143E-18	5.244402E-19
3.620000E+03	3.977154E-18	5.143029E-19
3.630000E+03	3.914290E-18	5.046918E-19
3.640000E+03	3.854399E-18	4.955742E-19
3.650000E+03	3.797340E-18	4.869194E-19
3.660000E+03	3.742976E-18	4.786987E-19
3.670000E+03	3.691178E-18	4.708852E-19
3.680000E+03	3.641856E-18	4.634581E-19
3.690000E+03	3.594924E-18	4.563973E-19
3.700000E+03	3.550263E-18	4.496800E-19
3.710000E+03	3.507887E-18	4.433003E-19
3.720000E+03	3.467649E-18	4.372331E-19
3.730000E+03	3.429531E-18	4.314697E-19
3.740000E+03	3.393452E-18	4.259944E-19
3.750000E+03	3.359363E-18	4.207957E-19
3.760000E+03	3.327269E-18	4.158698E-19
3.770000E+03	3.297036E-18	4.111956E-19
3.780000E+03	3.268669E-18	4.067700E-19
3.790000E+03	3.242146E-18	4.025868E-19
3.800000E+03	3.217361E-18	3.986299E-19
3.810000E+03	3.194319E-18	3.948973E-19
3.820000E+03	3.172996E-18	3.913835E-19
3.830000E+03	3.153316E-18	3.880773E-19
3.840000E+03	3.135230E-18	3.849708E-19
3.850000E+03	3.118768E-18	3.820661E-19
3.860000E+03	3.103829E-18	3.793496E-19
3.870000E+03	3.090416E-18	3.768207E-19
3.880000E+03	3.078483E-18	3.744727E-19
3.890000E+03	3.068009E-18	3.723021E-19
3.900000E+03	3.058971E-18	3.703058E-19
3.910000E+03	3.051301E-18	3.684747E-19
3.920000E+03	3.044980E-18	3.668060E-19
3.930000E+03	3.040011E-18	3.652999E-19
3.940000E+03	3.036353E-18	3.639507E-19
3.950000E+03	3.033963E-18	3.627532E-19
3.960000E+03	3.032825E-18	3.617047E-19
3.970000E+03	3.032897E-18	3.608001E-19
3.980000E+03	3.034165E-18	3.600370E-19
3.990000E+03	3.036613E-18	3.594132E-19
4.000000E+03	3.040227E-18	3.589263E-19
4.010000E+03	3.044947E-18	3.585686E-19
4.020000E+03	3.050759E-18	3.583378E-19
4.030000E+03	3.057651E-18	3.582317E-19
4.040000E+03	3.065613E-18	3.582481E-19
4.050000E+03	3.074612E-18	3.583822E-19
4.060000E+03	3.084613E-18	3.586288E-19
4.070000E+03	3.095608E-18	3.589858E-19
4.080000E+03	3.107565E-18	3.594483E-19
4.090000E+03	3.120476E-18	3.600141E-19
4.100000E+03	3.134312E-18	3.606780E-19
4.110000E+03	3.149066E-18	3.614379E-19
4.120000E+03	3.164708E-18	3.622886E-19
4.130000E+03	3.181208E-18	3.632251E-19
4.140000E+03	3.198563E-18	3.642451E-19
4.150000E+03	3.216744E-18	3.653433E-19
4.160000E+03	3.235747E-18	3.665175E-19
4.170000E+03	3.255520E-18	3.677596E-19
4.180000E+03	3.276060E-18	3.690674E-19
4.190000E+03	3.297314E-18	3.704326E-19
4.200000E+03	3.319307E-18	3.718560E-19
4.210000E+03	3.341985E-18	3.733296E-19
4.220000E+03	3.365347E-18	3.748511E-19
4.230000E+03	3.389316E-18	3.764099E-19
4.240000E+03	3.413915E-18	3.780068E-19
4.250000E+03	3.439065E-18	3.796312E-19
4.260000E+03	3.464791E-18	3.812842E-19
4.270000E+03	3.491013E-18	3.829552E-19
4.280000E+03	3.517674E-18	3.846367E-19
4.290000E+03	3.544802E-18	3.863301E-19
4.300000E+03	3.572283E-18	3.880220E-19
4.310000E+03	3.600146E-18	3.897142E-19
4.320000E+03	3.628274E-18	3.913929E-19
4.330000E+03	3.656694E-18	3.930602E-19
4.340000E+03	3.685348E-18	3.947087E-19
4.350000E+03	3.714174E-18	3.963309E-19
4.360000E+03	3.743171E-18	3.979256E-19
4.370000E+03	3.772305E-18	3.994887E-19
4.380000E+03	3.801606E-18	4.010221E-19
4.390000E+03	3.831011E-18	4.025187E-19
4.400000E+03	3.860582E-18	4.039839E-19
4.410000E+03	3.890320E-18	4.054169E-19
4.420000E+03	3.920228E-18	4.068173E-19
4.430000E+03	3.950308E-18	4.081847E-19
4.440000E+03	3.980597E-18	4.095221E-19
4.450000E+03	4.011069E-18	4.108265E-19
4.460000E+03	4.041763E-18	4.121016E-19
4.470000E+03	4.072685E-18	4.133481E-19
4.480000E+03	4.103845E-18	4.145672E-19
4.490000E+03	4.135219E-18	4.157572E-19
4.500000E+03	4.166814E-18	4.169201E-19
4.510000E+03	4.198607E-18	4.180547E-19
4.520000E+03	4.230642E-18	4.191677E-19
4.530000E+03	4.262860E-18	4.202556E-19
4.540000E+03	4.295271E-18	4.213221E-19
4.550000E+03	4.327887E-18	4.223718E-19
4.560000E+03	4.360646E-18	4.234022E-19
4.570000E+03	4.393599E-18	4.244222E-19
4.580000E+03	4.426684E-18	4.254298E-19
4.590000E+03	4.459915E-18	4.264306E-19
4.600000E+03	4.493232E-18	4.274228E-19
4.610000E+03	4.526689E-18	4.284155E-19
4.620000E+03	4.560266E-18	4.294104E-19
4.630000E+03	4.593904E-18	4.304051E-19
4.640000E+03	4.627623E-18	4.314041E-19
4.650000E+03	4.661445E-18	4.324116E-19
4.660000E+03	4.695356E-18	4.334275E-19
4.670000E+03	4.729299E-18	4.344472E-19
4.680000E+03	4.763386E-18	4.354811E-19
4.690000E+03	4.797648E-18	4.365314E-19
4.700000E+03	4.832037E-18	4.375922E-19
4.710000E+03	4.866587E-18	4.386648E-19
4.720000E+03	4.901337E-18	4.397506E-19
4.730000E+03	4.936196E-18	4.408386E-19
4.740000E+03	4.971204E-18	4.419298E-19
4.750000E+03	5.006315E-18	4.430172E-19
4.760000E+03	5.041571E-18	4.441019E-19
4.770000E+03	5.076974E-18	4.451813E-19
4.780000E+03	5.112478E-18	4.462490E-19
4.790000E+03	5.148131E-18	4.473075E-19
4.800000E+03	5.183889E-18	4.483513E-19
4.810000E+03	5.219802E-18	4.493841E-19
4.820000E+03	5.255827E-18	4.504018E-19
4.830000E+03	5.291967E-18	4.514052E-19
4.840000E+03	5.328226E-18	4.523959E-19
4.850000E+03	5.364659E-18	4.533801E-19
4.860000E+03	5.401220E-18	4.543566E-19
4.870000E+03	5.437913E-18	4.553288E-19
4.880000E+03	5.474691E-18	4.562961E-19
4.890000E+03	5.511659E-18	4.572712E-19
4.900000E+03	5.548769E-18	4.582541E-19
4.910000E+03	5.586023E-18	4.592489E-19
4.920000E+03	5.623368E-18	4.602553E-19
4.930000E+03	5.660856E-18	4.612812E-19
4.940000E+03	5.698433E-18	4.623256E-19
4.950000E+03	5.736095E-18	4.633908E-19
4.960000E+03	5.773893E-18	4.644832E-19
4.970000E+03	5.811768E-18	4.655997E-19
4.980000E+03	5.849713E-18	4.667407E-19
4.990000E+03	5.887664E-18	4.679014E-19
5.000000E+03	5.925670E-18	4.690855E-19
5.010000E+03	5.963720E-18	4.702915E-19
5.020000E+03	6.001747E-18	4.715129E-19
5.030000E+03	6.039737E-18	4.727473E-19
5.040000E+03	6.077678E-18	4.739919E-19
5.050000E+03	6.115496E-18	4.752395E-19
5.060000E+03	6.153233E-18	4.764918E-19
5.070000E+03	6.190876E-18	4.777461E-19
5.080000E+03	6.228288E-18	4.789908E-19
5.090000E+03	6.265512E-18	4.802286E-19
5.100000E+03	6.302529E-18	4.814580E-19
5.110000E+03	6.339263E-18	4.826735E-19
5.120000E+03	6.375695E-18	4.838750E-19
5.130000E+03	6.411806E-18	4.850632E-19
5.140000E+03	6.447578E-18	4.862399E-19
5.150000E+03	6.482927E-18	4.874032E-19
5.160000E+03	6.517895E-18	4.885617E-19
5.170000E+03	6.552334E-18	4.897110E-19
5.180000E+03	6.586279E-18	4.908626E-19
5.190000E+03	6.619639E-18	4.920193E-19
5.200000E+03	6.652383E-18	4.931904E-19
5.210000E+03	6.684476E-18	4.943861E-19
5.220000E+03	6.715880E-18	4.956179E-19
5.230000E+03	6.746422E-18	4.968882E-19
5.240000E+03	6.776190E-18	4.982197E-19
5.250000E+03	6.805067E-18	4.996207E-19
5.260000E+03	6.833005E-18	5.011048E-19
5.270000E+03	6.859882E-18	5.026804E-19
5.280000E+03	6.885642E-18	5.043608E-19
5.290000E+03	6.910230E-18	5.061587E-19
5.300000E+03	6.933590E-18	5.080864E-19
5.310000E+03	6.955666E-18	5.101557E-19
5.320000E+03	6.976336E-18	5.123726E-19
5.330000E+03	6.995689E-18	5.147572E-19
5.340000E+03	7.013539E-18	5.173090E-19
5.350000E+03	7.029842E-18	5.200361E-19
5.360000E+03	7.044700E-18	5.229560E-19
5.370000E+03	7.057940E-18	5.260644E-19
5.380000E+03	7.069672E-18	5.293767E-19
5.390000E+03	7.079806E-18	5.328908E-19
5.400000E+03	7.088393E-18	5.366142E-19
5.410000E+03	7.095352E-18	5.405421E-19
5.420000E+03	7.100819E-18	5.446841E-19
5.430000E+03	7.104723E-18	5.490325E-19
5.440000E+03	7.107141E-18	5.535890E-19
5.450000E+03	7.107943E-18	5.583370E-19
5.460000E+03	7.107218E-18	5.632751E-19
5.470000E+03	7.104918E-18	5.683895E-19
5.480000E+03	7.101000E-18	5.736647E-19
5.490000E+03	7.095568E-18	5.790954E-19
5.500000E+03	7.088519E-18	5.846579E-19
5.510000E+03	7.079825E-18	5.903332E-19
5.520000E+03	7.069532E-18	5.961069E-19
5.530000E+03	7.057548E-18	6.019521E-19
5.540000E+03	7.044000E-18	6.078595E-19
5.550000E+03	7.028729E-18	6.137949E-19
5.560000E+03	7.011938E-18	6.197546E-19
5.570000E+03	6.993615E-18	6.257167E-19
5.580000E+03	6.973751E-18	6.316594E-19
5.590000E+03	6.952407E-18	6.375675E-19
5.600000E+03	6.929646E-18	6.434268E-19
5.610000E+03	6.905458E-18	6.492170E-19
5.620000E+03	6.880047E-18	6.549389E-19
5.630000E+03	6.853329E-18	6.605678E-19
5.640000E+03	6.825506E-18	6.661070E-19
5.650000E+03	6.796493E-18	6.715342E-19
5.660000E+03	6.766487E-18	6.768557E-19
5.670000E+03	6.735541E-18	6.820654E-19
5.680000E+03	6.703640E-18	6.871517E-19
5.690000E+03	6.670904E-18	6.921179E-19
5.700000E+03	6.637383E-18	6.969617E-19
5.710000E+03	6.603197E-18	7.016888E-19
5.720000E+03	6.568395E-18	7.062987E-19
5.730000E+03	6.532955E-18	7.107837E-19
5.740000E+03	6.497064E-18	7.151589E-19
5.750000E+03	6.460768E-18	7.194249E-19
5.760000E+03	6.424048E-18	7.235746E-19
5.770000E+03	6.387021E-18	7.276159E-19
5.780000E+03	6.349804E-18	7.315565E-19
5.790000E+03	6.312445E-18	7.353964E-19
5.800000E+03	6.274929E-18	7.391271E-19
5.810000E+03	6.237374E-18	7.427555E-19
5.820000E+03	6.199900E-18	7.462881E-19
5.830000E+03	6.162561E-18	7.497236E-19
5.840000E+03	6.125343E-18	7.530519E-19
5.850000E+03	6.088368E-18	7.562790E-19
5.860000E+03	6.051691E-18	7.594028E-19
5.870000E+03	6.015435E-18	7.624294E-19
5.880000E+03	5.979655E-18	7.653570E-19
5.890000E+03	5.944339E-18	7.681752E-19
5.900000E+03	5.909608E-18	7.708908E-19
5.910000E+03	5.875448E-18	7.734941E-19
5.920000E+03	5.842107E-18	7.760099E-19
5.930000E+03	5.809437E-18	7.784119E-19
5.940000E+03	5.777550E-18	7.807087E-19
5.950000E+03	5.746555E-18	7.829095E-19
5.960000E+03	5.716428E-18	7.850063E-19
5.970000E+03	5.687206E-18	7.870006E-19
5.980000E+03	5.658990E-18	7.889029E-19
5.990000E+03	5.631746E-18	7.907064E-19
6.000000E+03	5.605569E-18	7.924228E-19
6.010000E+03	5.580354E-18	7.940365E-19
6.020000E+03	5.556256E-18	7.955691E-19
6.030000E+03	5.533164E-18	7.970052E-19
6.040000E+03	5.511228E-18	7.983672E-19
6.050000E+03	5.490267E-18	7.996304E-19
6.060000E+03	5.470425E-18	8.008174E-19
6.070000E+03	5.451648E-18	8.019227E-19
6.080000E+03	5.433945E-18	8.029499E-19
6.090000E+03	5.417192E-18	8.038838E-19
6.100000E+03	5.401524E-18	8.047473E-19
6.110000E+03	5.386749E-18	8.055149E-19
6.120000E+03	5.372996E-18	8.062097E-19
6.130000E+03	5.360070E-18	8.068057E-19
6.140000E+03	5.347965E-18	8.073059E-19
6.150000E+03	5.336611E-18	8.077032E-19
6.160000E+03	5.325999E-18	8.080004E-19
6.170000E+03	5.315922E-18	8.081697E-19
6.180000E+03	5.306365E-18	8.082130E-19
6.190000E+03	5.297247E-18	8.081219E-19
6.200000E+03	5.288549E-18	8.078977E-19
6.210000E+03	5.280253E-18	8.075417E-19
6.220000E+03	5.272471E-18	8.070755E-19
6.230000E+03	5.265387E-18	8.065316E-19
6.240000E+03	5.259050E-18	8.059220E-19
6.250000E+03	5.253576E-18	8.052692E-19
6.260000E+03	5.249086E-18	8.045961E-19
6.270000E+03	5.245634E-18	8.039152E-19
6.280000E+03	5.243344E-18	8.032499E-19
6.290000E+03	5.242273E-18	8.026132E-19
6.300000E+03	5.242480E-18	8.020179E-19
6.310000E+03	5.244098E-18	8.014883E-19
6.320000E+03	5.247121E-18	8.010268E-19
6.330000E+03	5.251688E-18	8.006580E-19
6.340000E+03	5.257722E-18	8.003734E-19
6.350000E+03	5.265296E-18	8.001867E-19
6.360000E+03	5.274408E-18	8.001005E-19
6.370000E+03	5.285133E-18	8.001286E-19
6.380000E+03	5.297400E-18	8.002622E-19
6.390000E+03	5.311211E-18	8.005038E-19
6.400000E+03	5.326492E-18	8.008441E-19
6.410000E+03	5.343091E-18	8.012620E-19
6.420000E+03	5.360927E-18	8.017474E-19
6.430000E+03	5.379998E-18	8.023014E-19
6.440000E+03	5.400301E-18	8.029252E-19
6.450000E+03	5.421834E-18	8.036200E-19
6.460000E+03	5.444675E-18	8.043988E-19
6.470000E+03	5.468909E-18	8.052750E-19
6.480000E+03	5.494539E-18	8.062502E-19
6.490000E+03	5.521487E-18	8.073133E-19
6.500000E+03	5.549925E-18	8.084904E-19
6.510000E+03	5.579863E-18	8.097829E-19
6.520000E+03	5.611224E-18	8.111800E-19
6.530000E+03	5.644102E-18	8.126956E-19
6.540000E+03	5.678511E-18	8.143313E-19
6.550000E+03	5.714370E-18	8.160755E-19
6.560000E+03	5.751692E-18	8.179296E-19
6.570000E+03	5.790670E-18	8.199209E-19
6.580000E+03	5.831042E-18	8.220115E-19
6.590000E+03	5.873005E-18	8.242289E-19
6.600000E+03	5.916576E-18	8.265743E-19
6.610000E+03	5.961577E-18	8.290222E-19
6.620000E+03	6.008214E-18	8.316005E-19
6.630000E+03	6.056306E-18	8.342830E-19
6.640000E+03	6.106066E-18	8.370981E-19
6.650000E+03	6.157309E-18	8.400190E-19
6.660000E+03	6.210149E-18	8.430605E-19
6.670000E+03	6.264605E-18	8.462235E-19
6.680000E+03	6.320585E-18	8.494944E-19
6.690000E+03	6.378104E-18	8.528738E-19
6.700000E+03	6.437286E-18	8.563768E-19
6.710000E+03	6.498037E-18	8.599894E-19
6.720000E+03	6.560374E-18	8.637121E-19
6.730000E+03	6.624312E-18	8.675453E-19
6.740000E+03	6.689868E-18	8.714895E-19
6.750000E+03	6.757058E-18	8.755451E-19
6.760000E+03	6.825901E-18	8.797124E-19
6.770000E+03	6.896291E-18	8.839762E-19
6.780000E+03	6.968367E-18	8.883521E-19
6.790000E+03	7.042148E-18	8.928405E-19
6.800000E+03	7.117525E-18	8.974256E-19
6.810000E+03	7.194643E-18	9.021234E-19
6.820000E+03	7.273392E-18	9.069178E-19
6.830000E+03	7.353785E-18	9.118086E-19
6.840000E+03	7.435840E-18	9.167953E-19
6.850000E+03	7.519571E-18	9.218779E-19
6.860000E+03	7.605136E-18	9.270729E-19
6.870000E+03	7.692272E-18	9.323462E-19
6.880000E+03	7.781134E-18	9.377143E-19
6.890000E+03	7.871739E-18	9.431769E-19
6.900000E+03	7.963955E-18	9.487159E-19
6.910000E+03	8.057944E-18	9.543484E-19
6.920000E+03	8.153724E-18	9.600740E-19
6.930000E+03	8.251154E-18	9.658743E-19
6.940000E+03	8.350246E-18	9.717483E-19
6.950000E+03	8.451169E-18	9.777139E-19
6.960000E+03	8.553778E-18	9.837519E-19
6.970000E+03	8.658081E-18	9.898614E-19
6.980000E+03	8.764088E-18	9.960415E-19
6.990000E+03	8.871805E-18	1.002291E-18
7.000000E+03	8.981068E-18	1.008591E-18
7.010000E+03	9.092229E-18	1.014977E-18
7.020000E+03	9.204944E-18	1.021410E-18
7.030000E+03	9.319394E-18	1.027909E-18
7.040000E+03	9.435399E-18	1.034452E-18
7.050000E+03	9.552956E-18	1.041038E-18
7.060000E+03	9.672253E-18	1.047684E-18
7.070000E+03	9.793099E-18	1.054370E-18
7.080000E+03	9.915290E-18	1.061073E-18
7.090000E+03	1.003921E-17	1.067831E-18
7.100000E+03	1.016467E-17	1.074624E-18
7.110000E+03	1.029144E-17	1.081425E-18
7.120000E+03	1.041971E-17	1.088256E-18
7.130000E+03	1.054927E-17	1.095091E-18
7.140000E+03	1.068031E-17	1.101951E-18
7.150000E+03	1.081260E-17	1.108810E-18
7.160000E+03	1.094633E-17	1.115688E-18
7.170000E+03	1.108105E-17	1.122538E-18
7.180000E+03	1.121693E-17	1.129380E-18
7.190000E+03	1.135420E-17	1.136235E-18
7.200000E+03	1.149235E-17	1.143054E-18
7.210000E+03	1.163135E-17	1.149834E-18
7.220000E+03	1.177140E-17	1.156598E-18
7.230000E+03	1.191246E-17	1.163345E-18
7.240000E+03	1.205424E-17	1.170050E-18
7.250000E+03	1.219697E-17	1.176736E-18
7.260000E+03	1.234032E-17	1.183380E-18
7.270000E+03	1.248425E-17	1.189982E-18
7.280000E+03	1.262897E-17	1.196569E-18
7.290000E+03	1.277417E-17	1.203119E-18
7.300000E+03	1.292005E-17	1.209659E-18
7.310000E+03	1.306628E-17	1.216170E-18
7.320000E+03	1.321281E-17	1.222656E-18
7.330000E+03	1.336014E-17	1.229177E-18
7.340000E+03	1.350765E-17	1.235688E-18
7.350000E+03	1.365587E-17	1.242252E-18
7.360000E+03	1.380445E-17	1.248853E-18
7.370000E+03	1.395364E-17	1.255532E-18
7.380000E+03	1.410374E-17	1.262330E-18
7.390000E+03	1.425439E-17	1.269235E-18
7.400000E+03	1.440621E-17	1.276320E-18
7.410000E+03	1.455920E-17	1.283605E-18
7.420000E+03	1.471369E-17	1.291138E-18
7.430000E+03	1.486970E-17	1.298940E-18
7.440000E+03	1.502725E-17	1.307030E-18
7.450000E+03	1.518671E-17	1.315459E-18
7.460000E+03	1.534741E-17	1.324184E-18
7.470000E+03	1.550937E-17	1.333220E-18
7.480000E+03	1.567224E-17	1.342549E-18
7.490000E+03	1.583639E-17	1.352210E-18
7.500000E+03	1.600147E-17	1.362175E-18
7.510000E+03	1.616712E-17	1.372409E-18
7.520000E+03	1.633333E-17	1.382905E-18
7.530000E+03	1.650011E-17	1.393647E-18
7.540000E+03	1.666706E-17	1.404581E-18
7.550000E+03	1.683457E-17	1.415716E-18
7.560000E+03	1.700183E-17	1.426952E-18
7.570000E+03	1.716965E-17	1.438326E-18
7.580000E+03	1.733760E-17	1.449768E-18
7.590000E+03	1.750566E-17	1.461243E-18
7.600000E+03	1.767337E-17	1.472680E-18
7.610000E+03	1.784114E-17	1.484079E-18
7.620000E+03	1.800890E-17	1.495408E-18
7.630000E+03	1.817662E-17	1.506639E-18
7.640000E+03	1.834378E-17	1.517708E-18
7.650000E+03	1.851073E-17	1.528630E-18
7.660000E+03	1.867694E-17	1.539347E-18
7.670000E+03	1.884322E-17	1.549922E-18
7.680000E+03	1.900805E-17	1.560226E-18
7.690000E+03	1.917271E-17	1.570367E-18
7.700000E+03	1.933660E-17	1.580300E-18
7.710000E+03	1.949908E-17	1.589980E-18
7.720000E+03	1.966047E-17	1.599445E-18
7.730000E+03	1.982060E-17	1.608694E-18
7.740000E+03	1.997929E-17	1.617724E-18
7.750000E+03	2.013636E-17	1.626536E-18
7.760000E+03	2.029214E-17	1.635172E-18
7.770000E+03	2.044540E-17	1.643545E-18
7.780000E+03	2.059698E-17	1.651740E-18
7.790000E+03	2.074671E-17	1.659754E-18
7.800000E+03	2.089329E-17	1.667498E-18
7.810000E+03	2.103817E-17	1.675099E-18
7.820000E+03	2.118062E-17	1.682508E-18
7.830000E+03	2.131989E-17	1.689674E-18
7.840000E+03	2.145692E-17	1.696681E-18
7.850000E+03	2.159099E-17	1.703475E-18
7.860000E+03	2.172251E-17	1.710094E-18
7.870000E+03	2.185134E-17	1.716529E-18
7.880000E+03	2.197795E-17	1.722818E-18
7.890000E+03	2.210161E-17	1.728906E-18
7.900000E+03	2.222283E-17	1.734830E-18
7.910000E+03	2.234213E-17	1.740631E-18
7.920000E+03	2.245885E-17	1.746253E-18
7.930000E+03	2.257415E-17	1.751785E-18
7.940000E+03	2.268803E-17	1.757223E-18
7.950000E+03	2.280111E-17	1.762613E-18
7.960000E+03	2.291405E-17	1.768002E-18
7.970000E+03	2.302562E-17	1.773291E-18
7.980000E+03	2.313715E-17	1.778579E-18
7.990000E+03	2.324806E-17	1.783820E-18
8.000000E+03	2.335842E-17	1.789018E-18
8.010000E+03	2.346702E-17	1.794075E-18
8.020000E+03	2.357391E-17	1.798997E-18
8.030000E+03	2.367920E-17	1.803789E-18
8.040000E+03	2.378231E-17	1.808409E-18
8.050000E+03	2.388335E-17	1.812863E-18
8.060000E+03	2.398243E-17	1.817161E-18
8.070000E+03	2.407832E-17	1.821208E-18
8.080000E+03	2.417251E-17	1.825119E-18
8.090000E+03	2.426378E-17	1.828799E-18
8.100000E+03	2.435296E-17	1.832312E-18
8.110000E+03	2.443953E-17	1.835616E-18
8.120000E+03	2.452365E-17	1.838724E-18
8.130000E+03	2.460479E-17	1.841593E-18
8.140000E+03	2.468454E-17	1.844342E-18
8.150000E+03	2.476169E-17	1.846876E-18
8.160000E+03	2.483715E-17	1.849261E-18
8.170000E+03	2.491040E-17	1.851455E-18
8.180000E+03	2.498166E-17	1.853469E-18
8.190000E+03	2.505186E-17	1.855371E-18
8.200000E+03	2.512053E-17	1.857118E-18
8.210000E+03	2.518715E-17	1.858670E-18
8.220000E+03	2.525342E-17	1.860146E-18
8.230000E+03	2.531886E-17	1.861506E-18
8.240000E+03	2.538373E-17	1.862764E-18
8.250000E+03	2.544755E-17	1.863878E-18
8.260000E+03	2.551131E-17	1.864919E-18
8.270000E+03	2.557528E-17	1.865901E-18
8.280000E+03	2.563899E-17	1.866786E-18
8.290000E+03	2.570346E-17	1.867644E-18
8.300000E+03	2.576896E-17	1.868493E-18
8.310000E+03	2.583502E-17	1.869295E-18
8.320000E+03	2.590190E-17	1.870068E-18
8.330000E+03	2.597063E-17	1.870884E-18
8.340000E+03	2.604068E-17	1.871706E-18
8.350000E+03	2.611309E-17	1.872605E-18
8.360000E+03	2.618731E-17	1.873543E-18
8.370000E+03	2.626357E-17	1.874536E-18
8.380000E+03	2.634208E-17	1.875596E-18
8.390000E+03	2.642302E-17	1.876739E-18
8.400000E+03	2.650657E-17	1.877977E-18
8.410000E+03	2.659368E-17	1.879375E-18
8.420000E+03	2.668292E-17	1.880832E-18
8.430000E+03	2.677519E-17	1.882414E-18
8.440000E+03	2.687061E-17	1.884128E-18
8.450000E+03	2.696927E-17	1.885979E-18
8.460000E+03	2.707125E-17	1.887974E-18
8.470000E+03	2.717662E-17	1.890118E-18
8.480000E+03	2.728460E-17	1.892355E-18
8.490000E+03	2.739604E-17	1.894745E-18
8.500000E+03	2.751015E-17	1.897230E-18
8.510000E+03	2.762775E-17	1.899866E-18
8.520000E+03	2.774802E-17	1.902592E-18
8.530000E+03	2.787177E-17	1.905461E-18
8.540000E+03	2.799816E-17	1.908407E-18
8.550000E+03	2.812713E-17	1.911421E-18
8.560000E+03	2.825952E-17	1.914547E-18
8.570000E+03	2.839354E-17	1.917654E-18
8.580000E+03	2.853086E-17	1.920842E-18
8.590000E+03	2.867056E-17	1.924031E-18
8.600000E+03	2.881254E-17	1.927199E-18
8.610000E+03	2.895583E-17	1.930261E-18
8.620000E+03	2.910210E-17	1.933308E-18
8.630000E+03	2.924944E-17	1.936192E-18
8.640000E+03	2.939863E-17	1.938942E-18
8.650000E+03	2.954859E-17	1.941468E-18
8.660000E+03	2.970102E-17	1.943859E-18
8.670000E+03	2.985295E-17	1.945901E-18
8.680000E+03	3.000604E-17	1.947688E-18
8.690000E+03	3.015913E-17	1.949128E-18
8.700000E+03	3.031294E-17	1.950258E-18
8.710000E+03	3.046529E-17	1.950931E-18
8.720000E+03	3.061781E-17	1.951249E-18
8.730000E+03	3.076924E-17	1.951137E-18
8.740000E+03	3.091924E-17	1.950585E-18
8.750000E+03	3.106645E-17	1.949527E-18
8.760000E+03	3.121147E-17	1.948033E-18
8.770000E+03	3.135390E-17	1.946121E-18
8.780000E+03	3.149228E-17	1.943757E-18
8.790000E+03	3.162717E-17	1.941048E-18
8.800000E+03	3.175706E-17	1.937990E-18
8.810000E+03	3.188249E-17	1.934725E-18
8.820000E+03	3.200082E-17	1.931220E-18
8.830000E+03	3.211363E-17	1.927718E-18
8.840000E+03	3.221825E-17	1.924223E-18
8.850000E+03	3.231627E-17	1.921014E-18
8.860000E+03	3.240498E-17	1.918123E-18
8.870000E+03	3.248715E-17	1.915915E-18
8.880000E+03	3.256008E-17	1.914431E-18
8.890000E+03	3.262443E-17	1.913901E-18
8.900000E+03	3.267979E-17	1.914471E-18
8.910000E+03	3.272698E-17	1.916323E-18
8.920000E+03	3.276579E-17	1.919532E-18
8.930000E+03	3.279497E-17	1.924046E-18
8.940000E+03	3.281695E-17	1.929952E-18
8.950000E+03	3.282956E-17	1.937021E-18
8.960000E+03	3.283539E-17	1.945264E-18
8.970000E+03	3.283355E-17	1.954462E-18
8.980000E+03	3.282553E-17	1.964526E-18
8.990000E+03	3.281044E-17	1.975218E-18
9.000000E+03	3.279103E-17	1.986522E-18
9.040000E+03	3.265796E-17	2.033917E-18
9.080000E+03	3.246650E-17	2.080904E-18
9.120000E+03	3.223842E-17	2.124505E-18
9.160000E+03	3.199633E-17	2.164837E-18
9.200000E+03	3.175920E-17	2.203376E-18
9.240000E+03	3.154481E-17	2.241963E-18
9.280000E+03	3.136799E-17	2.281841E-18
9.320000E+03	3.123817E-17	2.323077E-18
9.360000E+03	3.116434E-17	2.365212E-18
9.400000E+03	3.114549E-17	2.407278E-18
9.440000E+03	3.118161E-17	2.449189E-18
9.480000E+03	3.126372E-17	2.491042E-18
9.520000E+03	3.138679E-17	2.533842E-18
9.560000E+03	3.154078E-17	2.578396E-18
9.600000E+03	3.171796E-17	2.625583E-18
9.640000E+03	3.191090E-17	2.676142E-18
9.680000E+03	3.211206E-17	2.730929E-18
9.720000E+03	3.231154E-17	2.791307E-18
9.760000E+03	3.250185E-17	2.860311E-18
9.800000E+03	3.267193E-17	2.942856E-18
9.840000E+03	3.281645E-17	3.047007E-18
9.880000E+03	3.293136E-17	3.183531E-18
9.920000E+03	3.300555E-17	3.364122E-18
9.960000E+03	3.303830E-17	3.601100E-18
1.000000E+04	3.302446E-17	3.903333E-18
1.004000E+04	3.295731E-17	4.273949E-18
1.008000E+04	3.283772E-17	4.710226E-18
1.012000E+04	3.266628E-17	5.203334E-18
1.016000E+04	3.244838E-17	5.741379E-18
1.020000E+04	3.218407E-17	6.310526E-18
1.024000E+04	3.187596E-17	6.898103E-18
1.028000E+04	3.153242E-17	7.494361E-18
1.032000E+04	3.115496E-17	8.089980E-18
