#wls	flux	fluxerr
1.600000E+03	1.507457E-16	1.460217E-16
1.640000E+03	1.554071E-16	1.480385E-16
1.680000E+03	1.598374E-16	1.496339E-16
1.720000E+03	1.640095E-16	1.507899E-16
1.760000E+03	1.678289E-16	1.514301E-16
1.800000E+03	1.712928E-16	1.515667E-16
1.840000E+03	1.743017E-16	1.511287E-16
1.880000E+03	1.768323E-16	1.501183E-16
1.920000E+03	1.788293E-16	1.485136E-16
1.960000E+03	1.802098E-16	1.462760E-16
2.000000E+03	1.809519E-16	1.434225E-16
2.040000E+03	1.809954E-16	1.399437E-16
2.080000E+03	1.802887E-16	1.358429E-16
2.120000E+03	1.787914E-16	1.311372E-16
2.160000E+03	1.764542E-16	1.258423E-16
2.200000E+03	1.732063E-16	1.199642E-16
2.240000E+03	1.689810E-16	1.135195E-16
2.280000E+03	1.637822E-16	1.065776E-16
2.320000E+03	1.577160E-16	9.927335E-17
2.360000E+03	1.509837E-16	9.179168E-17
2.400000E+03	1.437428E-16	8.427515E-17
2.440000E+03	1.361355E-16	7.684440E-17
2.480000E+03	1.282595E-16	6.958361E-17
2.520000E+03	1.202199E-16	6.257198E-17
2.560000E+03	1.120997E-16	5.586794E-17
2.600000E+03	1.039880E-16	4.952480E-17
2.640000E+03	9.595574E-17	4.357903E-17
2.680000E+03	8.807180E-17	3.805890E-17
2.720000E+03	8.040103E-17	3.298399E-17
2.760000E+03	7.299588E-17	2.836231E-17
2.800000E+03	6.590603E-17	2.419521E-17
2.840000E+03	5.917440E-17	2.047639E-17
2.880000E+03	5.284109E-17	1.719403E-17
2.920000E+03	4.694194E-17	1.433085E-17
2.960000E+03	4.150429E-17	1.186359E-17
3.000000E+03	3.654656E-17	9.764073E-18
3.010000E+03	3.538305E-17	9.292890E-18
3.020000E+03	3.424927E-17	8.841940E-18
3.030000E+03	3.314645E-17	8.411007E-18
3.040000E+03	3.207273E-17	7.999086E-18
3.050000E+03	3.102919E-17	7.605926E-18
3.060000E+03	3.001540E-17	7.230893E-18
3.070000E+03	2.903152E-17	6.873505E-18
3.080000E+03	2.807585E-17	6.532850E-18
3.090000E+03	2.714970E-17	6.208734E-18
3.100000E+03	2.625142E-17	5.900280E-18
3.110000E+03	2.538158E-17	5.607133E-18
3.120000E+03	2.453960E-17	5.328683E-18
3.130000E+03	2.372445E-17	5.064240E-18
3.140000E+03	2.293652E-17	4.813428E-18
3.150000E+03	2.217477E-17	4.575580E-18
3.160000E+03	2.143905E-17	4.350231E-18
3.170000E+03	2.072876E-17	4.136832E-18
3.180000E+03	2.004332E-17	3.934852E-18
3.190000E+03	1.938249E-17	3.743845E-18
3.200000E+03	1.874565E-17	3.563297E-18
3.210000E+03	1.813187E-17	3.392657E-18
3.220000E+03	1.754120E-17	3.231568E-18
3.230000E+03	1.697272E-17	3.079507E-18
3.240000E+03	1.642611E-17	2.936079E-18
3.250000E+03	1.590076E-17	2.800845E-18
3.260000E+03	1.539581E-17	2.673343E-18
3.270000E+03	1.491118E-17	2.553257E-18
3.280000E+03	1.444579E-17	2.440115E-18
3.290000E+03	1.399953E-17	2.333623E-18
3.300000E+03	1.357180E-17	2.233419E-18
3.310000E+03	1.316162E-17	2.139092E-18
3.320000E+03	1.276884E-17	2.050382E-18
3.330000E+03	1.239290E-17	1.966971E-18
3.340000E+03	1.203306E-17	1.888532E-18
3.350000E+03	1.168880E-17	1.814783E-18
3.360000E+03	1.135961E-17	1.745454E-18
3.370000E+03	1.104500E-17	1.680292E-18
3.380000E+03	1.074446E-17	1.619053E-18
3.390000E+03	1.045751E-17	1.561508E-18
3.400000E+03	1.018356E-17	1.507421E-18
3.410000E+03	9.922039E-18	1.456571E-18
3.420000E+03	9.672768E-18	1.408806E-18
3.430000E+03	9.434962E-18	1.363891E-18
3.440000E+03	9.208352E-18	1.321678E-18
3.450000E+03	8.992443E-18	1.281995E-18
3.460000E+03	8.786874E-18	1.244693E-18
3.470000E+03	8.591088E-18	1.209609E-18
3.480000E+03	8.404668E-18	1.176601E-18
3.490000E+03	8.227312E-18	1.145555E-18
3.500000E+03	8.058543E-18	1.116334E-18
3.510000E+03	7.898096E-18	1.088841E-18
3.520000E+03	7.745368E-18	1.062933E-18
3.530000E+03	7.600141E-18	1.038530E-18
3.540000E+03	7.461960E-18	1.015519E-18
3.550000E+03	7.330480E-18	9.938106E-19
3.560000E+03	7.205381E-18	9.733208E-19
3.570000E+03	7.086214E-18	9.539523E-19
3.580000E+03	6.972851E-18	9.356540E-19
3.590000E+03	6.864954E-18	9.183499E-19
3.600000E+03	6.762210E-18	9.019701E-19
3.610000E+03	6.664519E-18	8.864758E-19
3.620000E+03	6.571529E-18	8.717964E-19
3.630000E+03	6.483034E-18	8.578832E-19
3.640000E+03	6.398838E-18	8.446908E-19
3.650000E+03	6.318753E-18	8.321765E-19
3.660000E+03	6.242601E-18	8.203005E-19
3.670000E+03	6.170210E-18	8.090252E-19
3.680000E+03	6.101470E-18	7.983225E-19
3.690000E+03	6.036273E-18	7.881656E-19
3.700000E+03	5.974457E-18	7.785222E-19
3.710000E+03	5.916078E-18	7.693887E-19
3.720000E+03	5.860922E-18	7.607279E-19
3.730000E+03	5.808989E-18	7.525306E-19
3.740000E+03	5.760171E-18	7.447752E-19
3.750000E+03	5.714415E-18	7.374468E-19
3.760000E+03	5.671758E-18	7.305439E-19
3.770000E+03	5.631997E-18	7.240340E-19
3.780000E+03	5.595171E-18	7.179160E-19
3.790000E+03	5.561265E-18	7.121831E-19
3.800000E+03	5.530125E-18	7.068107E-19
3.810000E+03	5.501784E-18	7.017986E-19
3.820000E+03	5.476224E-18	6.971405E-19
3.830000E+03	5.453341E-18	6.928193E-19
3.840000E+03	5.433073E-18	6.888237E-19
3.850000E+03	5.415491E-18	6.851598E-19
3.860000E+03	5.400447E-18	6.818058E-19
3.870000E+03	5.387967E-18	6.787622E-19
3.880000E+03	5.377992E-18	6.760192E-19
3.890000E+03	5.370505E-18	6.735720E-19
3.900000E+03	5.365489E-18	6.714166E-19
3.910000E+03	5.362843E-18	6.695381E-19
3.920000E+03	5.362553E-18	6.679326E-19
3.930000E+03	5.364646E-18	6.666016E-19
3.940000E+03	5.369066E-18	6.655363E-19
3.950000E+03	5.375757E-18	6.647278E-19
3.960000E+03	5.384707E-18	6.641728E-19
3.970000E+03	5.395862E-18	6.638629E-19
3.980000E+03	5.409212E-18	6.637949E-19
3.990000E+03	5.424746E-18	6.639657E-19
4.000000E+03	5.442455E-18	6.643723E-19
4.010000E+03	5.462248E-18	6.650016E-19
4.020000E+03	5.484115E-18	6.658507E-19
4.030000E+03	5.508051E-18	6.669169E-19
4.040000E+03	5.534050E-18	6.681976E-19
4.050000E+03	5.562065E-18	6.696850E-19
4.060000E+03	5.592049E-18	6.713714E-19
4.070000E+03	5.624000E-18	6.732544E-19
4.080000E+03	5.657871E-18	6.753264E-19
4.090000E+03	5.693662E-18	6.775853E-19
4.100000E+03	5.731328E-18	6.800235E-19
4.110000E+03	5.770868E-18	6.826389E-19
4.120000E+03	5.812240E-18	6.854244E-19
4.130000E+03	5.855401E-18	6.883727E-19
4.140000E+03	5.900352E-18	6.914821E-19
4.150000E+03	5.947050E-18	6.947456E-19
4.160000E+03	5.995500E-18	6.981615E-19
4.170000E+03	6.045611E-18	7.017179E-19
4.180000E+03	6.097389E-18	7.054134E-19
4.190000E+03	6.150742E-18	7.092359E-19
4.200000E+03	6.205722E-18	7.131900E-19
4.210000E+03	6.262238E-18	7.172639E-19
4.220000E+03	6.320294E-18	7.214569E-19
4.230000E+03	6.379747E-18	7.257519E-19
4.240000E+03	6.440650E-18	7.301538E-19
4.250000E+03	6.502856E-18	7.346457E-19
4.260000E+03	6.566416E-18	7.392329E-19
4.270000E+03	6.631181E-18	7.438983E-19
4.280000E+03	6.697045E-18	7.486302E-19
4.290000E+03	6.764058E-18	7.534344E-19
4.300000E+03	6.832008E-18	7.582875E-19
4.310000E+03	6.900940E-18	7.631952E-19
4.320000E+03	6.970634E-18	7.681337E-19
4.330000E+03	7.041133E-18	7.731086E-19
4.340000E+03	7.112319E-18	7.781077E-19
4.350000E+03	7.184066E-18	7.831180E-19
4.360000E+03	7.256360E-18	7.881392E-19
4.370000E+03	7.329130E-18	7.931641E-19
4.380000E+03	7.402420E-18	7.981985E-19
4.390000E+03	7.476101E-18	8.032289E-19
4.400000E+03	7.550280E-18	8.082672E-19
4.410000E+03	7.624949E-18	8.133126E-19
4.420000E+03	7.700103E-18	8.183644E-19
4.430000E+03	7.775738E-18	8.234220E-19
4.440000E+03	7.851915E-18	8.284915E-19
4.450000E+03	7.928572E-18	8.335660E-19
4.460000E+03	8.005776E-18	8.386523E-19
4.470000E+03	8.083534E-18	8.437507E-19
4.480000E+03	8.161852E-18	8.488619E-19
4.490000E+03	8.240675E-18	8.539799E-19
4.500000E+03	8.320012E-18	8.591061E-19
4.510000E+03	8.399806E-18	8.642350E-19
4.520000E+03	8.480142E-18	8.693760E-19
4.530000E+03	8.560895E-18	8.745172E-19
4.540000E+03	8.642080E-18	8.796616E-19
4.550000E+03	8.723718E-18	8.848126E-19
4.560000E+03	8.805681E-18	8.899590E-19
4.570000E+03	8.888068E-18	8.951127E-19
4.580000E+03	8.970751E-18	9.002628E-19
4.590000E+03	9.053757E-18	9.054143E-19
4.600000E+03	9.136959E-18	9.105566E-19
4.610000E+03	9.220465E-18	9.157027E-19
4.620000E+03	9.304231E-18	9.208503E-19
4.630000E+03	9.388132E-18	9.259889E-19
4.640000E+03	9.472204E-18	9.311240E-19
4.650000E+03	9.556491E-18	9.362613E-19
4.660000E+03	9.640956E-18	9.413984E-19
4.670000E+03	9.725476E-18	9.465244E-19
4.680000E+03	9.810275E-18	9.516616E-19
4.690000E+03	9.895415E-18	9.568162E-19
4.700000E+03	9.980784E-18	9.619774E-19
4.710000E+03	1.006645E-17	9.671513E-19
4.720000E+03	1.015248E-17	9.723443E-19
4.730000E+03	1.023869E-17	9.775367E-19
4.740000E+03	1.032514E-17	9.827348E-19
4.750000E+03	1.041172E-17	9.879275E-19
4.760000E+03	1.049852E-17	9.931218E-19
4.770000E+03	1.058552E-17	9.983159E-19
4.780000E+03	1.067262E-17	1.003499E-18
4.790000E+03	1.075989E-17	1.008680E-18
4.800000E+03	1.084724E-17	1.013847E-18
4.810000E+03	1.093474E-17	1.019011E-18
4.820000E+03	1.102229E-17	1.024161E-18
4.830000E+03	1.110987E-17	1.029297E-18
4.840000E+03	1.119748E-17	1.034421E-18
4.850000E+03	1.128520E-17	1.039543E-18
4.860000E+03	1.137292E-17	1.044655E-18
4.870000E+03	1.146061E-17	1.049757E-18
4.880000E+03	1.154816E-17	1.054841E-18
4.890000E+03	1.163577E-17	1.059928E-18
4.900000E+03	1.172329E-17	1.065010E-18
4.910000E+03	1.181072E-17	1.070088E-18
4.920000E+03	1.189790E-17	1.075152E-18
4.930000E+03	1.198493E-17	1.080212E-18
4.940000E+03	1.207166E-17	1.085258E-18
4.950000E+03	1.215804E-17	1.090288E-18
4.960000E+03	1.224416E-17	1.095312E-18
4.970000E+03	1.232985E-17	1.100316E-18
4.980000E+03	1.241507E-17	1.105297E-18
4.990000E+03	1.249964E-17	1.110241E-18
5.000000E+03	1.258362E-17	1.115154E-18
5.010000E+03	1.266696E-17	1.120030E-18
5.020000E+03	1.274947E-17	1.124852E-18
5.030000E+03	1.283107E-17	1.129614E-18
5.040000E+03	1.291170E-17	1.134309E-18
5.050000E+03	1.299114E-17	1.138919E-18
5.060000E+03	1.306945E-17	1.143448E-18
5.070000E+03	1.314653E-17	1.147887E-18
5.080000E+03	1.322204E-17	1.152207E-18
5.090000E+03	1.329601E-17	1.156413E-18
5.100000E+03	1.336834E-17	1.160497E-18
5.110000E+03	1.343881E-17	1.164441E-18
5.120000E+03	1.350731E-17	1.168242E-18
5.130000E+03	1.357372E-17	1.171892E-18
5.140000E+03	1.363794E-17	1.175390E-18
5.150000E+03	1.369972E-17	1.178720E-18
5.160000E+03	1.375909E-17	1.181892E-18
5.170000E+03	1.381564E-17	1.184883E-18
5.180000E+03	1.386941E-17	1.187704E-18
5.190000E+03	1.392014E-17	1.190345E-18
5.200000E+03	1.396770E-17	1.192811E-18
5.210000E+03	1.401198E-17	1.195104E-18
5.220000E+03	1.405286E-17	1.197229E-18
5.230000E+03	1.408995E-17	1.199170E-18
5.240000E+03	1.412341E-17	1.200957E-18
5.250000E+03	1.415300E-17	1.202586E-18
5.260000E+03	1.417861E-17	1.204066E-18
5.270000E+03	1.420001E-17	1.205393E-18
5.280000E+03	1.421712E-17	1.206578E-18
5.290000E+03	1.422985E-17	1.207632E-18
5.300000E+03	1.423815E-17	1.208563E-18
5.310000E+03	1.424194E-17	1.209382E-18
5.320000E+03	1.424105E-17	1.210089E-18
5.330000E+03	1.423575E-17	1.210717E-18
5.340000E+03	1.422572E-17	1.211252E-18
5.350000E+03	1.421098E-17	1.211705E-18
5.360000E+03	1.419184E-17	1.212109E-18
5.370000E+03	1.416805E-17	1.212449E-18
5.380000E+03	1.413995E-17	1.212758E-18
5.390000E+03	1.410749E-17	1.213033E-18
5.400000E+03	1.407090E-17	1.213294E-18
5.410000E+03	1.403016E-17	1.213535E-18
5.420000E+03	1.398569E-17	1.213787E-18
5.430000E+03	1.393749E-17	1.214045E-18
5.440000E+03	1.388589E-17	1.214326E-18
5.450000E+03	1.383077E-17	1.214612E-18
5.460000E+03	1.377250E-17	1.214919E-18
5.470000E+03	1.371115E-17	1.215239E-18
5.480000E+03	1.364682E-17	1.215565E-18
5.490000E+03	1.357988E-17	1.215913E-18
5.500000E+03	1.351033E-17	1.216261E-18
5.510000E+03	1.343828E-17	1.216601E-18
5.520000E+03	1.336402E-17	1.216937E-18
5.530000E+03	1.328756E-17	1.217248E-18
5.540000E+03	1.320932E-17	1.217550E-18
5.550000E+03	1.312919E-17	1.217810E-18
5.560000E+03	1.304771E-17	1.218058E-18
5.570000E+03	1.296506E-17	1.218287E-18
5.580000E+03	1.288137E-17	1.218488E-18
5.590000E+03	1.279694E-17	1.218670E-18
5.600000E+03	1.271203E-17	1.218838E-18
5.610000E+03	1.262678E-17	1.218988E-18
5.620000E+03	1.254170E-17	1.219151E-18
5.630000E+03	1.245679E-17	1.219313E-18
5.640000E+03	1.237254E-17	1.219507E-18
5.650000E+03	1.228891E-17	1.219718E-18
5.660000E+03	1.220636E-17	1.219981E-18
5.670000E+03	1.212510E-17	1.220306E-18
5.680000E+03	1.204517E-17	1.220692E-18
5.690000E+03	1.196689E-17	1.221162E-18
5.700000E+03	1.189040E-17	1.221727E-18
5.710000E+03	1.181598E-17	1.222411E-18
5.720000E+03	1.174375E-17	1.223224E-18
5.730000E+03	1.167373E-17	1.224163E-18
5.740000E+03	1.160625E-17	1.225263E-18
5.750000E+03	1.154142E-17	1.226535E-18
5.760000E+03	1.147922E-17	1.227973E-18
5.770000E+03	1.141983E-17	1.229597E-18
5.780000E+03	1.136345E-17	1.231429E-18
5.790000E+03	1.131015E-17	1.233472E-18
5.800000E+03	1.125985E-17	1.235720E-18
5.810000E+03	1.121273E-17	1.238189E-18
5.820000E+03	1.116895E-17	1.240896E-18
5.830000E+03	1.112854E-17	1.243842E-18
5.840000E+03	1.109141E-17	1.247015E-18
5.850000E+03	1.105770E-17	1.250429E-18
5.860000E+03	1.102742E-17	1.254082E-18
5.870000E+03	1.100072E-17	1.257988E-18
5.880000E+03	1.097761E-17	1.262143E-18
5.890000E+03	1.095795E-17	1.266531E-18
5.900000E+03	1.094187E-17	1.271162E-18
5.910000E+03	1.092925E-17	1.276019E-18
5.920000E+03	1.092043E-17	1.281137E-18
5.930000E+03	1.091503E-17	1.286471E-18
5.940000E+03	1.091316E-17	1.292029E-18
5.950000E+03	1.091491E-17	1.297819E-18
5.960000E+03	1.092012E-17	1.303820E-18
5.970000E+03	1.092877E-17	1.310028E-18
5.980000E+03	1.094093E-17	1.316448E-18
5.990000E+03	1.095644E-17	1.323061E-18
6.000000E+03	1.097537E-17	1.329875E-18
6.010000E+03	1.099741E-17	1.336850E-18
6.020000E+03	1.102276E-17	1.344013E-18
6.030000E+03	1.105110E-17	1.351323E-18
6.040000E+03	1.108261E-17	1.358804E-18
6.050000E+03	1.111684E-17	1.366402E-18
6.060000E+03	1.115396E-17	1.374140E-18
6.070000E+03	1.119376E-17	1.381994E-18
6.080000E+03	1.123616E-17	1.389956E-18
6.090000E+03	1.128080E-17	1.397984E-18
6.100000E+03	1.132784E-17	1.406103E-18
6.110000E+03	1.137679E-17	1.414252E-18
6.120000E+03	1.142782E-17	1.422456E-18
6.130000E+03	1.148040E-17	1.430653E-18
6.140000E+03	1.153442E-17	1.438832E-18
6.150000E+03	1.158963E-17	1.446965E-18
6.160000E+03	1.164590E-17	1.455039E-18
6.170000E+03	1.170268E-17	1.462988E-18
6.180000E+03	1.175983E-17	1.470797E-18
6.190000E+03	1.181707E-17	1.478435E-18
6.200000E+03	1.187427E-17	1.485885E-18
6.210000E+03	1.193129E-17	1.493134E-18
6.220000E+03	1.198829E-17	1.500204E-18
6.230000E+03	1.204562E-17	1.507140E-18
6.240000E+03	1.210333E-17	1.513949E-18
6.250000E+03	1.216164E-17	1.520661E-18
6.260000E+03	1.222077E-17	1.527304E-18
6.270000E+03	1.228083E-17	1.533892E-18
6.280000E+03	1.234207E-17	1.540459E-18
6.290000E+03	1.240462E-17	1.547018E-18
6.300000E+03	1.246860E-17	1.553586E-18
6.310000E+03	1.253433E-17	1.560203E-18
6.320000E+03	1.260180E-17	1.566867E-18
6.330000E+03	1.267135E-17	1.573619E-18
6.340000E+03	1.274282E-17	1.580439E-18
6.350000E+03	1.281639E-17	1.587349E-18
6.360000E+03	1.289208E-17	1.594351E-18
6.370000E+03	1.297010E-17	1.601469E-18
6.380000E+03	1.305030E-17	1.608686E-18
6.390000E+03	1.313271E-17	1.616003E-18
6.400000E+03	1.321717E-17	1.623402E-18
6.410000E+03	1.330333E-17	1.630839E-18
6.420000E+03	1.339102E-17	1.638292E-18
6.430000E+03	1.348024E-17	1.645764E-18
6.440000E+03	1.357100E-17	1.653257E-18
6.450000E+03	1.366334E-17	1.660775E-18
6.460000E+03	1.375747E-17	1.668344E-18
6.470000E+03	1.385362E-17	1.675995E-18
6.480000E+03	1.395183E-17	1.683733E-18
6.490000E+03	1.405193E-17	1.691538E-18
6.500000E+03	1.415438E-17	1.699466E-18
6.510000E+03	1.425923E-17	1.707525E-18
6.520000E+03	1.436630E-17	1.715694E-18
6.530000E+03	1.447586E-17	1.724006E-18
6.540000E+03	1.458796E-17	1.732469E-18
6.550000E+03	1.470243E-17	1.741062E-18
6.560000E+03	1.481929E-17	1.749790E-18
6.570000E+03	1.493909E-17	1.758717E-18
6.580000E+03	1.506114E-17	1.767764E-18
6.590000E+03	1.518599E-17	1.776994E-18
6.600000E+03	1.531367E-17	1.786414E-18
6.610000E+03	1.544375E-17	1.795972E-18
6.620000E+03	1.557676E-17	1.805731E-18
6.630000E+03	1.571225E-17	1.815638E-18
6.640000E+03	1.585077E-17	1.825758E-18
6.650000E+03	1.599185E-17	1.836035E-18
6.660000E+03	1.613579E-17	1.846504E-18
6.670000E+03	1.628263E-17	1.857170E-18
6.680000E+03	1.643214E-17	1.868005E-18
6.690000E+03	1.658436E-17	1.879012E-18
6.700000E+03	1.673960E-17	1.890227E-18
6.710000E+03	1.689762E-17	1.901621E-18
6.720000E+03	1.705844E-17	1.913196E-18
6.730000E+03	1.722211E-17	1.924954E-18
6.740000E+03	1.738864E-17	1.936896E-18
6.750000E+03	1.755807E-17	1.949025E-18
6.760000E+03	1.773043E-17	1.961342E-18
6.770000E+03	1.790544E-17	1.973813E-18
6.780000E+03	1.808342E-17	1.986473E-18
6.790000E+03	1.826440E-17	1.999323E-18
6.800000E+03	1.844809E-17	2.012327E-18
6.810000E+03	1.863483E-17	2.025521E-18
6.820000E+03	1.882430E-17	2.038868E-18
6.830000E+03	1.901652E-17	2.052366E-18
6.840000E+03	1.921149E-17	2.066016E-18
6.850000E+03	1.940923E-17	2.079814E-18
6.860000E+03	1.961009E-17	2.093798E-18
6.870000E+03	1.981337E-17	2.107890E-18
6.880000E+03	2.001943E-17	2.122126E-18
6.890000E+03	2.022826E-17	2.136504E-18
6.900000E+03	2.043950E-17	2.150982E-18
6.910000E+03	2.065351E-17	2.165598E-18
6.920000E+03	2.087028E-17	2.180351E-18
6.930000E+03	2.108942E-17	2.195197E-18
6.940000E+03	2.131091E-17	2.210132E-18
6.950000E+03	2.153514E-17	2.225198E-18
6.960000E+03	2.176168E-17	2.240348E-18
6.970000E+03	2.199050E-17	2.255581E-18
6.980000E+03	2.222159E-17	2.270893E-18
6.990000E+03	2.245492E-17	2.286282E-18
7.000000E+03	2.269001E-17	2.301700E-18
7.010000E+03	2.292772E-17	2.317234E-18
7.020000E+03	2.316712E-17	2.332791E-18
7.030000E+03	2.340864E-17	2.348412E-18
7.040000E+03	2.365177E-17	2.364048E-18
7.050000E+03	2.389646E-17	2.379696E-18
7.060000E+03	2.414315E-17	2.395397E-18
7.070000E+03	2.439131E-17	2.411101E-18
7.080000E+03	2.464040E-17	2.426755E-18
7.090000E+03	2.489136E-17	2.442450E-18
7.100000E+03	2.514364E-17	2.458134E-18
7.110000E+03	2.539668E-17	2.473752E-18
7.120000E+03	2.565093E-17	2.489348E-18
7.130000E+03	2.590581E-17	2.504866E-18
7.140000E+03	2.616178E-17	2.520351E-18
7.150000E+03	2.641825E-17	2.535747E-18
7.160000E+03	2.667569E-17	2.551100E-18
7.170000E+03	2.693295E-17	2.566299E-18
7.180000E+03	2.719049E-17	2.581393E-18
7.190000E+03	2.744880E-17	2.596429E-18
7.200000E+03	2.770668E-17	2.611295E-18
7.210000E+03	2.796404E-17	2.625988E-18
7.220000E+03	2.822136E-17	2.640558E-18
7.230000E+03	2.847857E-17	2.655003E-18
7.240000E+03	2.873498E-17	2.669268E-18
7.250000E+03	2.899112E-17	2.683408E-18
7.260000E+03	2.924629E-17	2.697368E-18
7.270000E+03	2.950037E-17	2.711150E-18
7.280000E+03	2.975391E-17	2.724819E-18
7.290000E+03	3.000620E-17	2.738322E-18
7.300000E+03	3.025778E-17	2.751728E-18
7.310000E+03	3.050791E-17	2.764988E-18
7.320000E+03	3.075651E-17	2.778114E-18
7.330000E+03	3.100483E-17	2.791245E-18
7.340000E+03	3.125146E-17	2.804276E-18
7.350000E+03	3.149771E-17	2.817351E-18
7.360000E+03	3.174282E-17	2.830430E-18
7.370000E+03	3.198746E-17	2.843602E-18
7.380000E+03	3.223232E-17	2.856957E-18
7.390000E+03	3.247668E-17	2.870461E-18
7.400000E+03	3.272199E-17	2.884272E-18
7.410000E+03	3.296830E-17	2.898425E-18
7.420000E+03	3.321640E-17	2.913017E-18
7.430000E+03	3.346638E-17	2.928083E-18
7.440000E+03	3.371831E-17	2.943655E-18
7.450000E+03	3.397306E-17	2.959831E-18
7.460000E+03	3.422917E-17	2.976503E-18
7.470000E+03	3.448669E-17	2.993695E-18
7.480000E+03	3.474488E-17	3.011353E-18
7.490000E+03	3.500462E-17	3.029563E-18
7.500000E+03	3.526514E-17	3.048260E-18
7.510000E+03	3.552565E-17	3.067376E-18
7.520000E+03	3.578617E-17	3.086901E-18
7.530000E+03	3.604670E-17	3.106820E-18
7.540000E+03	3.630639E-17	3.127037E-18
7.550000E+03	3.656606E-17	3.147599E-18
7.560000E+03	3.682396E-17	3.168322E-18
7.570000E+03	3.708179E-17	3.189320E-18
7.580000E+03	3.733863E-17	3.210479E-18
7.590000E+03	3.759441E-17	3.231757E-18
7.600000E+03	3.784814E-17	3.253030E-18
7.610000E+03	3.810064E-17	3.274333E-18
7.620000E+03	3.835180E-17	3.295623E-18
7.630000E+03	3.860150E-17	3.316857E-18
7.640000E+03	3.884867E-17	3.337913E-18
7.650000E+03	3.909408E-17	3.358831E-18
7.660000E+03	3.933661E-17	3.379492E-18
7.670000E+03	3.957802E-17	3.400028E-18
7.680000E+03	3.981515E-17	3.420154E-18
7.690000E+03	4.005074E-17	3.440095E-18
7.700000E+03	4.028359E-17	3.459740E-18
7.710000E+03	4.051241E-17	3.478978E-18
7.720000E+03	4.073797E-17	3.497872E-18
7.730000E+03	4.095997E-17	3.516403E-18
7.740000E+03	4.117813E-17	3.534552E-18
7.750000E+03	4.139217E-17	3.552302E-18
7.760000E+03	4.160283E-17	3.569729E-18
7.770000E+03	4.180766E-17	3.586633E-18
7.780000E+03	4.200851E-17	3.603184E-18
7.790000E+03	4.220506E-17	3.619368E-18
7.800000E+03	4.239480E-17	3.634982E-18
7.810000E+03	4.258072E-17	3.650294E-18
7.820000E+03	4.276143E-17	3.665196E-18
7.830000E+03	4.293548E-17	3.679575E-18
7.840000E+03	4.310486E-17	3.693610E-18
7.850000E+03	4.326815E-17	3.707188E-18
7.860000E+03	4.342624E-17	3.720393E-18
7.870000E+03	4.357890E-17	3.733210E-18
7.880000E+03	4.372708E-17	3.745726E-18
7.890000E+03	4.386942E-17	3.757825E-18
7.900000E+03	4.400693E-17	3.769596E-18
7.910000E+03	4.414065E-17	3.781131E-18
7.920000E+03	4.426928E-17	3.792316E-18
7.930000E+03	4.439514E-17	3.803351E-18
7.940000E+03	4.451820E-17	3.814229E-18
7.950000E+03	4.463967E-17	3.825052E-18
7.960000E+03	4.476080E-17	3.835926E-18
7.970000E+03	4.487916E-17	3.846639E-18
7.980000E+03	4.499730E-17	3.857405E-18
7.990000E+03	4.511406E-17	3.868122E-18
8.000000E+03	4.522953E-17	3.878795E-18
8.010000E+03	4.534129E-17	3.889212E-18
8.020000E+03	4.544945E-17	3.899379E-18
8.030000E+03	4.555415E-17	3.909304E-18
8.040000E+03	4.565425E-17	3.918886E-18
8.050000E+03	4.574992E-17	3.928136E-18
8.060000E+03	4.584135E-17	3.937066E-18
8.070000E+03	4.592614E-17	3.945466E-18
8.080000E+03	4.600712E-17	3.953575E-18
8.090000E+03	4.608191E-17	3.961186E-18
8.100000E+03	4.615209E-17	3.968429E-18
8.110000E+03	4.621662E-17	3.975211E-18
8.120000E+03	4.627580E-17	3.981552E-18
8.130000E+03	4.632860E-17	3.987360E-18
8.140000E+03	4.637800E-17	3.992887E-18
8.150000E+03	4.642169E-17	3.997927E-18
8.160000E+03	4.646135E-17	4.002621E-18
8.170000E+03	4.649601E-17	4.006879E-18
8.180000E+03	4.652605E-17	4.010728E-18
8.190000E+03	4.655319E-17	4.014311E-18
8.200000E+03	4.657649E-17	4.017540E-18
8.210000E+03	4.659499E-17	4.020327E-18
8.220000E+03	4.661179E-17	4.022934E-18
8.230000E+03	4.662596E-17	4.025273E-18
8.240000E+03	4.663791E-17	4.027374E-18
8.250000E+03	4.664670E-17	4.029150E-18
8.260000E+03	4.665409E-17	4.030747E-18
8.270000E+03	4.666049E-17	4.032195E-18
8.280000E+03	4.666496E-17	4.033406E-18
8.290000E+03	4.666925E-17	4.034526E-18
8.300000E+03	4.667375E-17	4.035585E-18
8.310000E+03	4.667749E-17	4.036493E-18
8.320000E+03	4.668084E-17	4.037277E-18
8.330000E+03	4.668553E-17	4.038081E-18
8.340000E+03	4.669055E-17	4.038813E-18
8.350000E+03	4.669760E-17	4.039614E-18
8.360000E+03	4.670563E-17	4.040390E-18
8.370000E+03	4.671494E-17	4.041161E-18
8.380000E+03	4.672582E-17	4.041946E-18
8.390000E+03	4.673854E-17	4.042763E-18
8.400000E+03	4.675334E-17	4.043627E-18
8.410000E+03	4.677185E-17	4.044671E-18
8.420000E+03	4.679151E-17	4.045669E-18
8.430000E+03	4.681389E-17	4.046747E-18
8.440000E+03	4.683917E-17	4.047914E-18
8.450000E+03	4.686750E-17	4.049173E-18
8.460000E+03	4.689904E-17	4.050528E-18
8.470000E+03	4.693389E-17	4.051977E-18
8.480000E+03	4.697076E-17	4.053398E-18
8.490000E+03	4.701114E-17	4.054906E-18
8.500000E+03	4.705370E-17	4.056372E-18
8.510000E+03	4.709990E-17	4.057908E-18
8.520000E+03	4.714837E-17	4.059379E-18
8.530000E+03	4.720056E-17	4.060894E-18
8.540000E+03	4.725508E-17	4.062315E-18
8.550000E+03	4.731192E-17	4.063621E-18
8.560000E+03	4.737252E-17	4.064917E-18
8.570000E+03	4.743398E-17	4.065933E-18
8.580000E+03	4.749917E-17	4.066895E-18
8.590000E+03	4.756662E-17	4.067654E-18
8.600000E+03	4.763628E-17	4.068186E-18
8.610000E+03	4.770664E-17	4.068342E-18
8.620000E+03	4.778058E-17	4.068348E-18
8.630000E+03	4.785508E-17	4.067929E-18
8.640000E+03	4.793156E-17	4.067192E-18
8.650000E+03	4.800844E-17	4.065989E-18
8.660000E+03	4.808863E-17	4.064559E-18
8.670000E+03	4.816755E-17	4.062508E-18
8.680000E+03	4.824809E-17	4.060084E-18
8.690000E+03	4.832864E-17	4.057156E-18
8.700000E+03	4.841061E-17	4.053860E-18
8.710000E+03	4.849082E-17	4.049949E-18
8.720000E+03	4.857223E-17	4.045704E-18
8.730000E+03	4.865316E-17	4.041026E-18
8.740000E+03	4.873350E-17	4.035958E-18
8.750000E+03	4.881153E-17	4.030424E-18
8.760000E+03	4.888869E-17	4.024620E-18
8.770000E+03	4.896484E-17	4.018626E-18
8.780000E+03	4.903826E-17	4.012406E-18
8.790000E+03	4.911040E-17	4.006199E-18
8.800000E+03	4.917953E-17	3.999995E-18
8.810000E+03	4.924714E-17	3.994064E-18
8.820000E+03	4.930983E-17	3.988288E-18
8.830000E+03	4.937077E-17	3.983094E-18
8.840000E+03	4.942652E-17	3.978384E-18
8.850000E+03	4.948030E-17	3.974599E-18
8.860000E+03	4.952867E-17	3.971650E-18
8.870000E+03	4.957657E-17	3.970116E-18
8.880000E+03	4.962058E-17	3.969897E-18
8.890000E+03	4.966231E-17	3.971284E-18
8.900000E+03	4.970173E-17	3.974417E-18
8.910000E+03	4.974050E-17	3.979546E-18
8.920000E+03	4.977859E-17	3.986752E-18
8.930000E+03	4.981416E-17	3.995906E-18
8.940000E+03	4.985056E-17	4.007227E-18
8.950000E+03	4.988409E-17	4.020330E-18
8.960000E+03	4.991813E-17	4.035375E-18
8.970000E+03	4.995074E-17	4.052071E-18
8.980000E+03	4.998356E-17	4.070402E-18
8.990000E+03	5.001461E-17	4.090048E-18
9.000000E+03	5.004742E-17	4.111134E-18
9.040000E+03	5.016588E-17	4.204161E-18
9.080000E+03	5.028469E-17	4.305957E-18
9.120000E+03	5.040821E-17	4.410033E-18
9.160000E+03	5.054707E-17	4.513317E-18
9.200000E+03	5.070972E-17	4.614780E-18
9.240000E+03	5.090573E-17	4.714815E-18
9.280000E+03	5.114265E-17	4.814179E-18
9.320000E+03	5.142225E-17	4.913168E-18
9.360000E+03	5.174908E-17	5.012301E-18
9.400000E+03	5.211494E-17	5.110955E-18
9.440000E+03	5.251650E-17	5.209238E-18
9.480000E+03	5.293707E-17	5.306308E-18
9.520000E+03	5.336657E-17	5.402300E-18
9.560000E+03	5.378525E-17	5.496610E-18
9.600000E+03	5.417584E-17	5.589062E-18
9.640000E+03	5.452137E-17	5.679824E-18
9.680000E+03	5.480567E-17	5.769839E-18
9.720000E+03	5.501015E-17	5.861093E-18
9.760000E+03	5.512165E-17	5.958162E-18
9.800000E+03	5.512172E-17	6.067719E-18
9.840000E+03	5.500246E-17	6.200484E-18
9.880000E+03	5.475951E-17	6.370039E-18
9.920000E+03	5.437925E-17	6.589818E-18
9.960000E+03	5.386824E-17	6.874049E-18
1.000000E+04	5.322826E-17	7.231947E-18
1.004000E+04	5.246002E-17	7.665562E-18
1.008000E+04	5.157655E-17	8.170678E-18
1.012000E+04	5.058934E-17	8.735866E-18
1.016000E+04	4.951641E-17	9.346084E-18
1.020000E+04	4.836732E-17	9.982790E-18
1.024000E+04	4.715600E-17	1.062843E-17
1.028000E+04	4.590460E-17	1.126939E-17
1.032000E+04	4.462439E-17	1.189266E-17
