#wls	flux	fluxerr
1.600000E+03	1.710050E-16	1.666964E-16
1.640000E+03	1.760535E-16	1.687575E-16
1.680000E+03	1.807807E-16	1.702857E-16
1.720000E+03	1.851327E-16	1.712419E-16
1.760000E+03	1.890327E-16	1.715712E-16
1.800000E+03	1.924194E-16	1.712383E-16
1.840000E+03	1.952110E-16	1.701961E-16
1.880000E+03	1.973608E-16	1.684343E-16
1.920000E+03	1.988039E-16	1.659329E-16
1.960000E+03	1.994618E-16	1.626674E-16
2.000000E+03	1.992943E-16	1.586512E-16
2.040000E+03	1.982360E-16	1.538837E-16
2.080000E+03	1.962346E-16	1.483809E-16
2.120000E+03	1.932800E-16	1.421965E-16
2.160000E+03	1.893120E-16	1.353511E-16
2.200000E+03	1.843015E-16	1.278938E-16
2.240000E+03	1.782203E-16	1.198785E-16
2.280000E+03	1.710153E-16	1.113472E-16
2.320000E+03	1.629087E-16	1.025214E-16
2.360000E+03	1.541251E-16	9.360539E-17
2.400000E+03	1.448443E-16	8.475847E-17
2.440000E+03	1.352193E-16	7.610888E-17
2.480000E+03	1.253955E-16	6.776658E-17
2.520000E+03	1.155036E-16	5.982049E-17
2.560000E+03	1.056586E-16	5.233881E-17
2.600000E+03	9.597522E-17	4.537817E-17
2.640000E+03	8.655635E-17	3.897819E-17
2.680000E+03	7.749345E-17	3.316294E-17
2.720000E+03	6.886627E-17	2.794213E-17
2.760000E+03	6.074607E-17	2.331379E-17
2.800000E+03	5.318142E-17	1.926029E-17
2.840000E+03	4.621085E-17	1.575542E-17
2.880000E+03	3.986329E-17	1.276591E-17
2.920000E+03	3.415354E-17	1.025156E-17
2.960000E+03	2.908405E-17	8.167555E-18
3.000000E+03	2.464001E-17	6.464874E-18
3.010000E+03	2.362316E-17	6.092757E-18
3.020000E+03	2.264280E-17	5.740465E-18
3.030000E+03	2.169862E-17	5.407292E-18
3.040000E+03	2.078971E-17	5.092402E-18
3.050000E+03	1.991518E-17	4.794984E-18
3.060000E+03	1.907457E-17	4.514344E-18
3.070000E+03	1.826652E-17	4.249603E-18
3.080000E+03	1.749090E-17	4.000185E-18
3.090000E+03	1.674637E-17	3.765254E-18
3.100000E+03	1.603234E-17	3.544168E-18
3.110000E+03	1.534786E-17	3.336222E-18
3.120000E+03	1.469229E-17	3.140798E-18
3.130000E+03	1.406465E-17	2.957229E-18
3.140000E+03	1.346400E-17	2.784874E-18
3.150000E+03	1.288966E-17	2.623169E-18
3.160000E+03	1.234046E-17	2.471470E-18
3.170000E+03	1.181597E-17	2.329299E-18
3.180000E+03	1.131503E-17	2.196060E-18
3.190000E+03	1.083697E-17	2.071271E-18
3.200000E+03	1.038092E-17	1.954428E-18
3.210000E+03	9.946017E-18	1.845051E-18
3.220000E+03	9.531586E-18	1.742718E-18
3.230000E+03	9.136794E-18	1.646992E-18
3.240000E+03	8.760684E-18	1.557435E-18
3.250000E+03	8.402905E-18	1.473734E-18
3.260000E+03	8.062259E-18	1.395444E-18
3.270000E+03	7.738398E-18	1.322286E-18
3.280000E+03	7.430335E-18	1.253883E-18
3.290000E+03	7.137492E-18	1.189948E-18
3.300000E+03	6.859287E-18	1.130203E-18
3.310000E+03	6.594848E-18	1.074337E-18
3.320000E+03	6.343742E-18	1.022125E-18
3.330000E+03	6.105345E-18	9.733216E-19
3.340000E+03	5.878971E-18	9.276832E-19
3.350000E+03	5.664059E-18	8.849973E-19
3.360000E+03	5.460068E-18	8.450651E-19
3.370000E+03	5.266552E-18	8.077115E-19
3.380000E+03	5.082869E-18	7.727405E-19
3.390000E+03	4.908685E-18	7.400115E-19
3.400000E+03	4.743413E-18	7.093535E-19
3.410000E+03	4.586630E-18	6.806278E-19
3.420000E+03	4.437987E-18	6.537131E-19
3.430000E+03	4.296930E-18	6.284645E-19
3.440000E+03	4.163205E-18	6.047874E-19
3.450000E+03	4.036414E-18	5.825707E-19
3.460000E+03	3.916088E-18	5.616990E-19
3.470000E+03	3.802020E-18	5.420991E-19
3.480000E+03	3.693791E-18	5.236714E-19
3.490000E+03	3.591137E-18	5.063426E-19
3.500000E+03	3.493768E-18	4.900390E-19
3.510000E+03	3.401300E-18	4.746772E-19
3.520000E+03	3.313525E-18	4.602016E-19
3.530000E+03	3.230142E-18	4.465459E-19
3.540000E+03	3.150873E-18	4.336500E-19
3.550000E+03	3.075494E-18	4.214632E-19
3.560000E+03	3.003735E-18	4.099306E-19
3.570000E+03	2.935377E-18	3.990063E-19
3.580000E+03	2.870188E-18	3.886442E-19
3.590000E+03	2.808010E-18	3.788100E-19
3.600000E+03	2.748667E-18	3.694680E-19
3.610000E+03	2.691969E-18	3.605820E-19
3.620000E+03	2.637789E-18	3.521256E-19
3.630000E+03	2.586006E-18	3.440739E-19
3.640000E+03	2.536459E-18	3.363977E-19
3.650000E+03	2.489110E-18	3.290850E-19
3.660000E+03	2.443808E-18	3.221094E-19
3.670000E+03	2.400496E-18	3.154577E-19
3.680000E+03	2.359098E-18	3.091145E-19
3.690000E+03	2.319537E-18	3.030651E-19
3.700000E+03	2.281759E-18	2.972981E-19
3.710000E+03	2.245730E-18	2.918048E-19
3.720000E+03	2.211336E-18	2.865669E-19
3.730000E+03	2.178581E-18	2.815817E-19
3.740000E+03	2.147375E-18	2.768342E-19
3.750000E+03	2.117684E-18	2.723172E-19
3.760000E+03	2.089472E-18	2.680234E-19
3.770000E+03	2.062654E-18	2.639393E-19
3.780000E+03	2.037230E-18	2.600627E-19
3.790000E+03	2.013133E-18	2.563828E-19
3.800000E+03	1.990331E-18	2.528935E-19
3.810000E+03	1.968776E-18	2.495867E-19
3.820000E+03	1.948437E-18	2.464567E-19
3.830000E+03	1.929269E-18	2.434960E-19
3.840000E+03	1.911242E-18	2.406994E-19
3.850000E+03	1.894314E-18	2.380597E-19
3.860000E+03	1.878473E-18	2.355742E-19
3.870000E+03	1.863677E-18	2.332360E-19
3.880000E+03	1.849888E-18	2.310391E-19
3.890000E+03	1.837080E-18	2.289790E-19
3.900000E+03	1.825216E-18	2.270500E-19
3.910000E+03	1.814289E-18	2.252498E-19
3.920000E+03	1.804263E-18	2.235730E-19
3.930000E+03	1.795116E-18	2.220159E-19
3.940000E+03	1.786815E-18	2.205734E-19
3.950000E+03	1.779327E-18	2.192402E-19
3.960000E+03	1.772660E-18	2.180167E-19
3.970000E+03	1.766757E-18	2.168946E-19
3.980000E+03	1.761613E-18	2.158725E-19
3.990000E+03	1.757198E-18	2.149460E-19
4.000000E+03	1.753496E-18	2.141120E-19
4.010000E+03	1.750493E-18	2.133680E-19
4.020000E+03	1.748148E-18	2.127080E-19
4.030000E+03	1.746458E-18	2.121310E-19
4.040000E+03	1.745399E-18	2.116332E-19
4.050000E+03	1.744958E-18	2.112121E-19
4.060000E+03	1.745109E-18	2.108640E-19
4.070000E+03	1.745828E-18	2.105852E-19
4.080000E+03	1.747118E-18	2.103752E-19
4.090000E+03	1.748941E-18	2.102289E-19
4.100000E+03	1.751290E-18	2.101446E-19
4.110000E+03	1.754155E-18	2.101206E-19
4.120000E+03	1.757501E-18	2.101519E-19
4.130000E+03	1.761335E-18	2.102387E-19
4.140000E+03	1.765622E-18	2.103761E-19
4.150000E+03	1.770357E-18	2.105628E-19
4.160000E+03	1.775532E-18	2.107974E-19
4.170000E+03	1.781117E-18	2.110753E-19
4.180000E+03	1.787119E-18	2.113968E-19
4.190000E+03	1.793492E-18	2.117559E-19
4.200000E+03	1.800260E-18	2.121545E-19
4.210000E+03	1.807378E-18	2.125869E-19
4.220000E+03	1.814842E-18	2.130517E-19
4.230000E+03	1.822635E-18	2.135466E-19
4.240000E+03	1.830755E-18	2.140704E-19
4.250000E+03	1.839157E-18	2.146174E-19
4.260000E+03	1.847853E-18	2.151884E-19
4.270000E+03	1.856813E-18	2.157793E-19
4.280000E+03	1.866006E-18	2.163860E-19
4.290000E+03	1.875431E-18	2.170078E-19
4.300000E+03	1.885072E-18	2.176424E-19
4.310000E+03	1.894883E-18	2.182842E-19
4.320000E+03	1.904848E-18	2.189307E-19
4.330000E+03	1.914950E-18	2.195797E-19
4.340000E+03	1.925171E-18	2.202288E-19
4.350000E+03	1.935495E-18	2.208757E-19
4.360000E+03	1.945917E-18	2.215200E-19
4.370000E+03	1.956422E-18	2.221592E-19
4.380000E+03	1.966989E-18	2.227910E-19
4.390000E+03	1.977648E-18	2.234186E-19
4.400000E+03	1.988380E-18	2.240396E-19
4.410000E+03	1.999183E-18	2.246538E-19
4.420000E+03	2.010072E-18	2.252624E-19
4.430000E+03	2.021044E-18	2.258654E-19
4.440000E+03	2.032084E-18	2.264608E-19
4.450000E+03	2.043205E-18	2.270503E-19
4.460000E+03	2.054392E-18	2.276323E-19
4.470000E+03	2.065646E-18	2.282068E-19
4.480000E+03	2.076967E-18	2.287744E-19
4.490000E+03	2.088324E-18	2.293318E-19
4.500000E+03	2.099736E-18	2.298816E-19
4.510000E+03	2.111189E-18	2.304226E-19
4.520000E+03	2.122672E-18	2.309540E-19
4.530000E+03	2.134188E-18	2.314770E-19
4.540000E+03	2.145709E-18	2.319890E-19
4.550000E+03	2.157242E-18	2.324914E-19
4.560000E+03	2.168795E-18	2.329860E-19
4.570000E+03	2.180358E-18	2.334726E-19
4.580000E+03	2.191906E-18	2.339491E-19
4.590000E+03	2.203448E-18	2.344176E-19
4.600000E+03	2.214979E-18	2.348782E-19
4.610000E+03	2.226491E-18	2.353310E-19
4.620000E+03	2.237998E-18	2.357784E-19
4.630000E+03	2.249477E-18	2.362185E-19
4.640000E+03	2.260942E-18	2.366536E-19
4.650000E+03	2.272391E-18	2.370839E-19
4.660000E+03	2.283821E-18	2.375096E-19
4.670000E+03	2.295229E-18	2.379307E-19
4.680000E+03	2.306614E-18	2.383470E-19
4.690000E+03	2.317975E-18	2.387585E-19
4.700000E+03	2.329352E-18	2.391690E-19
4.710000E+03	2.340746E-18	2.395781E-19
4.720000E+03	2.352158E-18	2.399854E-19
4.730000E+03	2.363631E-18	2.403945E-19
4.740000E+03	2.375148E-18	2.408028E-19
4.750000E+03	2.386711E-18	2.412096E-19
4.760000E+03	2.398346E-18	2.416164E-19
4.770000E+03	2.410056E-18	2.420226E-19
4.780000E+03	2.421825E-18	2.424255E-19
4.790000E+03	2.433680E-18	2.428270E-19
4.800000E+03	2.445626E-18	2.432267E-19
4.810000E+03	2.457646E-18	2.436224E-19
4.820000E+03	2.469771E-18	2.440163E-19
4.830000E+03	2.482006E-18	2.444090E-19
4.840000E+03	2.494359E-18	2.448009E-19
4.850000E+03	2.506837E-18	2.451930E-19
4.860000E+03	2.519427E-18	2.455843E-19
4.870000E+03	2.532182E-18	2.459806E-19
4.880000E+03	2.545065E-18	2.463792E-19
4.890000E+03	2.558084E-18	2.467819E-19
4.900000E+03	2.571272E-18	2.471931E-19
4.910000E+03	2.584640E-18	2.476150E-19
4.920000E+03	2.598195E-18	2.480498E-19
4.930000E+03	2.611900E-18	2.484953E-19
4.940000E+03	2.625813E-18	2.489583E-19
4.950000E+03	2.639918E-18	2.494387E-19
4.960000E+03	2.654224E-18	2.499385E-19
4.970000E+03	2.668740E-18	2.504595E-19
4.980000E+03	2.683474E-18	2.510034E-19
4.990000E+03	2.698409E-18	2.515689E-19
5.000000E+03	2.713551E-18	2.521571E-19
5.010000E+03	2.728933E-18	2.527711E-19
5.020000E+03	2.744535E-18	2.534086E-19
5.030000E+03	2.760336E-18	2.540674E-19
5.040000E+03	2.776392E-18	2.547521E-19
5.050000E+03	2.792627E-18	2.554549E-19
5.060000E+03	2.809097E-18	2.561800E-19
5.070000E+03	2.825805E-18	2.569269E-19
5.080000E+03	2.842670E-18	2.576875E-19
5.090000E+03	2.859776E-18	2.584685E-19
5.100000E+03	2.877066E-18	2.592646E-19
5.110000E+03	2.894542E-18	2.600756E-19
5.120000E+03	2.912229E-18	2.609040E-19
5.130000E+03	2.930069E-18	2.617453E-19
5.140000E+03	2.948061E-18	2.626005E-19
5.150000E+03	2.966230E-18	2.634735E-19
5.160000E+03	2.984544E-18	2.643637E-19
5.170000E+03	3.002999E-18	2.652738E-19
5.180000E+03	3.021561E-18	2.662042E-19
5.190000E+03	3.040255E-18	2.671611E-19
5.200000E+03	3.059014E-18	2.681437E-19
5.210000E+03	3.077892E-18	2.691617E-19
5.220000E+03	3.096852E-18	2.702178E-19
5.230000E+03	3.115855E-18	2.713147E-19
5.240000E+03	3.134892E-18	2.724584E-19
5.250000E+03	3.153984E-18	2.736575E-19
5.260000E+03	3.173056E-18	2.749129E-19
5.270000E+03	3.192129E-18	2.762337E-19
5.280000E+03	3.211221E-18	2.776287E-19
5.290000E+03	3.230223E-18	2.790962E-19
5.300000E+03	3.249214E-18	2.806505E-19
5.310000E+03	3.268084E-18	2.822890E-19
5.320000E+03	3.286911E-18	2.840256E-19
5.330000E+03	3.305582E-18	2.858571E-19
5.340000E+03	3.324142E-18	2.877937E-19
5.350000E+03	3.342575E-18	2.898396E-19
5.360000E+03	3.360828E-18	2.919956E-19
5.370000E+03	3.378950E-18	2.942703E-19
5.380000E+03	3.396822E-18	2.966572E-19
5.390000E+03	3.414526E-18	2.991669E-19
5.400000E+03	3.432013E-18	3.017972E-19
5.410000E+03	3.449263E-18	3.045485E-19
5.420000E+03	3.466261E-18	3.074203E-19
5.430000E+03	3.482991E-18	3.104115E-19
5.440000E+03	3.499400E-18	3.135174E-19
5.450000E+03	3.515473E-18	3.167354E-19
5.460000E+03	3.531192E-18	3.200627E-19
5.470000E+03	3.546542E-18	3.234956E-19
5.480000E+03	3.561471E-18	3.270269E-19
5.490000E+03	3.575925E-18	3.306488E-19
5.500000E+03	3.589922E-18	3.343596E-19
5.510000E+03	3.603409E-18	3.381506E-19
5.520000E+03	3.616331E-18	3.420127E-19
5.530000E+03	3.628633E-18	3.459366E-19
5.540000E+03	3.640331E-18	3.499196E-19
5.550000E+03	3.651334E-18	3.539482E-19
5.560000E+03	3.661658E-18	3.580195E-19
5.570000E+03	3.671209E-18	3.621199E-19
5.580000E+03	3.679969E-18	3.662425E-19
5.590000E+03	3.687954E-18	3.703847E-19
5.600000E+03	3.695071E-18	3.745323E-19
5.610000E+03	3.701339E-18	3.786828E-19
5.620000E+03	3.706742E-18	3.828301E-19
5.630000E+03	3.711223E-18	3.869643E-19
5.640000E+03	3.714768E-18	3.910797E-19
5.650000E+03	3.717401E-18	3.951749E-19
5.660000E+03	3.719110E-18	3.992451E-19
5.670000E+03	3.719844E-18	4.032816E-19
5.680000E+03	3.719635E-18	4.072840E-19
5.690000E+03	3.718514E-18	4.112529E-19
5.700000E+03	3.716399E-18	4.151762E-19
5.710000E+03	3.713326E-18	4.190545E-19
5.720000E+03	3.709335E-18	4.228892E-19
5.730000E+03	3.704428E-18	4.266773E-19
5.740000E+03	3.698608E-18	4.304159E-19
5.750000E+03	3.691883E-18	4.341019E-19
5.760000E+03	3.684260E-18	4.377321E-19
5.770000E+03	3.675790E-18	4.413081E-19
5.780000E+03	3.666446E-18	4.448214E-19
5.790000E+03	3.656320E-18	4.482777E-19
5.800000E+03	3.645391E-18	4.516683E-19
5.810000E+03	3.633677E-18	4.549886E-19
5.820000E+03	3.621277E-18	4.582436E-19
5.830000E+03	3.608135E-18	4.614184E-19
5.840000E+03	3.594316E-18	4.645128E-19
5.850000E+03	3.579887E-18	4.675264E-19
5.860000E+03	3.564839E-18	4.704486E-19
5.870000E+03	3.549241E-18	4.732792E-19
5.880000E+03	3.533089E-18	4.760074E-19
5.890000E+03	3.516498E-18	4.786388E-19
5.900000E+03	3.499466E-18	4.811633E-19
5.910000E+03	3.482032E-18	4.835763E-19
5.920000E+03	3.464275E-18	4.858793E-19
5.930000E+03	3.446198E-18	4.880633E-19
5.940000E+03	3.427879E-18	4.901310E-19
5.950000E+03	3.409323E-18	4.920743E-19
5.960000E+03	3.390608E-18	4.938971E-19
5.970000E+03	3.371774E-18	4.955982E-19
5.980000E+03	3.352862E-18	4.971771E-19
5.990000E+03	3.333870E-18	4.986281E-19
6.000000E+03	3.314876E-18	4.999574E-19
6.010000E+03	3.295914E-18	5.011663E-19
6.020000E+03	3.276982E-18	5.022503E-19
6.030000E+03	3.258150E-18	5.032175E-19
6.040000E+03	3.239412E-18	5.040643E-19
6.050000E+03	3.220760E-18	5.047875E-19
6.060000E+03	3.202300E-18	5.054022E-19
6.070000E+03	3.183982E-18	5.058999E-19
6.080000E+03	3.165871E-18	5.062901E-19
6.090000E+03	3.147913E-18	5.065646E-19
6.100000E+03	3.130169E-18	5.067333E-19
6.110000E+03	3.112624E-18	5.067944E-19
6.120000E+03	3.095296E-18	5.067520E-19
6.130000E+03	3.078203E-18	5.066103E-19
6.140000E+03	3.061324E-18	5.063675E-19
6.150000E+03	3.044674E-18	5.060279E-19
6.160000E+03	3.028267E-18	5.055957E-19
6.170000E+03	3.012116E-18	5.050754E-19
6.180000E+03	2.996231E-18	5.044713E-19
6.190000E+03	2.980584E-18	5.037811E-19
6.200000E+03	2.965222E-18	5.030155E-19
6.210000E+03	2.950152E-18	5.021786E-19
6.220000E+03	2.935380E-18	5.012743E-19
6.230000E+03	2.920949E-18	5.003132E-19
6.240000E+03	2.906901E-18	4.993056E-19
6.250000E+03	2.893278E-18	4.982621E-19
6.260000E+03	2.880120E-18	4.971930E-19
6.270000E+03	2.867468E-18	4.961087E-19
6.280000E+03	2.855401E-18	4.950262E-19
6.290000E+03	2.843880E-18	4.939425E-19
6.300000E+03	2.833060E-18	4.928879E-19
6.310000E+03	2.822905E-18	4.918594E-19
6.320000E+03	2.813492E-18	4.908739E-19
6.330000E+03	2.804862E-18	4.899417E-19
6.340000E+03	2.797054E-18	4.890730E-19
6.350000E+03	2.790069E-18	4.882713E-19
6.360000E+03	2.783949E-18	4.875467E-19
6.370000E+03	2.778736E-18	4.869095E-19
6.380000E+03	2.774431E-18	4.863628E-19
6.390000E+03	2.771038E-18	4.859099E-19
6.400000E+03	2.768600E-18	4.855608E-19
6.410000E+03	2.767040E-18	4.853045E-19
6.420000E+03	2.766360E-18	4.851438E-19
6.430000E+03	2.766524E-18	4.850743E-19
6.440000E+03	2.767451E-18	4.850841E-19
6.450000E+03	2.769185E-18	4.851827E-19
6.460000E+03	2.771644E-18	4.853578E-19
6.470000E+03	2.774873E-18	4.856188E-19
6.480000E+03	2.778873E-18	4.859679E-19
6.490000E+03	2.783604E-18	4.863995E-19
6.500000E+03	2.789069E-18	4.869156E-19
6.510000E+03	2.795268E-18	4.875179E-19
6.520000E+03	2.802205E-18	4.882081E-19
6.530000E+03	2.809881E-18	4.889880E-19
6.540000E+03	2.818343E-18	4.898670E-19
6.550000E+03	2.827552E-18	4.908389E-19
6.560000E+03	2.837463E-18	4.918975E-19
6.570000E+03	2.848170E-18	4.930600E-19
6.580000E+03	2.859586E-18	4.943120E-19
6.590000E+03	2.871760E-18	4.956629E-19
6.600000E+03	2.884694E-18	4.971140E-19
6.610000E+03	2.898393E-18	4.986667E-19
6.620000E+03	2.912861E-18	5.003224E-19
6.630000E+03	2.928054E-18	5.020741E-19
6.640000E+03	2.944023E-18	5.039312E-19
6.650000E+03	2.960723E-18	5.058865E-19
6.660000E+03	2.978209E-18	5.079497E-19
6.670000E+03	2.996434E-18	5.101134E-19
6.680000E+03	3.015402E-18	5.123785E-19
6.690000E+03	3.035168E-18	5.147549E-19
6.700000E+03	3.055739E-18	5.172437E-19
6.710000E+03	3.077015E-18	5.198283E-19
6.720000E+03	3.099106E-18	5.225275E-19
6.730000E+03	3.121909E-18	5.253242E-19
6.740000E+03	3.145537E-18	5.282376E-19
6.750000E+03	3.169942E-18	5.312596E-19
6.760000E+03	3.195073E-18	5.343818E-19
6.770000E+03	3.221048E-18	5.376237E-19
6.780000E+03	3.247759E-18	5.409676E-19
6.790000E+03	3.275267E-18	5.444235E-19
6.800000E+03	3.303580E-18	5.479926E-19
6.810000E+03	3.332702E-18	5.516757E-19
6.820000E+03	3.362581E-18	5.554638E-19
6.830000E+03	3.393280E-18	5.593675E-19
6.840000E+03	3.424745E-18	5.633774E-19
6.850000E+03	3.457043E-18	5.675046E-19
6.860000E+03	3.490115E-18	5.717392E-19
6.870000E+03	3.523967E-18	5.760819E-19
6.880000E+03	3.558667E-18	5.805438E-19
6.890000E+03	3.594089E-18	5.851040E-19
6.900000E+03	3.630369E-18	5.897845E-19
6.910000E+03	3.667445E-18	5.945749E-19
6.920000E+03	3.705321E-18	5.994757E-19
6.930000E+03	3.744000E-18	6.044870E-19
6.940000E+03	3.783485E-18	6.096093E-19
6.950000E+03	3.823707E-18	6.148311E-19
6.960000E+03	3.864740E-18	6.201641E-19
6.970000E+03	3.906586E-18	6.256085E-19
6.980000E+03	3.949249E-18	6.311645E-19
6.990000E+03	3.992577E-18	6.368077E-19
7.000000E+03	4.036800E-18	6.425747E-19
7.010000E+03	4.081686E-18	6.484283E-19
7.020000E+03	4.127391E-18	6.543932E-19
7.030000E+03	4.173835E-18	6.604565E-19
7.040000E+03	4.221016E-18	6.666177E-19
7.050000E+03	4.268931E-18	6.728764E-19
7.060000E+03	4.317579E-18	6.792321E-19
7.070000E+03	4.366869E-18	6.856706E-19
7.080000E+03	4.416883E-18	6.922046E-19
7.090000E+03	4.467616E-18	6.988334E-19
7.100000E+03	4.518973E-18	7.055423E-19
7.110000E+03	4.571040E-18	7.123443E-19
7.120000E+03	4.623716E-18	7.192241E-19
7.130000E+03	4.676993E-18	7.261804E-19
7.140000E+03	4.730860E-18	7.332117E-19
7.150000E+03	4.785406E-18	7.403319E-19
7.160000E+03	4.840423E-18	7.475090E-19
7.170000E+03	4.895896E-18	7.547410E-19
7.180000E+03	4.952014E-18	7.620574E-19
7.190000E+03	5.008560E-18	7.694249E-19
7.200000E+03	5.065515E-18	7.768411E-19
7.210000E+03	5.122969E-18	7.843202E-19
7.220000E+03	5.180797E-18	7.918435E-19
7.230000E+03	5.238978E-18	7.994086E-19
7.240000E+03	5.297492E-18	8.070127E-19
7.250000E+03	5.356317E-18	8.146532E-19
7.260000E+03	5.415547E-18	8.223450E-19
7.270000E+03	5.474927E-18	8.300501E-19
7.280000E+03	5.534667E-18	8.378013E-19
7.290000E+03	5.594627E-18	8.455778E-19
7.300000E+03	5.654780E-18	8.533765E-19
7.310000E+03	5.715225E-18	8.612134E-19
7.320000E+03	5.775814E-18	8.690666E-19
7.330000E+03	5.836647E-18	8.769525E-19
7.340000E+03	5.897702E-18	8.848682E-19
7.350000E+03	5.959089E-18	8.928312E-19
7.360000E+03	6.020790E-18	9.008396E-19
7.370000E+03	6.082923E-18	9.089117E-19
7.380000E+03	6.145335E-18	9.170255E-19
7.390000E+03	6.208433E-18	9.252422E-19
7.400000E+03	6.272216E-18	9.335619E-19
7.410000E+03	6.336535E-18	9.419631E-19
7.420000E+03	6.401827E-18	9.505111E-19
7.430000E+03	6.467953E-18	9.591853E-19
7.440000E+03	6.535071E-18	9.680091E-19
7.450000E+03	6.603036E-18	9.769612E-19
7.460000E+03	6.672009E-18	9.860654E-19
7.470000E+03	6.741524E-18	9.952525E-19
7.480000E+03	6.811895E-18	1.004569E-18
7.490000E+03	6.882633E-18	1.013942E-18
7.500000E+03	6.953887E-18	1.023394E-18
7.510000E+03	7.025479E-18	1.032898E-18
7.520000E+03	7.097220E-18	1.042427E-18
7.530000E+03	7.169258E-18	1.052000E-18
7.540000E+03	7.241046E-18	1.061538E-18
7.550000E+03	7.312900E-18	1.071086E-18
7.560000E+03	7.384611E-18	1.080613E-18
7.570000E+03	7.456145E-18	1.090114E-18
7.580000E+03	7.527280E-18	1.099555E-18
7.590000E+03	7.598160E-18	1.108956E-18
7.600000E+03	7.668557E-18	1.118284E-18
7.610000E+03	7.738425E-18	1.127531E-18
7.620000E+03	7.807914E-18	1.136718E-18
7.630000E+03	7.876786E-18	1.145811E-18
7.640000E+03	7.945194E-18	1.154830E-18
7.650000E+03	8.012692E-18	1.163710E-18
7.660000E+03	8.079634E-18	1.172502E-18
7.670000E+03	8.145771E-18	1.181170E-18
7.680000E+03	8.211262E-18	1.189737E-18
7.690000E+03	8.275853E-18	1.198164E-18
7.700000E+03	8.339494E-18	1.206445E-18
7.710000E+03	8.402134E-18	1.214572E-18
7.720000E+03	8.464162E-18	1.222602E-18
7.730000E+03	8.524875E-18	1.230432E-18
7.740000E+03	8.584889E-18	1.238153E-18
7.750000E+03	8.643715E-18	1.245693E-18
7.760000E+03	8.701533E-18	1.253078E-18
7.770000E+03	8.758300E-18	1.260303E-18
7.780000E+03	8.813976E-18	1.267362E-18
7.790000E+03	8.868757E-18	1.274283E-18
7.800000E+03	8.922372E-18	1.281029E-18
7.810000E+03	8.974782E-18	1.287594E-18
7.820000E+03	9.026196E-18	1.294009E-18
7.830000E+03	9.076830E-18	1.300304E-18
7.840000E+03	9.126419E-18	1.306443E-18
7.850000E+03	9.174936E-18	1.312421E-18
7.860000E+03	9.222867E-18	1.318310E-18
7.870000E+03	9.270205E-18	1.324108E-18
7.880000E+03	9.316688E-18	1.329778E-18
7.890000E+03	9.362826E-18	1.335393E-18
7.900000E+03	9.408628E-18	1.340955E-18
7.910000E+03	9.454368E-18	1.346503E-18
7.920000E+03	9.500330E-18	1.352078E-18
7.930000E+03	9.546542E-18	1.357684E-18
7.940000E+03	9.593034E-18	1.363324E-18
7.950000E+03	9.640385E-18	1.369082E-18
7.960000E+03	9.688918E-18	1.375002E-18
7.970000E+03	9.738134E-18	1.381013E-18
7.980000E+03	9.788637E-18	1.387201E-18
7.990000E+03	9.840207E-18	1.393534E-18
8.000000E+03	9.892331E-18	1.399939E-18
8.010000E+03	9.945344E-18	1.406462E-18
8.020000E+03	9.998725E-18	1.413030E-18
8.030000E+03	1.005252E-17	1.419648E-18
8.040000E+03	1.010678E-17	1.426324E-18
8.050000E+03	1.016068E-17	1.432939E-18
8.060000E+03	1.021485E-17	1.439582E-18
8.070000E+03	1.026904E-17	1.446218E-18
8.080000E+03	1.032270E-17	1.452770E-18
8.090000E+03	1.037649E-17	1.459326E-18
8.100000E+03	1.042985E-17	1.465810E-18
8.110000E+03	1.048284E-17	1.472228E-18
8.120000E+03	1.053550E-17	1.478585E-18
8.130000E+03	1.058759E-17	1.484846E-18
8.140000E+03	1.063946E-17	1.491060E-18
8.150000E+03	1.069119E-17	1.497235E-18
8.160000E+03	1.074221E-17	1.503291E-18
8.170000E+03	1.079321E-17	1.509322E-18
8.180000E+03	1.084362E-17	1.515248E-18
8.190000E+03	1.089415E-17	1.521166E-18
8.200000E+03	1.094422E-17	1.526994E-18
8.210000E+03	1.099423E-17	1.532784E-18
8.220000E+03	1.104393E-17	1.538501E-18
8.230000E+03	1.109371E-17	1.544195E-18
8.240000E+03	1.114332E-17	1.549831E-18
8.250000E+03	1.119316E-17	1.555461E-18
8.260000E+03	1.124299E-17	1.561048E-18
8.270000E+03	1.129286E-17	1.566600E-18
8.280000E+03	1.134287E-17	1.572123E-18
8.290000E+03	1.139341E-17	1.577672E-18
8.300000E+03	1.144390E-17	1.583162E-18
8.310000E+03	1.149508E-17	1.588692E-18
8.320000E+03	1.154669E-17	1.594222E-18
8.330000E+03	1.159879E-17	1.599760E-18
8.340000E+03	1.165113E-17	1.605263E-18
8.350000E+03	1.170445E-17	1.610832E-18
8.360000E+03	1.175813E-17	1.616379E-18
8.370000E+03	1.181259E-17	1.621954E-18
8.380000E+03	1.186788E-17	1.627563E-18
8.390000E+03	1.192407E-17	1.633210E-18
8.400000E+03	1.198087E-17	1.638850E-18
8.410000E+03	1.203867E-17	1.644535E-18
8.420000E+03	1.209718E-17	1.650217E-18
8.430000E+03	1.215680E-17	1.655948E-18
8.440000E+03	1.221758E-17	1.661729E-18
8.450000E+03	1.227919E-17	1.667511E-18
8.460000E+03	1.234166E-17	1.673294E-18
8.470000E+03	1.240502E-17	1.679077E-18
8.480000E+03	1.246968E-17	1.684909E-18
8.490000E+03	1.253527E-17	1.690737E-18
8.500000E+03	1.260219E-17	1.696611E-18
8.510000E+03	1.266970E-17	1.702425E-18
8.520000E+03	1.273856E-17	1.708277E-18
8.530000E+03	1.280799E-17	1.714061E-18
8.540000E+03	1.287877E-17	1.719875E-18
8.550000E+03	1.295009E-17	1.725609E-18
8.560000E+03	1.302274E-17	1.731364E-18
8.570000E+03	1.309587E-17	1.737028E-18
8.580000E+03	1.316986E-17	1.742647E-18
8.590000E+03	1.324466E-17	1.748215E-18
8.600000E+03	1.331982E-17	1.753672E-18
8.610000E+03	1.339569E-17	1.759065E-18
8.620000E+03	1.347220E-17	1.764387E-18
8.630000E+03	1.354886E-17	1.769577E-18
8.640000E+03	1.362559E-17	1.774629E-18
8.650000E+03	1.370271E-17	1.779591E-18
8.660000E+03	1.377971E-17	1.784403E-18
8.670000E+03	1.385647E-17	1.789060E-18
8.680000E+03	1.393288E-17	1.793556E-18
8.690000E+03	1.400924E-17	1.797946E-18
8.700000E+03	1.408454E-17	1.802112E-18
8.710000E+03	1.415954E-17	1.806167E-18
8.720000E+03	1.423318E-17	1.809994E-18
8.730000E+03	1.430621E-17	1.813712E-18
8.740000E+03	1.437755E-17	1.817203E-18
8.750000E+03	1.444750E-17	1.820530E-18
8.760000E+03	1.451587E-17	1.823697E-18
8.770000E+03	1.458249E-17	1.826709E-18
8.780000E+03	1.464717E-17	1.829574E-18
8.790000E+03	1.470924E-17	1.832238E-18
8.800000E+03	1.476948E-17	1.834831E-18
8.810000E+03	1.482672E-17	1.837243E-18
8.820000E+03	1.488175E-17	1.839605E-18
8.830000E+03	1.493338E-17	1.841807E-18
8.840000E+03	1.498242E-17	1.843983E-18
8.850000E+03	1.502820E-17	1.846084E-18
8.860000E+03	1.507103E-17	1.848184E-18
8.870000E+03	1.511077E-17	1.850294E-18
8.880000E+03	1.514672E-17	1.852360E-18
8.890000E+03	1.517980E-17	1.854519E-18
8.900000E+03	1.520881E-17	1.856650E-18
8.910000E+03	1.523419E-17	1.858820E-18
8.920000E+03	1.525584E-17	1.861031E-18
8.930000E+03	1.527371E-17	1.863279E-18
8.940000E+03	1.528778E-17	1.865559E-18
8.950000E+03	1.529753E-17	1.867794E-18
8.960000E+03	1.530406E-17	1.870105E-18
8.970000E+03	1.530690E-17	1.872412E-18
8.980000E+03	1.530609E-17	1.874697E-18
8.990000E+03	1.530228E-17	1.877013E-18
9.000000E+03	1.529442E-17	1.879201E-18
9.040000E+03	1.523584E-17	1.887689E-18
9.080000E+03	1.513812E-17	1.894747E-18
9.120000E+03	1.501419E-17	1.900070E-18
9.160000E+03	1.487579E-17	1.903589E-18
9.200000E+03	1.473287E-17	1.905460E-18
9.240000E+03	1.459511E-17	1.906238E-18
9.280000E+03	1.447060E-17	1.906634E-18
9.320000E+03	1.436440E-17	1.907236E-18
9.360000E+03	1.428125E-17	1.908784E-18
9.400000E+03	1.422439E-17	1.911960E-18
9.440000E+03	1.419639E-17	1.917461E-18
9.480000E+03	1.419788E-17	1.925788E-18
9.520000E+03	1.423065E-17	1.937678E-18
9.560000E+03	1.429486E-17	1.953726E-18
9.600000E+03	1.438968E-17	1.974520E-18
9.640000E+03	1.451599E-17	2.001076E-18
9.680000E+03	1.467292E-17	2.034466E-18
9.720000E+03	1.485949E-17	2.076146E-18
9.760000E+03	1.507771E-17	2.128529E-18
9.800000E+03	1.532339E-17	2.193793E-18
9.840000E+03	1.559841E-17	2.275670E-18
9.880000E+03	1.589886E-17	2.377722E-18
9.920000E+03	1.622489E-17	2.504595E-18
9.960000E+03	1.657370E-17	2.660690E-18
1.000000E+04	1.694007E-17	2.849758E-18
1.004000E+04	1.732013E-17	3.075018E-18
1.008000E+04	1.770728E-17	3.338047E-18
1.012000E+04	1.809350E-17	3.638690E-18
1.016000E+04	1.847159E-17	3.975468E-18
1.020000E+04	1.883095E-17	4.344861E-18
1.024000E+04	1.916501E-17	4.743076E-18
1.028000E+04	1.946838E-17	5.165769E-18
1.032000E+04	1.973293E-17	5.607138E-18
