#wls	flux	fluxerr
1.600000E+03	1.360824E-16	1.317798E-16
1.640000E+03	1.405937E-16	1.338877E-16
1.680000E+03	1.449618E-16	1.356665E-16
1.720000E+03	1.491206E-16	1.370579E-16
1.760000E+03	1.530570E-16	1.380562E-16
1.800000E+03	1.566969E-16	1.386038E-16
1.840000E+03	1.599916E-16	1.386705E-16
1.880000E+03	1.629172E-16	1.382515E-16
1.920000E+03	1.653930E-16	1.372976E-16
1.960000E+03	1.673789E-16	1.357993E-16
2.000000E+03	1.688093E-16	1.337317E-16
2.040000E+03	1.696475E-16	1.310976E-16
2.080000E+03	1.698132E-16	1.278718E-16
2.120000E+03	1.692498E-16	1.240541E-16
2.160000E+03	1.679036E-16	1.196523E-16
2.200000E+03	1.656894E-16	1.146582E-16
2.240000E+03	1.625441E-16	1.090874E-16
2.280000E+03	1.584747E-16	1.030076E-16
2.320000E+03	1.535463E-16	9.652400E-17
2.360000E+03	1.479208E-16	8.979620E-17
2.400000E+03	1.417326E-16	8.295471E-17
2.440000E+03	1.351002E-16	7.610988E-17
2.480000E+03	1.281454E-16	6.936359E-17
2.520000E+03	1.209462E-16	6.278438E-17
2.560000E+03	1.135899E-16	5.643814E-17
2.600000E+03	1.061510E-16	5.037634E-17
2.640000E+03	9.870554E-17	4.464406E-17
2.680000E+03	9.131579E-17	3.927275E-17
2.720000E+03	8.404333E-17	3.428720E-17
2.760000E+03	7.694492E-17	2.970387E-17
2.800000E+03	7.007235E-17	2.553142E-17
2.840000E+03	6.347386E-17	2.177171E-17
2.880000E+03	5.719533E-17	1.842071E-17
2.920000E+03	5.127655E-17	1.546778E-17
2.960000E+03	4.575114E-17	1.289646E-17
3.000000E+03	4.064282E-17	1.068437E-17
3.010000E+03	3.943372E-17	1.018465E-17
3.020000E+03	3.825071E-17	9.704984E-18
3.030000E+03	3.709541E-17	9.245293E-18
3.040000E+03	3.596680E-17	8.804827E-18
3.050000E+03	3.486549E-17	8.383245E-18
3.060000E+03	3.379195E-17	7.980163E-18
3.070000E+03	3.274450E-17	7.594687E-18
3.080000E+03	3.172496E-17	7.226753E-18
3.090000E+03	3.073168E-17	6.875491E-18
3.100000E+03	2.976566E-17	6.540638E-18
3.110000E+03	2.882596E-17	6.221498E-18
3.120000E+03	2.791231E-17	5.917538E-18
3.130000E+03	2.702548E-17	5.628446E-18
3.140000E+03	2.616409E-17	5.353458E-18
3.150000E+03	2.532931E-17	5.092351E-18
3.160000E+03	2.451935E-17	4.844302E-18
3.170000E+03	2.373525E-17	4.609069E-18
3.180000E+03	2.297576E-17	4.385966E-18
3.190000E+03	2.224135E-17	4.174650E-18
3.200000E+03	2.153124E-17	3.974547E-18
3.210000E+03	2.084540E-17	3.785241E-18
3.220000E+03	2.018341E-17	3.606250E-18
3.230000E+03	1.954482E-17	3.437106E-18
3.240000E+03	1.892889E-17	3.277300E-18
3.250000E+03	1.833580E-17	3.126499E-18
3.260000E+03	1.776477E-17	2.984218E-18
3.270000E+03	1.721559E-17	2.850085E-18
3.280000E+03	1.668750E-17	2.723644E-18
3.290000E+03	1.618001E-17	2.604508E-18
3.300000E+03	1.569284E-17	2.492336E-18
3.310000E+03	1.522523E-17	2.386725E-18
3.320000E+03	1.477689E-17	2.287358E-18
3.330000E+03	1.434726E-17	2.193896E-18
3.340000E+03	1.393541E-17	2.105951E-18
3.350000E+03	1.354120E-17	2.023278E-18
3.360000E+03	1.316392E-17	1.945553E-18
3.370000E+03	1.280303E-17	1.872493E-18
3.380000E+03	1.245803E-17	1.803834E-18
3.390000E+03	1.212807E-17	1.739275E-18
3.400000E+03	1.181300E-17	1.678625E-18
3.410000E+03	1.151216E-17	1.621634E-18
3.420000E+03	1.122495E-17	1.568069E-18
3.430000E+03	1.095092E-17	1.517731E-18
3.440000E+03	1.068961E-17	1.470430E-18
3.450000E+03	1.044036E-17	1.425954E-18
3.460000E+03	1.020290E-17	1.384156E-18
3.470000E+03	9.976580E-18	1.344848E-18
3.480000E+03	9.761056E-18	1.307887E-18
3.490000E+03	9.555864E-18	1.273123E-18
3.500000E+03	9.360570E-18	1.240419E-18
3.510000E+03	9.174763E-18	1.209644E-18
3.520000E+03	8.998052E-18	1.180680E-18
3.530000E+03	8.829972E-18	1.153403E-18
3.540000E+03	8.670090E-18	1.127697E-18
3.550000E+03	8.518090E-18	1.103471E-18
3.560000E+03	8.373587E-18	1.080624E-18
3.570000E+03	8.236305E-18	1.059079E-18
3.580000E+03	8.105811E-18	1.038739E-18
3.590000E+03	7.981871E-18	1.019537E-18
3.600000E+03	7.864176E-18	1.001401E-18
3.610000E+03	7.752593E-18	9.842830E-19
3.620000E+03	7.646764E-18	9.681100E-19
3.630000E+03	7.546501E-18	9.528329E-19
3.640000E+03	7.451405E-18	9.383784E-19
3.650000E+03	7.361318E-18	9.247056E-19
3.660000E+03	7.276017E-18	9.117675E-19
3.670000E+03	7.195290E-18	8.995201E-19
3.680000E+03	7.118999E-18	8.879303E-19
3.690000E+03	7.047010E-18	8.769670E-19
3.700000E+03	6.979130E-18	8.665927E-19
3.710000E+03	6.915298E-18	8.567876E-19
3.720000E+03	6.855327E-18	8.475172E-19
3.730000E+03	6.799219E-18	8.387716E-19
3.740000E+03	6.746852E-18	8.305258E-19
3.750000E+03	6.698105E-18	8.227563E-19
3.760000E+03	6.652919E-18	8.154475E-19
3.770000E+03	6.611292E-18	8.085913E-19
3.780000E+03	6.573105E-18	8.021658E-19
3.790000E+03	6.538353E-18	7.961637E-19
3.800000E+03	6.506920E-18	7.905642E-19
3.810000E+03	6.478746E-18	7.853542E-19
3.820000E+03	6.453828E-18	7.805271E-19
3.830000E+03	6.432159E-18	7.760765E-19
3.840000E+03	6.413626E-18	7.719834E-19
3.850000E+03	6.398279E-18	7.682483E-19
3.860000E+03	6.385953E-18	7.648461E-19
3.870000E+03	6.376747E-18	7.617839E-19
3.880000E+03	6.370501E-18	7.590373E-19
3.890000E+03	6.367314E-18	7.566131E-19
3.900000E+03	6.367075E-18	7.544933E-19
3.910000E+03	6.369780E-18	7.526724E-19
3.920000E+03	6.375371E-18	7.511389E-19
3.930000E+03	6.383843E-18	7.498871E-19
3.940000E+03	6.395140E-18	7.489055E-19
3.950000E+03	6.409307E-18	7.481945E-19
3.960000E+03	6.426236E-18	7.477366E-19
3.970000E+03	6.445922E-18	7.475260E-19
3.980000E+03	6.468309E-18	7.475513E-19
3.990000E+03	6.493443E-18	7.478127E-19
4.000000E+03	6.521270E-18	7.482985E-19
4.010000E+03	6.551733E-18	7.489974E-19
4.020000E+03	6.584778E-18	7.498977E-19
4.030000E+03	6.620455E-18	7.509999E-19
4.040000E+03	6.658658E-18	7.522868E-19
4.050000E+03	6.699439E-18	7.537590E-19
4.060000E+03	6.742692E-18	7.553996E-19
4.070000E+03	6.788421E-18	7.572038E-19
4.080000E+03	6.836627E-18	7.591668E-19
4.090000E+03	6.887260E-18	7.612784E-19
4.100000E+03	6.940273E-18	7.635284E-19
4.110000E+03	6.995616E-18	7.659072E-19
4.120000E+03	7.053350E-18	7.684171E-19
4.130000E+03	7.113374E-18	7.710431E-19
4.140000E+03	7.175696E-18	7.737822E-19
4.150000E+03	7.240214E-18	7.766200E-19
4.160000E+03	7.306937E-18	7.795543E-19
4.170000E+03	7.375875E-18	7.825836E-19
4.180000E+03	7.446926E-18	7.856945E-19
4.190000E+03	7.520100E-18	7.888865E-19
4.200000E+03	7.595292E-18	7.921473E-19
4.210000E+03	7.672514E-18	7.954777E-19
4.220000E+03	7.751657E-18	7.988669E-19
4.230000E+03	7.832732E-18	8.023174E-19
4.240000E+03	7.915627E-18	8.058200E-19
4.250000E+03	8.000290E-18	8.093729E-19
4.260000E+03	8.086601E-18	8.129690E-19
4.270000E+03	8.174568E-18	8.166147E-19
4.280000E+03	8.264064E-18	8.203049E-19
4.290000E+03	8.355027E-18	8.240419E-19
4.300000E+03	8.447323E-18	8.278224E-19
4.310000E+03	8.540810E-18	8.316435E-19
4.320000E+03	8.635411E-18	8.355097E-19
4.330000E+03	8.731041E-18	8.394257E-19
4.340000E+03	8.827543E-18	8.433894E-19
4.350000E+03	8.924823E-18	8.474049E-19
4.360000E+03	9.022709E-18	8.514688E-19
4.370000E+03	9.121169E-18	8.555897E-19
4.380000E+03	9.220094E-18	8.597675E-19
4.390000E+03	9.319599E-18	8.640206E-19
4.400000E+03	9.419577E-18	8.683434E-19
4.410000E+03	9.520076E-18	8.727411E-19
4.420000E+03	9.621066E-18	8.772092E-19
4.430000E+03	9.722682E-18	8.817555E-19
4.440000E+03	9.824823E-18	8.863644E-19
4.450000E+03	9.927471E-18	8.910262E-19
4.460000E+03	1.003069E-17	8.957375E-19
4.470000E+03	1.013447E-17	9.004874E-19
4.480000E+03	1.023879E-17	9.052645E-19
4.490000E+03	1.034358E-17	9.100506E-19
4.500000E+03	1.044889E-17	9.148426E-19
4.510000E+03	1.055466E-17	9.196234E-19
4.520000E+03	1.066086E-17	9.243846E-19
4.530000E+03	1.076752E-17	9.291191E-19
4.540000E+03	1.087444E-17	9.338056E-19
4.550000E+03	1.098172E-17	9.384481E-19
4.560000E+03	1.108929E-17	9.430367E-19
4.570000E+03	1.119716E-17	9.475712E-19
4.580000E+03	1.130515E-17	9.520371E-19
4.590000E+03	1.141337E-17	9.564461E-19
4.600000E+03	1.152167E-17	9.607867E-19
4.610000E+03	1.163017E-17	9.650741E-19
4.620000E+03	1.173871E-17	9.692994E-19
4.630000E+03	1.184733E-17	9.734716E-19
4.640000E+03	1.195597E-17	9.775917E-19
4.650000E+03	1.206481E-17	9.816790E-19
4.660000E+03	1.217368E-17	9.857268E-19
4.670000E+03	1.228278E-17	9.897545E-19
4.680000E+03	1.239207E-17	9.937643E-19
4.690000E+03	1.250153E-17	9.977575E-19
4.700000E+03	1.261138E-17	1.001753E-18
4.710000E+03	1.272147E-17	1.005743E-18
4.720000E+03	1.283194E-17	1.009736E-18
4.730000E+03	1.294265E-17	1.013722E-18
4.740000E+03	1.305373E-17	1.017708E-18
4.750000E+03	1.316494E-17	1.021673E-18
4.760000E+03	1.327641E-17	1.025624E-18
4.770000E+03	1.338801E-17	1.029549E-18
4.780000E+03	1.349989E-17	1.033454E-18
4.790000E+03	1.361192E-17	1.037327E-18
4.800000E+03	1.372411E-17	1.041168E-18
4.810000E+03	1.383647E-17	1.044976E-18
4.820000E+03	1.394901E-17	1.048754E-18
4.830000E+03	1.406174E-17	1.052503E-18
4.840000E+03	1.417453E-17	1.056221E-18
4.850000E+03	1.428752E-17	1.059925E-18
4.860000E+03	1.440072E-17	1.063624E-18
4.870000E+03	1.451400E-17	1.067318E-18
4.880000E+03	1.462736E-17	1.071021E-18
4.890000E+03	1.474094E-17	1.074755E-18
4.900000E+03	1.485445E-17	1.078512E-18
4.910000E+03	1.496818E-17	1.082324E-18
4.920000E+03	1.508197E-17	1.086191E-18
4.930000E+03	1.519565E-17	1.090110E-18
4.940000E+03	1.530936E-17	1.094097E-18
4.950000E+03	1.542305E-17	1.098154E-18
4.960000E+03	1.553655E-17	1.102269E-18
4.970000E+03	1.564995E-17	1.106447E-18
4.980000E+03	1.576290E-17	1.110658E-18
4.990000E+03	1.587563E-17	1.114913E-18
5.000000E+03	1.598792E-17	1.119187E-18
5.010000E+03	1.609952E-17	1.123452E-18
5.020000E+03	1.621049E-17	1.127702E-18
5.030000E+03	1.632056E-17	1.131905E-18
5.040000E+03	1.642961E-17	1.136042E-18
5.050000E+03	1.653752E-17	1.140092E-18
5.060000E+03	1.664413E-17	1.144033E-18
5.070000E+03	1.674914E-17	1.147835E-18
5.080000E+03	1.685255E-17	1.151488E-18
5.090000E+03	1.695402E-17	1.154962E-18
5.100000E+03	1.705339E-17	1.158239E-18
5.110000E+03	1.715030E-17	1.161292E-18
5.120000E+03	1.724473E-17	1.164117E-18
5.130000E+03	1.733615E-17	1.166679E-18
5.140000E+03	1.742471E-17	1.168991E-18
5.150000E+03	1.750987E-17	1.171024E-18
5.160000E+03	1.759160E-17	1.172785E-18
5.170000E+03	1.766952E-17	1.174264E-18
5.180000E+03	1.774326E-17	1.175453E-18
5.190000E+03	1.781278E-17	1.176372E-18
5.200000E+03	1.787770E-17	1.177021E-18
5.210000E+03	1.793780E-17	1.177418E-18
5.220000E+03	1.799288E-17	1.177580E-18
5.230000E+03	1.804254E-17	1.177519E-18
5.240000E+03	1.808656E-17	1.177256E-18
5.250000E+03	1.812454E-17	1.176805E-18
5.260000E+03	1.815645E-17	1.176203E-18
5.270000E+03	1.818189E-17	1.175460E-18
5.280000E+03	1.820065E-17	1.174600E-18
5.290000E+03	1.821252E-17	1.173644E-18
5.300000E+03	1.821713E-17	1.172597E-18
5.310000E+03	1.821429E-17	1.171477E-18
5.320000E+03	1.820384E-17	1.170297E-18
5.330000E+03	1.818563E-17	1.169068E-18
5.340000E+03	1.815935E-17	1.167786E-18
5.350000E+03	1.812510E-17	1.166469E-18
5.360000E+03	1.808281E-17	1.165121E-18
5.370000E+03	1.803247E-17	1.163744E-18
5.380000E+03	1.797391E-17	1.162325E-18
5.390000E+03	1.790758E-17	1.160886E-18
5.400000E+03	1.783340E-17	1.159414E-18
5.410000E+03	1.775192E-17	1.157927E-18
5.420000E+03	1.766318E-17	1.156412E-18
5.430000E+03	1.756765E-17	1.154876E-18
5.440000E+03	1.746567E-17	1.153315E-18
5.450000E+03	1.735800E-17	1.151749E-18
5.460000E+03	1.724489E-17	1.150163E-18
5.470000E+03	1.712670E-17	1.148545E-18
5.480000E+03	1.700362E-17	1.146869E-18
5.490000E+03	1.687627E-17	1.145136E-18
5.500000E+03	1.674495E-17	1.143323E-18
5.510000E+03	1.661019E-17	1.141421E-18
5.520000E+03	1.647251E-17	1.139420E-18
5.530000E+03	1.633250E-17	1.137315E-18
5.540000E+03	1.619073E-17	1.135100E-18
5.550000E+03	1.604796E-17	1.132785E-18
5.560000E+03	1.590478E-17	1.130366E-18
5.570000E+03	1.576208E-17	1.127868E-18
5.580000E+03	1.562025E-17	1.125283E-18
5.590000E+03	1.548031E-17	1.122649E-18
5.600000E+03	1.534260E-17	1.119962E-18
5.610000E+03	1.520787E-17	1.117254E-18
5.620000E+03	1.507686E-17	1.114559E-18
5.630000E+03	1.494977E-17	1.111878E-18
5.640000E+03	1.482751E-17	1.109271E-18
5.650000E+03	1.471035E-17	1.106754E-18
5.660000E+03	1.459849E-17	1.104344E-18
5.670000E+03	1.449269E-17	1.102105E-18
5.680000E+03	1.439288E-17	1.100042E-18
5.690000E+03	1.429942E-17	1.098197E-18
5.700000E+03	1.421261E-17	1.096610E-18
5.710000E+03	1.413259E-17	1.095308E-18
5.720000E+03	1.405942E-17	1.094317E-18
5.730000E+03	1.399318E-17	1.093661E-18
5.740000E+03	1.393404E-17	1.093375E-18
5.750000E+03	1.388218E-17	1.093487E-18
5.760000E+03	1.383730E-17	1.093993E-18
5.770000E+03	1.379987E-17	1.094938E-18
5.780000E+03	1.376958E-17	1.096310E-18
5.790000E+03	1.374675E-17	1.098138E-18
5.800000E+03	1.373122E-17	1.100413E-18
5.810000E+03	1.372317E-17	1.103147E-18
5.820000E+03	1.372261E-17	1.106335E-18
5.830000E+03	1.372970E-17	1.109984E-18
5.840000E+03	1.374434E-17	1.114073E-18
5.850000E+03	1.376654E-17	1.118590E-18
5.860000E+03	1.379648E-17	1.123536E-18
5.870000E+03	1.383435E-17	1.128906E-18
5.880000E+03	1.387986E-17	1.134662E-18
5.890000E+03	1.393334E-17	1.140811E-18
5.900000E+03	1.399466E-17	1.147324E-18
5.910000E+03	1.406397E-17	1.154196E-18
5.920000E+03	1.414128E-17	1.161410E-18
5.930000E+03	1.422641E-17	1.168937E-18
5.940000E+03	1.431950E-17	1.176774E-18
5.950000E+03	1.442050E-17	1.184905E-18
5.960000E+03	1.452919E-17	1.193303E-18
5.970000E+03	1.464583E-17	1.201983E-18
5.980000E+03	1.476998E-17	1.210906E-18
5.990000E+03	1.490168E-17	1.220075E-18
6.000000E+03	1.504080E-17	1.229483E-18
6.010000E+03	1.518698E-17	1.239107E-18
6.020000E+03	1.534019E-17	1.248958E-18
6.030000E+03	1.549987E-17	1.259003E-18
6.040000E+03	1.566609E-17	1.269268E-18
6.050000E+03	1.583821E-17	1.279725E-18
6.060000E+03	1.601608E-17	1.290390E-18
6.070000E+03	1.619917E-17	1.301253E-18
6.080000E+03	1.638708E-17	1.312318E-18
6.090000E+03	1.657920E-17	1.323578E-18
6.100000E+03	1.677488E-17	1.335027E-18
6.110000E+03	1.697382E-17	1.346689E-18
6.120000E+03	1.717492E-17	1.358528E-18
6.130000E+03	1.737784E-17	1.370570E-18
6.140000E+03	1.758160E-17	1.382792E-18
6.150000E+03	1.778565E-17	1.395202E-18
6.160000E+03	1.798855E-17	1.407737E-18
6.170000E+03	1.818993E-17	1.420414E-18
6.180000E+03	1.838857E-17	1.433174E-18
6.190000E+03	1.858368E-17	1.445985E-18
6.200000E+03	1.877427E-17	1.458789E-18
6.210000E+03	1.896033E-17	1.471592E-18
6.220000E+03	1.914215E-17	1.484412E-18
6.230000E+03	1.932012E-17	1.497267E-18
6.240000E+03	1.949472E-17	1.510170E-18
6.250000E+03	1.966575E-17	1.523075E-18
6.260000E+03	1.983435E-17	1.536036E-18
6.270000E+03	2.000017E-17	1.548988E-18
6.280000E+03	2.016394E-17	1.561945E-18
6.290000E+03	2.032622E-17	1.574907E-18
6.300000E+03	2.048674E-17	1.587814E-18
6.310000E+03	2.064611E-17	1.600671E-18
6.320000E+03	2.080468E-17	1.613467E-18
6.330000E+03	2.096282E-17	1.626195E-18
6.340000E+03	2.112035E-17	1.638808E-18
6.350000E+03	2.127768E-17	1.651307E-18
6.360000E+03	2.143491E-17	1.663675E-18
6.370000E+03	2.159219E-17	1.675899E-18
6.380000E+03	2.174932E-17	1.687946E-18
6.390000E+03	2.190613E-17	1.699785E-18
6.400000E+03	2.206240E-17	1.711389E-18
6.410000E+03	2.221824E-17	1.722756E-18
6.420000E+03	2.237343E-17	1.733862E-18
6.430000E+03	2.252706E-17	1.744636E-18
6.440000E+03	2.268018E-17	1.755160E-18
6.450000E+03	2.283288E-17	1.765441E-18
6.460000E+03	2.298559E-17	1.775519E-18
6.470000E+03	2.313909E-17	1.785459E-18
6.480000E+03	2.329315E-17	1.795253E-18
6.490000E+03	2.344860E-17	1.804972E-18
6.500000E+03	2.360554E-17	1.814636E-18
6.510000E+03	2.376449E-17	1.824292E-18
6.520000E+03	2.392483E-17	1.833903E-18
6.530000E+03	2.408779E-17	1.843575E-18
6.540000E+03	2.425275E-17	1.853268E-18
6.550000E+03	2.442022E-17	1.863030E-18
6.560000E+03	2.459032E-17	1.872877E-18
6.570000E+03	2.476277E-17	1.882796E-18
6.580000E+03	2.493808E-17	1.892831E-18
6.590000E+03	2.511636E-17	1.902995E-18
6.600000E+03	2.529732E-17	1.913271E-18
6.610000E+03	2.548105E-17	1.923669E-18
6.620000E+03	2.566764E-17	1.934199E-18
6.630000E+03	2.585762E-17	1.944901E-18
6.640000E+03	2.605022E-17	1.955720E-18
6.650000E+03	2.624593E-17	1.966695E-18
6.660000E+03	2.644485E-17	1.977833E-18
6.670000E+03	2.664659E-17	1.989107E-18
6.680000E+03	2.685166E-17	2.000556E-18
6.690000E+03	2.705968E-17	2.012150E-18
6.700000E+03	2.727115E-17	2.023929E-18
6.710000E+03	2.748519E-17	2.035827E-18
6.720000E+03	2.770232E-17	2.047881E-18
6.730000E+03	2.792306E-17	2.060127E-18
6.740000E+03	2.814650E-17	2.072496E-18
6.750000E+03	2.837315E-17	2.085021E-18
6.760000E+03	2.860257E-17	2.097663E-18
6.770000E+03	2.883529E-17	2.110455E-18
6.780000E+03	2.907084E-17	2.123352E-18
6.790000E+03	2.930927E-17	2.136344E-18
6.800000E+03	2.955111E-17	2.149459E-18
6.810000E+03	2.979536E-17	2.162606E-18
6.820000E+03	3.004310E-17	2.175847E-18
6.830000E+03	3.029327E-17	2.189087E-18
6.840000E+03	3.054698E-17	2.202386E-18
6.850000E+03	3.080313E-17	2.215646E-18
6.860000E+03	3.106171E-17	2.228847E-18
6.870000E+03	3.132324E-17	2.242012E-18
6.880000E+03	3.158773E-17	2.255124E-18
6.890000E+03	3.185395E-17	2.268083E-18
6.900000E+03	3.212301E-17	2.280960E-18
6.910000E+03	3.239425E-17	2.293702E-18
6.920000E+03	3.266821E-17	2.306344E-18
6.930000E+03	3.294357E-17	2.318794E-18
6.940000E+03	3.322083E-17	2.331092E-18
6.950000E+03	3.349989E-17	2.343239E-18
6.960000E+03	3.377997E-17	2.355191E-18
6.970000E+03	3.406160E-17	2.366998E-18
6.980000E+03	3.434464E-17	2.378666E-18
6.990000E+03	3.462832E-17	2.390158E-18
7.000000E+03	3.491248E-17	2.401481E-18
7.010000E+03	3.519699E-17	2.412645E-18
7.020000E+03	3.548239E-17	2.423706E-18
7.030000E+03	3.576720E-17	2.434580E-18
7.040000E+03	3.605267E-17	2.445371E-18
7.050000E+03	3.633730E-17	2.455992E-18
7.060000E+03	3.662167E-17	2.466499E-18
7.070000E+03	3.690496E-17	2.476849E-18
7.080000E+03	3.718782E-17	2.487096E-18
7.090000E+03	3.747018E-17	2.497242E-18
7.100000E+03	3.775123E-17	2.507238E-18
7.110000E+03	3.803014E-17	2.517032E-18
7.120000E+03	3.830838E-17	2.526718E-18
7.130000E+03	3.858515E-17	2.536240E-18
7.140000E+03	3.886042E-17	2.545589E-18
7.150000E+03	3.913418E-17	2.554750E-18
7.160000E+03	3.940561E-17	2.563658E-18
7.170000E+03	3.967551E-17	2.572348E-18
7.180000E+03	3.994305E-17	2.580746E-18
7.190000E+03	4.020822E-17	2.588833E-18
7.200000E+03	4.047186E-17	2.596638E-18
7.210000E+03	4.073314E-17	2.604087E-18
7.220000E+03	4.099291E-17	2.611211E-18
7.230000E+03	4.124944E-17	2.617878E-18
7.240000E+03	4.150357E-17	2.624123E-18
7.250000E+03	4.175525E-17	2.629928E-18
7.260000E+03	4.200445E-17	2.635278E-18
7.270000E+03	4.225112E-17	2.640164E-18
7.280000E+03	4.249519E-17	2.644580E-18
7.290000E+03	4.273564E-17	2.648470E-18
7.300000E+03	4.297330E-17	2.651900E-18
7.310000E+03	4.320805E-17	2.654884E-18
7.320000E+03	4.343978E-17	2.657446E-18
7.330000E+03	4.366742E-17	2.659564E-18
7.340000E+03	4.389178E-17	2.661337E-18
7.350000E+03	4.411372E-17	2.662880E-18
7.360000E+03	4.433119E-17	2.664141E-18
7.370000E+03	4.454506E-17	2.665258E-18
7.380000E+03	4.475523E-17	2.666322E-18
7.390000E+03	4.496263E-17	2.667497E-18
7.400000E+03	4.516622E-17	2.668841E-18
7.410000E+03	4.536699E-17	2.670545E-18
7.420000E+03	4.556598E-17	2.672812E-18
7.430000E+03	4.576221E-17	2.675734E-18
7.440000E+03	4.595783E-17	2.679594E-18
7.450000E+03	4.615089E-17	2.684434E-18
7.460000E+03	4.634254E-17	2.690477E-18
7.470000E+03	4.653188E-17	2.697814E-18
7.480000E+03	4.672011E-17	2.706644E-18
7.490000E+03	4.690525E-17	2.716954E-18
7.500000E+03	4.708851E-17	2.728882E-18
7.510000E+03	4.727003E-17	2.742466E-18
7.520000E+03	4.744885E-17	2.757629E-18
7.530000E+03	4.762727E-17	2.774436E-18
7.540000E+03	4.780318E-17	2.792649E-18
7.550000E+03	4.797777E-17	2.812186E-18
7.560000E+03	4.814998E-17	2.832801E-18
7.570000E+03	4.832099E-17	2.854361E-18
7.580000E+03	4.848970E-17	2.876588E-18
7.590000E+03	4.865731E-17	2.899338E-18
7.600000E+03	4.882268E-17	2.922337E-18
7.610000E+03	4.898580E-17	2.945395E-18
7.620000E+03	4.914784E-17	2.968418E-18
7.630000E+03	4.930760E-17	2.991194E-18
7.640000E+03	4.946502E-17	3.013612E-18
7.650000E+03	4.962123E-17	3.035666E-18
7.660000E+03	4.977494E-17	3.057233E-18
7.670000E+03	4.992726E-17	3.078363E-18
7.680000E+03	5.007561E-17	3.098907E-18
7.690000E+03	5.022229E-17	3.119039E-18
7.700000E+03	5.036715E-17	3.138798E-18
7.710000E+03	5.050876E-17	3.158156E-18
7.720000E+03	5.064818E-17	3.177249E-18
7.730000E+03	5.078392E-17	3.196060E-18
7.740000E+03	5.091574E-17	3.214648E-18
7.750000E+03	5.104469E-17	3.233151E-18
7.760000E+03	5.117049E-17	3.251622E-18
7.770000E+03	5.129291E-17	3.270108E-18
7.780000E+03	5.141034E-17	3.288560E-18
7.790000E+03	5.152379E-17	3.307087E-18
7.800000E+03	5.163296E-17	3.325705E-18
7.810000E+03	5.173755E-17	3.344417E-18
7.820000E+03	5.183724E-17	3.363220E-18
7.830000E+03	5.193170E-17	3.382097E-18
7.840000E+03	5.202198E-17	3.401115E-18
7.850000E+03	5.210641E-17	3.420156E-18
7.860000E+03	5.218468E-17	3.439188E-18
7.870000E+03	5.225649E-17	3.458170E-18
7.880000E+03	5.232430E-17	3.477245E-18
7.890000E+03	5.238510E-17	3.496193E-18
7.900000E+03	5.244003E-17	3.515066E-18
7.910000E+03	5.248748E-17	3.533731E-18
7.920000E+03	5.253004E-17	3.552341E-18
7.930000E+03	5.256756E-17	3.570865E-18
7.940000E+03	5.259710E-17	3.589084E-18
7.950000E+03	5.262280E-17	3.607259E-18
7.960000E+03	5.264319E-17	3.625274E-18
7.970000E+03	5.265825E-17	3.643111E-18
7.980000E+03	5.266943E-17	3.660854E-18
7.990000E+03	5.267536E-17	3.678396E-18
8.000000E+03	5.267469E-17	3.695625E-18
8.010000E+03	5.267040E-17	3.712739E-18
8.020000E+03	5.265832E-17	3.729430E-18
8.030000E+03	5.264297E-17	3.746005E-18
8.040000E+03	5.262023E-17	3.762156E-18
8.050000E+03	5.259323E-17	3.778095E-18
8.060000E+03	5.255933E-17	3.793620E-18
8.070000E+03	5.252175E-17	3.808950E-18
8.080000E+03	5.247788E-17	3.823883E-18
8.090000E+03	5.242952E-17	3.838537E-18
8.100000E+03	5.237557E-17	3.852819E-18
8.110000E+03	5.231786E-17	3.866850E-18
8.120000E+03	5.225677E-17	3.880648E-18
8.130000E+03	5.218976E-17	3.894011E-18
8.140000E+03	5.212018E-17	3.907175E-18
8.150000E+03	5.204697E-17	3.920049E-18
8.160000E+03	5.197052E-17	3.932652E-18
8.170000E+03	5.188980E-17	3.944890E-18
8.180000E+03	5.180813E-17	3.957006E-18
8.190000E+03	5.172300E-17	3.968797E-18
8.200000E+03	5.163628E-17	3.980393E-18
8.210000E+03	5.154837E-17	3.991814E-18
8.220000E+03	5.145819E-17	4.002968E-18
8.230000E+03	5.136614E-17	4.013871E-18
8.240000E+03	5.127407E-17	4.024659E-18
8.250000E+03	5.118235E-17	4.035352E-18
8.260000E+03	5.108841E-17	4.045737E-18
8.270000E+03	5.099556E-17	4.056065E-18
8.280000E+03	5.090267E-17	4.066240E-18
8.290000E+03	5.081010E-17	4.076281E-18
8.300000E+03	5.071818E-17	4.086206E-18
8.310000E+03	5.062723E-17	4.096034E-18
8.320000E+03	5.053756E-17	4.105785E-18
8.330000E+03	5.044948E-17	4.115474E-18
8.340000E+03	5.036326E-17	4.125121E-18
8.350000E+03	5.027920E-17	4.134740E-18
8.360000E+03	5.019607E-17	4.144227E-18
8.370000E+03	5.011559E-17	4.153716E-18
8.380000E+03	5.003798E-17	4.163219E-18
8.390000E+03	4.996198E-17	4.172625E-18
8.400000E+03	4.988927E-17	4.182066E-18
8.410000E+03	4.981855E-17	4.191426E-18
8.420000E+03	4.975146E-17	4.200834E-18
8.430000E+03	4.968667E-17	4.210172E-18
8.440000E+03	4.962433E-17	4.219440E-18
8.450000E+03	4.956602E-17	4.228764E-18
8.460000E+03	4.951040E-17	4.238019E-18
8.470000E+03	4.945755E-17	4.247202E-18
8.480000E+03	4.940757E-17	4.256308E-18
8.490000E+03	4.936054E-17	4.265332E-18
8.500000E+03	4.931653E-17	4.274268E-18
8.510000E+03	4.927413E-17	4.282979E-18
8.520000E+03	4.923636E-17	4.291715E-18
8.530000E+03	4.920179E-17	4.300338E-18
8.540000E+03	4.916899E-17	4.308708E-18
8.550000E+03	4.913948E-17	4.316947E-18
8.560000E+03	4.911183E-17	4.324913E-18
8.570000E+03	4.908755E-17	4.332727E-18
8.580000E+03	4.906520E-17	4.340250E-18
8.590000E+03	4.904629E-17	4.347605E-18
8.600000E+03	4.902937E-17	4.354654E-18
8.610000E+03	4.901447E-17	4.361390E-18
8.620000E+03	4.900160E-17	4.367811E-18
8.630000E+03	4.899080E-17	4.373914E-18
8.640000E+03	4.898360E-17	4.379839E-18
8.650000E+03	4.897700E-17	4.385319E-18
8.660000E+03	4.897254E-17	4.390499E-18
8.670000E+03	4.896872E-17	4.395255E-18
8.680000E+03	4.896862E-17	4.399879E-18
8.690000E+03	4.896767E-17	4.403981E-18
8.700000E+03	4.897049E-17	4.408004E-18
8.710000E+03	4.897249E-17	4.411566E-18
8.720000E+03	4.897677E-17	4.414985E-18
8.730000E+03	4.898025E-17	4.418028E-18
8.740000E+03	4.898606E-17	4.421027E-18
8.750000E+03	4.899266E-17	4.423905E-18
8.760000E+03	4.899848E-17	4.426583E-18
8.770000E+03	4.900351E-17	4.429134E-18
8.780000E+03	4.900933E-17	4.431780E-18
8.790000E+03	4.901434E-17	4.434462E-18
8.800000E+03	4.901853E-17	4.437271E-18
8.810000E+03	4.902186E-17	4.440302E-18
8.820000E+03	4.902268E-17	4.443504E-18
8.830000E+03	4.902092E-17	4.446976E-18
8.840000E+03	4.901651E-17	4.450818E-18
8.850000E+03	4.900773E-17	4.454977E-18
8.860000E+03	4.899777E-17	4.459848E-18
8.870000E+03	4.898490E-17	4.465372E-18
8.880000E+03	4.897237E-17	4.471938E-18
8.890000E+03	4.895843E-17	4.479472E-18
8.900000E+03	4.894467E-17	4.488193E-18
8.910000E+03	4.892929E-17	4.497996E-18
8.920000E+03	4.891734E-17	4.509383E-18
8.930000E+03	4.890529E-17	4.522047E-18
8.940000E+03	4.889475E-17	4.536123E-18
8.950000E+03	4.888734E-17	4.551733E-18
8.960000E+03	4.888122E-17	4.568658E-18
8.970000E+03	4.887624E-17	4.586827E-18
8.980000E+03	4.887404E-17	4.606328E-18
8.990000E+03	4.887450E-17	4.627076E-18
9.000000E+03	4.887750E-17	4.648980E-18
9.040000E+03	4.891782E-17	4.746802E-18
9.080000E+03	4.900499E-17	4.857221E-18
9.120000E+03	4.914590E-17	4.976346E-18
9.160000E+03	4.933989E-17	5.100642E-18
9.200000E+03	4.959046E-17	5.228166E-18
9.240000E+03	4.989736E-17	5.357602E-18
9.280000E+03	5.025832E-17	5.488178E-18
9.320000E+03	5.067107E-17	5.619648E-18
9.360000E+03	5.113055E-17	5.751836E-18
9.400000E+03	5.162825E-17	5.884438E-18
9.440000E+03	5.215728E-17	6.017527E-18
9.480000E+03	5.270456E-17	6.150623E-18
9.520000E+03	5.325300E-17	6.282961E-18
9.560000E+03	5.379403E-17	6.415070E-18
9.600000E+03	5.430984E-17	6.546864E-18
9.640000E+03	5.478201E-17	6.678903E-18
9.680000E+03	5.519926E-17	6.813696E-18
9.720000E+03	5.553653E-17	6.953526E-18
9.760000E+03	5.578827E-17	7.104865E-18
9.800000E+03	5.592763E-17	7.273362E-18
9.840000E+03	5.595366E-17	7.469523E-18
9.880000E+03	5.585226E-17	7.702950E-18
9.920000E+03	5.562060E-17	7.984195E-18
9.960000E+03	5.524554E-17	8.320044E-18
1.000000E+04	5.473473E-17	8.716216E-18
1.004000E+04	5.408543E-17	9.171519E-18
1.008000E+04	5.331218E-17	9.681748E-18
1.012000E+04	5.241361E-17	1.023479E-17
1.016000E+04	5.140497E-17	1.081790E-17
1.020000E+04	5.030312E-17	1.141745E-17
1.024000E+04	4.911587E-17	1.201812E-17
1.028000E+04	4.786561E-17	1.260928E-17
1.032000E+04	4.655477E-17	1.317712E-17
