#wls	flux	fluxerr
1.600000E+03	1.709740E-16	1.668792E-16
1.640000E+03	1.760930E-16	1.690129E-16
1.680000E+03	1.809001E-16	1.706192E-16
1.720000E+03	1.853415E-16	1.716584E-16
1.760000E+03	1.893405E-16	1.720746E-16
1.800000E+03	1.928353E-16	1.718318E-16
1.840000E+03	1.957436E-16	1.708813E-16
1.880000E+03	1.980176E-16	1.692116E-16
1.920000E+03	1.995915E-16	1.668010E-16
1.960000E+03	2.003852E-16	1.636231E-16
2.000000E+03	2.003563E-16	1.596894E-16
2.040000E+03	1.994372E-16	1.549971E-16
2.080000E+03	1.975729E-16	1.495603E-16
2.120000E+03	1.947503E-16	1.434304E-16
2.160000E+03	1.909059E-16	1.366262E-16
2.200000E+03	1.860066E-16	1.291946E-16
2.240000E+03	1.800203E-16	1.211881E-16
2.280000E+03	1.728893E-16	1.126469E-16
2.320000E+03	1.648342E-16	1.037934E-16
2.360000E+03	1.560787E-16	9.483334E-17
2.400000E+03	1.468020E-16	8.592773E-17
2.440000E+03	1.371571E-16	7.720672E-17
2.480000E+03	1.272896E-16	6.878251E-17
2.520000E+03	1.173315E-16	6.074651E-17
2.560000E+03	1.073993E-16	5.316946E-17
2.600000E+03	9.760995E-17	4.611075E-17
2.640000E+03	8.806941E-17	3.961267E-17
2.680000E+03	7.887252E-17	3.370177E-17
2.720000E+03	7.010280E-17	2.839003E-17
2.760000E+03	6.183560E-17	2.367741E-17
2.800000E+03	5.412346E-17	1.954772E-17
2.840000E+03	4.700872E-17	1.597570E-17
2.880000E+03	4.052391E-17	1.292860E-17
2.920000E+03	3.468679E-17	1.036624E-17
2.960000E+03	2.950206E-17	8.243381E-18
3.000000E+03	2.495623E-17	6.510252E-18
3.010000E+03	2.391609E-17	6.131722E-18
3.020000E+03	2.291331E-17	5.773462E-18
3.030000E+03	2.194757E-17	5.434750E-18
3.040000E+03	2.101795E-17	5.114731E-18
3.050000E+03	2.012356E-17	4.812576E-18
3.060000E+03	1.926390E-17	4.527575E-18
3.070000E+03	1.843762E-17	4.258829E-18
3.080000E+03	1.764457E-17	4.005747E-18
3.090000E+03	1.688339E-17	3.767476E-18
3.100000E+03	1.615346E-17	3.543356E-18
3.110000E+03	1.545382E-17	3.332667E-18
3.120000E+03	1.478381E-17	3.134775E-18
3.130000E+03	1.414243E-17	2.948997E-18
3.140000E+03	1.352874E-17	2.774675E-18
3.150000E+03	1.294204E-17	2.611229E-18
3.160000E+03	1.238115E-17	2.457997E-18
3.170000E+03	1.184562E-17	2.314484E-18
3.180000E+03	1.133431E-17	2.180077E-18
3.190000E+03	1.084652E-17	2.054277E-18
3.200000E+03	1.038136E-17	1.936565E-18
3.210000E+03	9.937962E-18	1.826448E-18
3.220000E+03	9.515631E-18	1.723490E-18
3.230000E+03	9.113512E-18	1.627244E-18
3.240000E+03	8.730628E-18	1.537261E-18
3.250000E+03	8.366604E-18	1.453220E-18
3.260000E+03	8.020220E-18	1.374670E-18
3.270000E+03	7.691103E-18	1.301322E-18
3.280000E+03	7.378242E-18	1.232795E-18
3.290000E+03	7.081029E-18	1.168792E-18
3.300000E+03	6.798857E-18	1.109030E-18
3.310000E+03	6.530826E-18	1.053192E-18
3.320000E+03	6.276478E-18	1.001045E-18
3.330000E+03	6.035158E-18	9.523380E-19
3.340000E+03	5.806160E-18	9.068230E-19
3.350000E+03	5.588896E-18	8.642823E-19
3.360000E+03	5.382805E-18	8.245125E-19
3.370000E+03	5.187416E-18	7.873345E-19
3.380000E+03	5.002070E-18	7.525490E-19
3.390000E+03	4.826410E-18	7.200117E-19
3.400000E+03	4.659834E-18	6.895493E-19
3.410000E+03	4.501902E-18	6.610202E-19
3.420000E+03	4.352246E-18	6.343009E-19
3.430000E+03	4.210301E-18	6.092453E-19
3.440000E+03	4.075796E-18	5.857566E-19
3.450000E+03	3.948321E-18	5.637228E-19
3.460000E+03	3.827398E-18	5.430283E-19
3.470000E+03	3.712808E-18	5.235988E-19
3.480000E+03	3.604122E-18	5.053348E-19
3.490000E+03	3.501068E-18	4.881627E-19
3.500000E+03	3.403349E-18	4.720087E-19
3.510000E+03	3.310575E-18	4.567900E-19
3.520000E+03	3.222533E-18	4.424507E-19
3.530000E+03	3.138916E-18	4.289252E-19
3.540000E+03	3.059445E-18	4.161533E-19
3.550000E+03	2.983890E-18	4.040848E-19
3.560000E+03	2.911980E-18	3.926650E-19
3.570000E+03	2.843492E-18	3.818483E-19
3.580000E+03	2.778195E-18	3.715893E-19
3.590000E+03	2.715927E-18	3.618534E-19
3.600000E+03	2.656510E-18	3.526053E-19
3.610000E+03	2.599753E-18	3.438094E-19
3.620000E+03	2.545528E-18	3.354391E-19
3.630000E+03	2.493712E-18	3.274699E-19
3.640000E+03	2.444144E-18	3.198731E-19
3.650000E+03	2.396782E-18	3.126365E-19
3.660000E+03	2.351476E-18	3.057344E-19
3.670000E+03	2.308167E-18	2.991537E-19
3.680000E+03	2.266777E-18	2.928791E-19
3.690000E+03	2.227228E-18	2.868962E-19
3.700000E+03	2.189464E-18	2.811935E-19
3.710000E+03	2.153448E-18	2.757623E-19
3.720000E+03	2.119067E-18	2.705845E-19
3.730000E+03	2.086321E-18	2.656568E-19
3.740000E+03	2.055119E-18	2.609645E-19
3.750000E+03	2.025422E-18	2.564999E-19
3.760000E+03	1.997194E-18	2.522557E-19
3.770000E+03	1.970348E-18	2.482185E-19
3.780000E+03	1.944880E-18	2.443855E-19
3.790000E+03	1.920722E-18	2.407460E-19
3.800000E+03	1.897839E-18	2.372936E-19
3.810000E+03	1.876182E-18	2.340202E-19
3.820000E+03	1.855719E-18	2.309198E-19
3.830000E+03	1.836404E-18	2.279848E-19
3.840000E+03	1.818206E-18	2.252099E-19
3.850000E+03	1.801083E-18	2.225881E-19
3.860000E+03	1.785023E-18	2.201160E-19
3.870000E+03	1.769983E-18	2.177871E-19
3.880000E+03	1.755925E-18	2.155952E-19
3.890000E+03	1.742826E-18	2.135361E-19
3.900000E+03	1.730648E-18	2.116039E-19
3.910000E+03	1.719382E-18	2.097964E-19
3.920000E+03	1.708994E-18	2.081082E-19
3.930000E+03	1.699461E-18	2.065358E-19
3.940000E+03	1.690751E-18	2.050741E-19
3.950000E+03	1.682831E-18	2.037182E-19
3.960000E+03	1.675708E-18	2.024680E-19
3.970000E+03	1.669324E-18	2.013155E-19
3.980000E+03	1.663675E-18	2.002593E-19
3.990000E+03	1.658731E-18	1.992946E-19
4.000000E+03	1.654475E-18	1.984186E-19
4.010000E+03	1.650892E-18	1.976283E-19
4.020000E+03	1.647941E-18	1.969178E-19
4.030000E+03	1.645620E-18	1.962862E-19
4.040000E+03	1.643904E-18	1.957292E-19
4.050000E+03	1.642777E-18	1.952445E-19
4.060000E+03	1.642216E-18	1.948282E-19
4.070000E+03	1.642196E-18	1.944769E-19
4.080000E+03	1.642718E-18	1.941900E-19
4.090000E+03	1.643747E-18	1.939627E-19
4.100000E+03	1.645273E-18	1.937932E-19
4.110000E+03	1.647287E-18	1.936799E-19
4.120000E+03	1.649757E-18	1.936184E-19
4.130000E+03	1.652687E-18	1.936085E-19
4.140000E+03	1.656045E-18	1.936458E-19
4.150000E+03	1.659826E-18	1.937288E-19
4.160000E+03	1.664022E-18	1.938562E-19
4.170000E+03	1.668603E-18	1.940236E-19
4.180000E+03	1.673576E-18	1.942312E-19
4.190000E+03	1.678898E-18	1.944733E-19
4.200000E+03	1.684590E-18	1.947515E-19
4.210000E+03	1.690608E-18	1.950602E-19
4.220000E+03	1.696948E-18	1.953985E-19
4.230000E+03	1.703596E-18	1.957637E-19
4.240000E+03	1.710546E-18	1.961549E-19
4.250000E+03	1.717758E-18	1.965667E-19
4.260000E+03	1.725244E-18	1.969999E-19
4.270000E+03	1.732974E-18	1.974506E-19
4.280000E+03	1.740921E-18	1.979150E-19
4.290000E+03	1.749084E-18	1.983927E-19
4.300000E+03	1.757448E-18	1.988814E-19
4.310000E+03	1.765973E-18	1.993761E-19
4.320000E+03	1.774644E-18	1.998746E-19
4.330000E+03	1.783445E-18	2.003750E-19
4.340000E+03	1.792361E-18	2.008752E-19
4.350000E+03	1.801376E-18	2.013732E-19
4.360000E+03	1.810489E-18	2.018684E-19
4.370000E+03	1.819683E-18	2.023590E-19
4.380000E+03	1.828940E-18	2.028425E-19
4.390000E+03	1.838288E-18	2.033217E-19
4.400000E+03	1.847709E-18	2.037945E-19
4.410000E+03	1.857200E-18	2.042602E-19
4.420000E+03	1.866772E-18	2.047198E-19
4.430000E+03	1.876425E-18	2.051731E-19
4.440000E+03	1.886139E-18	2.056177E-19
4.450000E+03	1.895928E-18	2.060553E-19
4.460000E+03	1.905775E-18	2.064838E-19
4.470000E+03	1.915679E-18	2.069034E-19
4.480000E+03	1.925640E-18	2.073143E-19
4.490000E+03	1.935627E-18	2.077134E-19
4.500000E+03	1.945657E-18	2.081029E-19
4.510000E+03	1.955717E-18	2.084819E-19
4.520000E+03	1.965796E-18	2.088495E-19
4.530000E+03	1.975897E-18	2.092067E-19
4.540000E+03	1.985994E-18	2.095513E-19
4.550000E+03	1.996093E-18	2.098846E-19
4.560000E+03	2.006202E-18	2.102083E-19
4.570000E+03	2.016314E-18	2.105225E-19
4.580000E+03	2.026404E-18	2.108256E-19
4.590000E+03	2.036483E-18	2.111196E-19
4.600000E+03	2.046545E-18	2.114051E-19
4.610000E+03	2.056585E-18	2.116827E-19
4.620000E+03	2.066617E-18	2.119547E-19
4.630000E+03	2.076619E-18	2.122200E-19
4.640000E+03	2.086607E-18	2.124811E-19
4.650000E+03	2.096579E-18	2.127386E-19
4.660000E+03	2.106534E-18	2.129929E-19
4.670000E+03	2.116470E-18	2.132444E-19
4.680000E+03	2.126388E-18	2.134932E-19
4.690000E+03	2.136288E-18	2.137392E-19
4.700000E+03	2.146206E-18	2.139858E-19
4.710000E+03	2.156145E-18	2.142324E-19
4.720000E+03	2.166107E-18	2.144783E-19
4.730000E+03	2.176132E-18	2.147263E-19
4.740000E+03	2.186203E-18	2.149736E-19
4.750000E+03	2.196324E-18	2.152190E-19
4.760000E+03	2.206518E-18	2.154634E-19
4.770000E+03	2.216791E-18	2.157056E-19
4.780000E+03	2.227126E-18	2.159427E-19
4.790000E+03	2.237550E-18	2.161757E-19
4.800000E+03	2.248068E-18	2.164038E-19
4.810000E+03	2.258666E-18	2.166244E-19
4.820000E+03	2.269371E-18	2.168393E-19
4.830000E+03	2.280189E-18	2.170484E-19
4.840000E+03	2.291130E-18	2.172523E-19
4.850000E+03	2.302200E-18	2.174516E-19
4.860000E+03	2.313387E-18	2.176457E-19
4.870000E+03	2.324742E-18	2.178403E-19
4.880000E+03	2.336232E-18	2.180335E-19
4.890000E+03	2.347866E-18	2.182276E-19
4.900000E+03	2.359676E-18	2.184273E-19
4.910000E+03	2.371671E-18	2.186356E-19
4.920000E+03	2.383863E-18	2.188555E-19
4.930000E+03	2.396218E-18	2.190859E-19
4.940000E+03	2.408791E-18	2.193338E-19
4.950000E+03	2.421570E-18	2.196003E-19
4.960000E+03	2.434565E-18	2.198881E-19
4.970000E+03	2.447787E-18	2.201996E-19
4.980000E+03	2.461246E-18	2.205370E-19
4.990000E+03	2.474928E-18	2.208999E-19
5.000000E+03	2.488840E-18	2.212895E-19
5.010000E+03	2.503015E-18	2.217085E-19
5.020000E+03	2.517434E-18	2.221548E-19
5.030000E+03	2.532079E-18	2.226259E-19
5.040000E+03	2.547003E-18	2.231252E-19
5.050000E+03	2.562136E-18	2.236450E-19
5.060000E+03	2.577529E-18	2.241881E-19
5.070000E+03	2.593184E-18	2.247529E-19
5.080000E+03	2.609031E-18	2.253314E-19
5.090000E+03	2.625143E-18	2.259285E-19
5.100000E+03	2.641472E-18	2.265386E-19
5.110000E+03	2.658017E-18	2.271608E-19
5.120000E+03	2.674806E-18	2.277965E-19
5.130000E+03	2.691785E-18	2.284415E-19
5.140000E+03	2.708953E-18	2.290960E-19
5.150000E+03	2.726335E-18	2.297637E-19
5.160000E+03	2.743903E-18	2.304442E-19
5.170000E+03	2.761654E-18	2.311405E-19
5.180000E+03	2.779560E-18	2.318540E-19
5.190000E+03	2.797645E-18	2.325916E-19
5.200000E+03	2.815849E-18	2.333540E-19
5.210000E+03	2.834225E-18	2.341517E-19
5.220000E+03	2.852741E-18	2.349889E-19
5.230000E+03	2.871362E-18	2.358701E-19
5.240000E+03	2.890083E-18	2.368026E-19
5.250000E+03	2.908925E-18	2.377963E-19
5.260000E+03	2.927822E-18	2.388542E-19
5.270000E+03	2.946792E-18	2.399863E-19
5.280000E+03	2.965855E-18	2.412028E-19
5.290000E+03	2.984910E-18	2.425042E-19
5.300000E+03	3.004031E-18	2.439052E-19
5.310000E+03	3.023115E-18	2.454057E-19
5.320000E+03	3.042233E-18	2.470197E-19
5.330000E+03	3.061278E-18	2.487464E-19
5.340000E+03	3.080291E-18	2.505961E-19
5.350000E+03	3.099252E-18	2.525741E-19
5.360000E+03	3.118112E-18	2.546820E-19
5.370000E+03	3.136912E-18	2.569282E-19
5.380000E+03	3.155541E-18	2.593077E-19
5.390000E+03	3.174074E-18	2.618299E-19
5.400000E+03	3.192462E-18	2.644929E-19
5.410000E+03	3.210687E-18	2.672968E-19
5.420000E+03	3.228735E-18	2.702408E-19
5.430000E+03	3.246589E-18	2.733233E-19
5.440000E+03	3.264203E-18	2.765392E-19
5.450000E+03	3.281560E-18	2.798856E-19
5.460000E+03	3.298647E-18	2.833587E-19
5.470000E+03	3.315447E-18	2.869543E-19
5.480000E+03	3.331911E-18	2.906645E-19
5.490000E+03	3.347987E-18	2.944809E-19
5.500000E+03	3.363689E-18	2.984002E-19
5.510000E+03	3.378965E-18	3.024132E-19
5.520000E+03	3.393758E-18	3.065100E-19
5.530000E+03	3.408012E-18	3.106807E-19
5.540000E+03	3.421739E-18	3.149214E-19
5.550000E+03	3.434846E-18	3.192184E-19
5.560000E+03	3.447344E-18	3.235679E-19
5.570000E+03	3.459140E-18	3.279559E-19
5.580000E+03	3.470208E-18	3.323749E-19
5.590000E+03	3.480559E-18	3.368208E-19
5.600000E+03	3.490099E-18	3.412792E-19
5.610000E+03	3.498836E-18	3.457460E-19
5.620000E+03	3.506748E-18	3.502140E-19
5.630000E+03	3.513774E-18	3.546727E-19
5.640000E+03	3.519890E-18	3.591152E-19
5.650000E+03	3.525111E-18	3.635393E-19
5.660000E+03	3.529417E-18	3.679392E-19
5.670000E+03	3.532752E-18	3.723063E-19
5.680000E+03	3.535139E-18	3.766398E-19
5.690000E+03	3.536599E-18	3.809396E-19
5.700000E+03	3.537051E-18	3.851946E-19
5.710000E+03	3.536522E-18	3.894054E-19
5.720000E+03	3.535044E-18	3.935734E-19
5.730000E+03	3.532616E-18	3.976963E-19
5.740000E+03	3.529238E-18	4.017717E-19
5.750000E+03	3.524912E-18	4.057974E-19
5.760000E+03	3.519642E-18	4.097709E-19
5.770000E+03	3.513471E-18	4.136937E-19
5.780000E+03	3.506370E-18	4.175582E-19
5.790000E+03	3.498422E-18	4.213696E-19
5.800000E+03	3.489603E-18	4.251190E-19
5.810000E+03	3.479923E-18	4.288012E-19
5.820000E+03	3.469475E-18	4.324197E-19
5.830000E+03	3.458199E-18	4.359590E-19
5.840000E+03	3.446153E-18	4.394171E-19
5.850000E+03	3.433399E-18	4.427917E-19
5.860000E+03	3.419923E-18	4.460708E-19
5.870000E+03	3.405794E-18	4.492522E-19
5.880000E+03	3.391006E-18	4.523237E-19
5.890000E+03	3.375672E-18	4.552887E-19
5.900000E+03	3.359796E-18	4.581357E-19
5.910000E+03	3.343418E-18	4.608589E-19
5.920000E+03	3.326622E-18	4.634582E-19
5.930000E+03	3.309416E-18	4.659240E-19
5.940000E+03	3.291883E-18	4.682576E-19
5.950000E+03	3.274030E-18	4.704510E-19
5.960000E+03	3.255939E-18	4.725071E-19
5.970000E+03	3.237653E-18	4.744248E-19
5.980000E+03	3.219215E-18	4.762032E-19
5.990000E+03	3.200627E-18	4.778370E-19
6.000000E+03	3.181967E-18	4.793324E-19
6.010000E+03	3.163272E-18	4.806907E-19
6.020000E+03	3.144541E-18	4.819082E-19
6.030000E+03	3.125847E-18	4.829930E-19
6.040000E+03	3.107185E-18	4.839421E-19
6.050000E+03	3.088551E-18	4.847531E-19
6.060000E+03	3.070049E-18	4.854410E-19
6.070000E+03	3.051633E-18	4.859982E-19
6.080000E+03	3.033367E-18	4.864346E-19
6.090000E+03	3.015204E-18	4.867428E-19
6.100000E+03	2.997205E-18	4.869333E-19
6.110000E+03	2.979354E-18	4.870046E-19
6.120000E+03	2.961674E-18	4.869616E-19
6.130000E+03	2.944183E-18	4.868089E-19
6.140000E+03	2.926863E-18	4.865454E-19
6.150000E+03	2.909731E-18	4.861759E-19
6.160000E+03	2.892803E-18	4.857052E-19
6.170000E+03	2.876091E-18	4.851381E-19
6.180000E+03	2.859608E-18	4.844794E-19
6.190000E+03	2.843329E-18	4.837276E-19
6.200000E+03	2.827301E-18	4.828935E-19
6.210000E+03	2.811533E-18	4.819817E-19
6.220000E+03	2.796030E-18	4.809966E-19
6.230000E+03	2.780838E-18	4.799489E-19
6.240000E+03	2.765998E-18	4.788492E-19
6.250000E+03	2.751550E-18	4.777080E-19
6.260000E+03	2.737535E-18	4.765359E-19
6.270000E+03	2.723992E-18	4.753434E-19
6.280000E+03	2.710998E-18	4.741472E-19
6.290000E+03	2.698517E-18	4.729449E-19
6.300000E+03	2.686699E-18	4.717661E-19
6.310000E+03	2.675507E-18	4.706081E-19
6.320000E+03	2.665017E-18	4.694875E-19
6.330000E+03	2.655266E-18	4.684145E-19
6.340000E+03	2.646294E-18	4.673993E-19
6.350000E+03	2.638101E-18	4.664452E-19
6.360000E+03	2.630726E-18	4.655624E-19
6.370000E+03	2.624209E-18	4.647607E-19
6.380000E+03	2.618551E-18	4.640435E-19
6.390000E+03	2.613756E-18	4.634139E-19
6.400000E+03	2.609863E-18	4.628817E-19
6.410000E+03	2.606801E-18	4.624367E-19
6.420000E+03	2.604570E-18	4.620815E-19
6.430000E+03	2.603136E-18	4.618121E-19
6.440000E+03	2.602423E-18	4.616173E-19
6.450000E+03	2.602472E-18	4.615064E-19
6.460000E+03	2.603207E-18	4.614678E-19
6.470000E+03	2.604668E-18	4.615106E-19
6.480000E+03	2.606858E-18	4.616368E-19
6.490000E+03	2.609738E-18	4.618415E-19
6.500000E+03	2.613311E-18	4.621266E-19
6.510000E+03	2.617578E-18	4.624938E-19
6.520000E+03	2.622541E-18	4.629449E-19
6.530000E+03	2.628203E-18	4.634816E-19
6.540000E+03	2.634606E-18	4.641129E-19
6.550000E+03	2.641713E-18	4.648332E-19
6.560000E+03	2.649484E-18	4.656365E-19
6.570000E+03	2.658006E-18	4.665391E-19
6.580000E+03	2.667196E-18	4.675276E-19
6.590000E+03	2.677100E-18	4.686109E-19
6.600000E+03	2.687721E-18	4.697901E-19
6.610000E+03	2.699062E-18	4.710668E-19
6.620000E+03	2.711127E-18	4.724421E-19
6.630000E+03	2.723874E-18	4.739094E-19
6.640000E+03	2.737351E-18	4.754778E-19
6.650000E+03	2.751515E-18	4.771404E-19
6.660000E+03	2.766417E-18	4.789062E-19
6.670000E+03	2.782013E-18	4.807683E-19
6.680000E+03	2.798306E-18	4.827276E-19
6.690000E+03	2.815348E-18	4.847933E-19
6.700000E+03	2.833143E-18	4.869665E-19
6.710000E+03	2.851599E-18	4.892316E-19
6.720000E+03	2.870817E-18	4.916062E-19
6.730000E+03	2.890703E-18	4.940743E-19
6.740000E+03	2.911360E-18	4.966539E-19
6.750000E+03	2.932744E-18	4.993375E-19
6.760000E+03	2.954808E-18	5.021171E-19
6.770000E+03	2.977660E-18	5.050113E-19
6.780000E+03	3.001200E-18	5.080031E-19
6.790000E+03	3.025487E-18	5.111024E-19
6.800000E+03	3.050525E-18	5.143100E-19
6.810000E+03	3.076321E-18	5.176269E-19
6.820000E+03	3.102824E-18	5.210446E-19
6.830000E+03	3.130094E-18	5.245730E-19
6.840000E+03	3.158081E-18	5.282036E-19
6.850000E+03	3.186846E-18	5.319466E-19
6.860000E+03	3.216336E-18	5.357929E-19
6.870000E+03	3.246555E-18	5.397429E-19
6.880000E+03	3.277566E-18	5.438073E-19
6.890000E+03	3.309254E-18	5.479664E-19
6.900000E+03	3.341744E-18	5.522409E-19
6.910000E+03	3.374977E-18	5.566210E-19
6.920000E+03	3.408958E-18	5.611070E-19
6.930000E+03	3.443689E-18	5.656993E-19
6.940000E+03	3.479173E-18	5.703983E-19
6.950000E+03	3.515347E-18	5.751931E-19
6.960000E+03	3.552278E-18	5.800948E-19
6.970000E+03	3.589969E-18	5.851035E-19
6.980000E+03	3.628422E-18	5.902195E-19
6.990000E+03	3.667498E-18	5.954199E-19
7.000000E+03	3.707408E-18	6.007391E-19
7.010000E+03	3.747939E-18	6.061421E-19
7.020000E+03	3.789235E-18	6.116521E-19
7.030000E+03	3.831221E-18	6.172572E-19
7.040000E+03	3.873897E-18	6.229568E-19
7.050000E+03	3.917259E-18	6.287507E-19
7.060000E+03	3.961306E-18	6.346384E-19
7.070000E+03	4.005955E-18	6.406065E-19
7.080000E+03	4.051281E-18	6.466671E-19
7.090000E+03	4.097280E-18	6.528197E-19
7.100000E+03	4.143866E-18	6.590503E-19
7.110000E+03	4.191115E-18	6.653713E-19
7.120000E+03	4.238938E-18	6.717683E-19
7.130000E+03	4.287326E-18	6.782402E-19
7.140000E+03	4.336270E-18	6.847855E-19
7.150000E+03	4.385851E-18	6.914173E-19
7.160000E+03	4.435880E-18	6.981058E-19
7.170000E+03	4.486342E-18	7.048488E-19
7.180000E+03	4.537410E-18	7.116741E-19
7.190000E+03	4.588887E-18	7.185505E-19
7.200000E+03	4.640755E-18	7.254757E-19
7.210000E+03	4.693097E-18	7.324630E-19
7.220000E+03	4.745798E-18	7.394948E-19
7.230000E+03	4.798841E-18	7.465688E-19
7.240000E+03	4.852207E-18	7.536825E-19
7.250000E+03	4.905875E-18	7.608331E-19
7.260000E+03	4.959933E-18	7.680347E-19
7.270000E+03	5.014147E-18	7.752515E-19
7.280000E+03	5.068710E-18	7.825141E-19
7.290000E+03	5.123492E-18	7.898029E-19
7.300000E+03	5.178471E-18	7.971150E-19
7.310000E+03	5.233737E-18	8.044649E-19
7.320000E+03	5.289153E-18	8.118321E-19
7.330000E+03	5.344812E-18	8.192316E-19
7.340000E+03	5.400693E-18	8.266607E-19
7.350000E+03	5.456896E-18	8.341354E-19
7.360000E+03	5.513404E-18	8.416536E-19
7.370000E+03	5.570325E-18	8.492325E-19
7.380000E+03	5.627520E-18	8.568510E-19
7.390000E+03	5.685360E-18	8.645661E-19
7.400000E+03	5.743843E-18	8.723778E-19
7.410000E+03	5.802833E-18	8.802657E-19
7.420000E+03	5.862730E-18	8.882905E-19
7.430000E+03	5.923405E-18	8.964327E-19
7.440000E+03	5.985002E-18	9.047141E-19
7.450000E+03	6.047388E-18	9.131145E-19
7.460000E+03	6.110710E-18	9.216559E-19
7.470000E+03	6.174539E-18	9.302734E-19
7.480000E+03	6.239163E-18	9.390101E-19
7.490000E+03	6.304134E-18	9.477982E-19
7.500000E+03	6.369586E-18	9.566581E-19
7.510000E+03	6.435356E-18	9.655646E-19
7.520000E+03	6.501269E-18	9.744912E-19
7.530000E+03	6.567460E-18	9.834578E-19
7.540000E+03	6.633428E-18	9.923888E-19
7.550000E+03	6.699460E-18	1.001327E-18
7.560000E+03	6.765366E-18	1.010243E-18
7.570000E+03	6.831110E-18	1.019131E-18
7.580000E+03	6.896491E-18	1.027961E-18
7.590000E+03	6.961639E-18	1.036751E-18
7.600000E+03	7.026344E-18	1.045470E-18
7.610000E+03	7.090565E-18	1.054111E-18
7.620000E+03	7.154436E-18	1.062694E-18
7.630000E+03	7.217742E-18	1.071186E-18
7.640000E+03	7.280621E-18	1.079606E-18
7.650000E+03	7.342666E-18	1.087896E-18
7.660000E+03	7.404201E-18	1.096101E-18
7.670000E+03	7.464998E-18	1.104189E-18
7.680000E+03	7.525205E-18	1.112181E-18
7.690000E+03	7.584588E-18	1.120042E-18
7.700000E+03	7.643103E-18	1.127766E-18
7.710000E+03	7.700703E-18	1.135347E-18
7.720000E+03	7.757746E-18	1.142835E-18
7.730000E+03	7.813589E-18	1.150138E-18
7.740000E+03	7.868798E-18	1.157339E-18
7.750000E+03	7.922925E-18	1.164371E-18
7.760000E+03	7.976136E-18	1.171260E-18
7.770000E+03	8.028393E-18	1.178000E-18
7.780000E+03	8.079661E-18	1.184587E-18
7.790000E+03	8.130121E-18	1.191047E-18
7.800000E+03	8.179525E-18	1.197344E-18
7.810000E+03	8.227839E-18	1.203474E-18
7.820000E+03	8.275256E-18	1.209465E-18
7.830000E+03	8.321976E-18	1.215348E-18
7.840000E+03	8.367756E-18	1.221086E-18
7.850000E+03	8.412574E-18	1.226678E-18
7.860000E+03	8.456875E-18	1.232187E-18
7.870000E+03	8.500655E-18	1.237615E-18
7.880000E+03	8.543675E-18	1.242927E-18
7.890000E+03	8.586404E-18	1.248190E-18
7.900000E+03	8.628850E-18	1.253407E-18
7.910000E+03	8.671265E-18	1.258614E-18
7.920000E+03	8.713913E-18	1.263850E-18
7.930000E+03	8.756820E-18	1.269118E-18
7.940000E+03	8.800012E-18	1.274423E-18
7.950000E+03	8.844023E-18	1.279840E-18
7.960000E+03	8.889150E-18	1.285414E-18
7.970000E+03	8.934933E-18	1.291077E-18
7.980000E+03	8.981930E-18	1.296909E-18
7.990000E+03	9.029937E-18	1.302881E-18
8.000000E+03	9.078485E-18	1.308924E-18
8.010000E+03	9.127880E-18	1.315082E-18
8.020000E+03	9.177645E-18	1.321286E-18
8.030000E+03	9.227822E-18	1.327542E-18
8.040000E+03	9.278457E-18	1.333855E-18
8.050000E+03	9.328789E-18	1.340116E-18
8.060000E+03	9.379395E-18	1.346407E-18
8.070000E+03	9.430051E-18	1.352695E-18
8.080000E+03	9.480252E-18	1.358908E-18
8.090000E+03	9.530590E-18	1.365129E-18
8.100000E+03	9.580560E-18	1.371285E-18
8.110000E+03	9.630206E-18	1.377382E-18
8.120000E+03	9.679575E-18	1.383426E-18
8.130000E+03	9.728434E-18	1.389383E-18
8.140000E+03	9.777114E-18	1.395298E-18
8.150000E+03	9.825672E-18	1.401179E-18
8.160000E+03	9.873587E-18	1.406950E-18
8.170000E+03	9.921490E-18	1.412699E-18
8.180000E+03	9.968860E-18	1.418352E-18
8.190000E+03	1.001634E-17	1.423997E-18
8.200000E+03	1.006340E-17	1.429559E-18
8.210000E+03	1.011040E-17	1.435085E-18
8.220000E+03	1.015710E-17	1.440542E-18
8.230000E+03	1.020387E-17	1.445978E-18
8.240000E+03	1.025048E-17	1.451358E-18
8.250000E+03	1.029728E-17	1.456732E-18
8.260000E+03	1.034405E-17	1.462064E-18
8.270000E+03	1.039086E-17	1.467360E-18
8.280000E+03	1.043776E-17	1.472628E-18
8.290000E+03	1.048513E-17	1.477918E-18
8.300000E+03	1.053242E-17	1.483149E-18
8.310000E+03	1.058032E-17	1.488415E-18
8.320000E+03	1.062859E-17	1.493678E-18
8.330000E+03	1.067728E-17	1.498945E-18
8.340000E+03	1.072615E-17	1.504176E-18
8.350000E+03	1.077589E-17	1.509466E-18
8.360000E+03	1.082593E-17	1.514729E-18
8.370000E+03	1.087664E-17	1.520016E-18
8.380000E+03	1.092807E-17	1.525331E-18
8.390000E+03	1.098029E-17	1.530678E-18
8.400000E+03	1.103302E-17	1.536013E-18
8.410000E+03	1.108663E-17	1.541386E-18
8.420000E+03	1.114084E-17	1.546753E-18
8.430000E+03	1.119602E-17	1.552162E-18
8.440000E+03	1.125221E-17	1.557614E-18
8.450000E+03	1.130912E-17	1.563063E-18
8.460000E+03	1.136678E-17	1.568510E-18
8.470000E+03	1.142519E-17	1.573953E-18
8.480000E+03	1.148475E-17	1.579440E-18
8.490000E+03	1.154511E-17	1.584921E-18
8.500000E+03	1.160664E-17	1.590442E-18
8.510000E+03	1.166865E-17	1.595906E-18
8.520000E+03	1.173185E-17	1.601404E-18
8.530000E+03	1.179553E-17	1.606838E-18
8.540000E+03	1.186039E-17	1.612299E-18
8.550000E+03	1.192569E-17	1.617687E-18
8.560000E+03	1.199216E-17	1.623095E-18
8.570000E+03	1.205902E-17	1.628420E-18
8.580000E+03	1.212662E-17	1.633705E-18
8.590000E+03	1.219493E-17	1.638945E-18
8.600000E+03	1.226351E-17	1.644085E-18
8.610000E+03	1.233269E-17	1.649170E-18
8.620000E+03	1.240243E-17	1.654194E-18
8.630000E+03	1.247226E-17	1.659100E-18
8.640000E+03	1.254211E-17	1.663883E-18
8.650000E+03	1.261230E-17	1.668590E-18
8.660000E+03	1.268233E-17	1.673163E-18
8.670000E+03	1.275212E-17	1.677600E-18
8.680000E+03	1.282155E-17	1.681895E-18
8.690000E+03	1.289093E-17	1.686099E-18
8.700000E+03	1.295931E-17	1.690102E-18
8.710000E+03	1.302740E-17	1.694011E-18
8.720000E+03	1.309423E-17	1.697717E-18
8.730000E+03	1.316050E-17	1.701327E-18
8.740000E+03	1.322522E-17	1.704734E-18
8.750000E+03	1.328867E-17	1.707995E-18
8.760000E+03	1.335069E-17	1.711111E-18
8.770000E+03	1.341113E-17	1.714088E-18
8.780000E+03	1.346981E-17	1.716930E-18
8.790000E+03	1.352614E-17	1.719586E-18
8.800000E+03	1.358083E-17	1.722176E-18
8.810000E+03	1.363282E-17	1.724593E-18
8.820000E+03	1.368284E-17	1.726961E-18
8.830000E+03	1.372982E-17	1.729171E-18
8.840000E+03	1.377450E-17	1.731348E-18
8.850000E+03	1.381628E-17	1.733444E-18
8.860000E+03	1.385545E-17	1.735523E-18
8.870000E+03	1.389189E-17	1.737597E-18
8.880000E+03	1.392497E-17	1.739610E-18
8.890000E+03	1.395553E-17	1.741691E-18
8.900000E+03	1.398248E-17	1.743722E-18
8.910000E+03	1.400621E-17	1.745767E-18
8.920000E+03	1.402664E-17	1.747825E-18
8.930000E+03	1.404372E-17	1.749895E-18
8.940000E+03	1.405744E-17	1.751970E-18
8.950000E+03	1.406730E-17	1.753979E-18
8.960000E+03	1.407433E-17	1.756037E-18
8.970000E+03	1.407806E-17	1.758070E-18
8.980000E+03	1.407856E-17	1.760064E-18
8.990000E+03	1.407638E-17	1.762070E-18
9.000000E+03	1.407057E-17	1.763941E-18
9.040000E+03	1.402302E-17	1.771078E-18
9.080000E+03	1.394005E-17	1.776810E-18
9.120000E+03	1.383295E-17	1.780950E-18
9.160000E+03	1.371210E-17	1.783482E-18
9.200000E+03	1.358637E-17	1.784560E-18
9.240000E+03	1.346452E-17	1.784686E-18
9.280000E+03	1.335396E-17	1.784493E-18
9.320000E+03	1.325937E-17	1.784498E-18
9.360000E+03	1.318524E-17	1.785373E-18
9.400000E+03	1.313471E-17	1.787753E-18
9.440000E+03	1.311037E-17	1.792306E-18
9.480000E+03	1.311300E-17	1.799533E-18
9.520000E+03	1.314454E-17	1.810162E-18
9.560000E+03	1.320543E-17	1.824805E-18
9.600000E+03	1.329531E-17	1.844083E-18
9.640000E+03	1.341535E-17	1.869028E-18
9.680000E+03	1.356517E-17	1.900730E-18
9.720000E+03	1.374422E-17	1.940648E-18
9.760000E+03	1.395477E-17	1.991131E-18
9.800000E+03	1.419332E-17	2.054308E-18
9.840000E+03	1.446202E-17	2.133753E-18
9.880000E+03	1.475767E-17	2.232871E-18
9.920000E+03	1.508081E-17	2.356083E-18
9.960000E+03	1.542923E-17	2.507593E-18
1.000000E+04	1.579841E-17	2.691018E-18
1.004000E+04	1.618487E-17	2.909491E-18
1.008000E+04	1.658224E-17	3.164546E-18
1.012000E+04	1.698220E-17	3.455914E-18
1.016000E+04	1.737676E-17	3.781944E-18
1.020000E+04	1.775492E-17	4.139177E-18
1.024000E+04	1.810973E-17	4.524077E-18
1.028000E+04	1.843557E-17	4.932674E-18
1.032000E+04	1.872431E-17	5.359628E-18
