#wls	flux	fluxerr
1.600000E+03	1.451616E-16	1.405826E-16
1.640000E+03	1.498699E-16	1.427333E-16
1.680000E+03	1.544027E-16	1.445152E-16
1.720000E+03	1.586882E-16	1.458660E-16
1.760000E+03	1.627104E-16	1.467799E-16
1.800000E+03	1.663897E-16	1.471958E-16
1.840000E+03	1.696735E-16	1.470828E-16
1.880000E+03	1.725358E-16	1.464371E-16
1.920000E+03	1.748914E-16	1.452087E-16
1.960000E+03	1.766984E-16	1.433901E-16
2.000000E+03	1.778894E-16	1.409581E-16
2.040000E+03	1.784275E-16	1.379197E-16
2.080000E+03	1.782316E-16	1.342526E-16
2.120000E+03	1.772465E-16	1.299617E-16
2.160000E+03	1.754215E-16	1.250610E-16
2.200000E+03	1.726741E-16	1.195481E-16
2.240000E+03	1.689466E-16	1.134460E-16
2.280000E+03	1.642558E-16	1.068321E-16
2.320000E+03	1.586790E-16	9.982262E-17
2.360000E+03	1.523934E-16	9.258834E-17
2.400000E+03	1.455465E-16	8.526877E-17
2.440000E+03	1.382684E-16	7.798102E-17
2.480000E+03	1.306910E-16	7.083200E-17
2.520000E+03	1.229005E-16	6.389312E-17
2.560000E+03	1.149911E-16	5.723189E-17
2.600000E+03	1.070427E-16	5.090000E-17
2.640000E+03	9.913590E-17	4.494161E-17
2.680000E+03	9.133582E-17	3.938623E-17
2.720000E+03	8.370578E-17	3.425586E-17
2.760000E+03	7.630307E-17	2.956356E-17
2.800000E+03	6.917902E-17	2.531411E-17
2.840000E+03	6.238042E-17	2.150522E-17
2.880000E+03	5.595094E-17	1.812854E-17
2.920000E+03	4.992759E-17	1.516913E-17
2.960000E+03	4.434082E-17	1.260639E-17
3.000000E+03	3.921102E-17	1.041406E-17
3.010000E+03	3.800234E-17	9.920581E-18
3.020000E+03	3.682200E-17	9.447585E-18
3.030000E+03	3.567150E-17	8.994930E-18
3.040000E+03	3.454979E-17	8.561820E-18
3.050000E+03	3.345740E-17	8.147862E-18
3.060000E+03	3.239471E-17	7.752621E-18
3.070000E+03	3.136001E-17	7.375167E-18
3.080000E+03	3.035497E-17	7.015379E-18
3.090000E+03	2.937791E-17	6.672355E-18
3.100000E+03	2.842968E-17	6.345780E-18
3.110000E+03	2.750925E-17	6.034926E-18
3.120000E+03	2.661625E-17	5.739220E-18
3.130000E+03	2.575128E-17	5.458309E-18
3.140000E+03	2.491286E-17	5.191402E-18
3.150000E+03	2.410196E-17	4.938236E-18
3.160000E+03	2.331671E-17	4.697966E-18
3.170000E+03	2.255795E-17	4.470320E-18
3.180000E+03	2.182432E-17	4.254592E-18
3.190000E+03	2.111612E-17	4.050416E-18
3.200000E+03	2.043243E-17	3.857202E-18
3.210000E+03	1.977308E-17	3.674520E-18
3.220000E+03	1.913752E-17	3.501876E-18
3.230000E+03	1.852519E-17	3.338795E-18
3.240000E+03	1.793523E-17	3.184762E-18
3.250000E+03	1.736771E-17	3.039442E-18
3.260000E+03	1.682177E-17	2.902346E-18
3.270000E+03	1.629711E-17	2.773105E-18
3.280000E+03	1.579290E-17	2.651269E-18
3.290000E+03	1.530860E-17	2.536453E-18
3.300000E+03	1.484389E-17	2.428326E-18
3.310000E+03	1.439798E-17	2.326491E-18
3.320000E+03	1.397054E-17	2.230642E-18
3.330000E+03	1.356101E-17	2.140448E-18
3.340000E+03	1.316845E-17	2.055535E-18
3.350000E+03	1.279274E-17	1.975668E-18
3.360000E+03	1.243315E-17	1.900533E-18
3.370000E+03	1.208917E-17	1.829863E-18
3.380000E+03	1.176031E-17	1.763401E-18
3.390000E+03	1.144576E-17	1.700860E-18
3.400000E+03	1.114537E-17	1.642062E-18
3.410000E+03	1.085852E-17	1.586766E-18
3.420000E+03	1.058462E-17	1.534752E-18
3.430000E+03	1.032325E-17	1.485830E-18
3.440000E+03	1.007400E-17	1.439822E-18
3.450000E+03	9.836223E-18	1.396526E-18
3.460000E+03	9.609659E-18	1.355803E-18
3.470000E+03	9.393713E-18	1.317476E-18
3.480000E+03	9.188047E-18	1.281408E-18
3.490000E+03	8.992224E-18	1.247460E-18
3.500000E+03	8.805832E-18	1.215500E-18
3.510000E+03	8.628479E-18	1.185406E-18
3.520000E+03	8.459795E-18	1.157065E-18
3.530000E+03	8.299337E-18	1.130357E-18
3.540000E+03	8.146690E-18	1.105175E-18
3.550000E+03	8.001554E-18	1.081430E-18
3.560000E+03	7.863560E-18	1.059028E-18
3.570000E+03	7.732441E-18	1.037892E-18
3.580000E+03	7.607788E-18	1.017931E-18
3.590000E+03	7.489371E-18	9.990813E-19
3.600000E+03	7.376898E-18	9.812728E-19
3.610000E+03	7.270236E-18	9.644602E-19
3.620000E+03	7.169044E-18	9.485725E-19
3.630000E+03	7.073139E-18	9.335625E-19
3.640000E+03	6.982143E-18	9.193591E-19
3.650000E+03	6.895901E-18	9.059228E-19
3.660000E+03	6.814199E-18	8.932078E-19
3.670000E+03	6.736831E-18	8.811714E-19
3.680000E+03	6.663665E-18	8.697816E-19
3.690000E+03	6.594570E-18	8.590080E-19
3.700000E+03	6.529359E-18	8.488142E-19
3.710000E+03	6.467970E-18	8.391811E-19
3.720000E+03	6.410226E-18	8.300752E-19
3.730000E+03	6.356122E-18	8.214868E-19
3.740000E+03	6.305542E-18	8.133921E-19
3.750000E+03	6.258368E-18	8.057681E-19
3.760000E+03	6.214542E-18	7.986000E-19
3.770000E+03	6.174057E-18	7.918801E-19
3.780000E+03	6.136799E-18	7.855874E-19
3.790000E+03	6.102760E-18	7.797150E-19
3.800000E+03	6.071827E-18	7.742431E-19
3.810000E+03	6.043940E-18	7.691588E-19
3.820000E+03	6.019090E-18	7.644562E-19
3.830000E+03	5.997267E-18	7.601296E-19
3.840000E+03	5.978361E-18	7.561604E-19
3.850000E+03	5.962411E-18	7.525497E-19
3.860000E+03	5.949260E-18	7.492735E-19
3.870000E+03	5.938996E-18	7.463391E-19
3.880000E+03	5.931462E-18	7.437233E-19
3.890000E+03	5.926746E-18	7.414335E-19
3.900000E+03	5.924743E-18	7.394529E-19
3.910000E+03	5.925443E-18	7.377769E-19
3.920000E+03	5.928791E-18	7.363952E-19
3.930000E+03	5.934778E-18	7.353035E-19
3.940000E+03	5.943349E-18	7.344917E-19
3.950000E+03	5.954545E-18	7.339616E-19
3.960000E+03	5.968265E-18	7.336973E-19
3.970000E+03	5.984504E-18	7.336950E-19
3.980000E+03	6.003209E-18	7.339449E-19
3.990000E+03	6.024422E-18	7.344491E-19
4.000000E+03	6.048094E-18	7.351982E-19
4.010000E+03	6.074175E-18	7.361827E-19
4.020000E+03	6.102613E-18	7.373933E-19
4.030000E+03	6.133457E-18	7.388326E-19
4.040000E+03	6.166609E-18	7.404855E-19
4.050000E+03	6.202119E-18	7.423549E-19
4.060000E+03	6.239891E-18	7.444261E-19
4.070000E+03	6.279926E-18	7.466962E-19
4.080000E+03	6.322229E-18	7.491626E-19
4.090000E+03	6.366753E-18	7.518168E-19
4.100000E+03	6.413453E-18	7.546508E-19
4.110000E+03	6.462285E-18	7.576565E-19
4.120000E+03	6.513303E-18	7.608379E-19
4.130000E+03	6.566415E-18	7.641816E-19
4.140000E+03	6.621627E-18	7.676861E-19
4.150000E+03	6.678843E-18	7.713384E-19
4.160000E+03	6.738070E-18	7.751376E-19
4.170000E+03	6.799317E-18	7.790833E-19
4.180000E+03	6.862486E-18	7.831632E-19
4.190000E+03	6.927586E-18	7.873774E-19
4.200000E+03	6.994517E-18	7.917143E-19
4.210000E+03	7.063287E-18	7.961748E-19
4.220000E+03	7.133791E-18	8.007477E-19
4.230000E+03	7.206038E-18	8.054347E-19
4.240000E+03	7.279919E-18	8.102253E-19
4.250000E+03	7.355382E-18	8.151155E-19
4.260000E+03	7.432314E-18	8.200952E-19
4.270000E+03	7.510716E-18	8.251673E-19
4.280000E+03	7.590468E-18	8.303222E-19
4.290000E+03	7.671509E-18	8.355568E-19
4.300000E+03	7.753711E-18	8.408613E-19
4.310000E+03	7.836942E-18	8.462259E-19
4.320000E+03	7.921127E-18	8.516474E-19
4.330000E+03	8.006188E-18	8.571221E-19
4.340000E+03	8.091980E-18	8.626395E-19
4.350000E+03	8.178417E-18	8.681951E-19
4.360000E+03	8.265342E-18	8.737772E-19
4.370000E+03	8.352728E-18	8.793872E-19
4.380000E+03	8.440480E-18	8.850188E-19
4.390000E+03	8.528706E-18	8.906866E-19
4.400000E+03	8.617314E-18	8.963831E-19
4.410000E+03	8.706351E-18	9.021145E-19
4.420000E+03	8.795798E-18	9.078791E-19
4.430000E+03	8.885783E-18	9.136899E-19
4.440000E+03	8.976222E-18	9.195369E-19
4.450000E+03	9.067103E-18	9.254175E-19
4.460000E+03	9.158494E-18	9.313365E-19
4.470000E+03	9.250390E-18	9.372910E-19
4.480000E+03	9.342792E-18	9.432782E-19
4.490000E+03	9.435621E-18	9.492877E-19
4.500000E+03	9.528960E-18	9.553248E-19
4.510000E+03	9.622735E-18	9.613797E-19
4.520000E+03	9.716956E-18	9.674507E-19
4.530000E+03	9.811634E-18	9.735368E-19
4.540000E+03	9.906617E-18	9.796209E-19
4.550000E+03	1.000201E-17	9.857115E-19
4.560000E+03	1.009773E-17	9.918011E-19
4.570000E+03	1.019382E-17	9.978913E-19
4.580000E+03	1.029013E-17	1.003967E-18
4.590000E+03	1.038677E-17	1.010040E-18
4.600000E+03	1.048359E-17	1.016096E-18
4.610000E+03	1.058072E-17	1.022149E-18
4.620000E+03	1.067803E-17	1.028186E-18
4.630000E+03	1.077555E-17	1.034211E-18
4.640000E+03	1.087324E-17	1.040223E-18
4.650000E+03	1.097124E-17	1.046237E-18
4.660000E+03	1.106944E-17	1.052241E-18
4.670000E+03	1.116798E-17	1.058253E-18
4.680000E+03	1.126685E-17	1.064272E-18
4.690000E+03	1.136602E-17	1.070295E-18
4.700000E+03	1.146568E-17	1.076341E-18
4.710000E+03	1.156571E-17	1.082401E-18
4.720000E+03	1.166620E-17	1.088483E-18
4.730000E+03	1.176704E-17	1.094577E-18
4.740000E+03	1.186832E-17	1.100693E-18
4.750000E+03	1.196983E-17	1.106810E-18
4.760000E+03	1.207166E-17	1.112938E-18
4.770000E+03	1.217370E-17	1.119067E-18
4.780000E+03	1.227605E-17	1.125208E-18
4.790000E+03	1.237860E-17	1.131350E-18
4.800000E+03	1.248134E-17	1.137495E-18
4.810000E+03	1.258427E-17	1.143643E-18
4.820000E+03	1.268738E-17	1.149796E-18
4.830000E+03	1.279067E-17	1.155955E-18
4.840000E+03	1.289401E-17	1.162112E-18
4.850000E+03	1.299752E-17	1.168279E-18
4.860000E+03	1.310118E-17	1.174459E-18
4.870000E+03	1.320487E-17	1.180643E-18
4.880000E+03	1.330857E-17	1.186833E-18
4.890000E+03	1.341238E-17	1.193041E-18
4.900000E+03	1.351605E-17	1.199248E-18
4.910000E+03	1.361980E-17	1.205476E-18
4.920000E+03	1.372348E-17	1.211716E-18
4.930000E+03	1.382692E-17	1.217954E-18
4.940000E+03	1.393022E-17	1.224201E-18
4.950000E+03	1.403335E-17	1.230456E-18
4.960000E+03	1.413612E-17	1.236703E-18
4.970000E+03	1.423861E-17	1.242951E-18
4.980000E+03	1.434050E-17	1.249168E-18
4.990000E+03	1.444200E-17	1.255374E-18
5.000000E+03	1.454289E-17	1.261549E-18
5.010000E+03	1.464296E-17	1.267672E-18
5.020000E+03	1.474226E-17	1.273746E-18
5.030000E+03	1.484057E-17	1.279749E-18
5.040000E+03	1.493778E-17	1.285669E-18
5.050000E+03	1.503378E-17	1.291495E-18
5.060000E+03	1.512846E-17	1.297217E-18
5.070000E+03	1.522156E-17	1.302809E-18
5.080000E+03	1.531310E-17	1.308271E-18
5.090000E+03	1.540279E-17	1.313581E-18
5.100000E+03	1.549050E-17	1.318727E-18
5.110000E+03	1.557593E-17	1.323684E-18
5.120000E+03	1.565909E-17	1.328457E-18
5.130000E+03	1.573950E-17	1.333009E-18
5.140000E+03	1.581733E-17	1.337358E-18
5.150000E+03	1.589209E-17	1.341471E-18
5.160000E+03	1.596377E-17	1.345356E-18
5.170000E+03	1.603206E-17	1.348994E-18
5.180000E+03	1.609662E-17	1.352368E-18
5.190000E+03	1.615743E-17	1.355490E-18
5.200000E+03	1.621416E-17	1.358346E-18
5.210000E+03	1.626664E-17	1.360935E-18
5.220000E+03	1.631471E-17	1.363260E-18
5.230000E+03	1.635802E-17	1.365309E-18
5.240000E+03	1.639641E-17	1.367087E-18
5.250000E+03	1.642958E-17	1.368584E-18
5.260000E+03	1.645751E-17	1.369820E-18
5.270000E+03	1.647992E-17	1.370787E-18
5.280000E+03	1.649667E-17	1.371491E-18
5.290000E+03	1.650764E-17	1.371940E-18
5.300000E+03	1.651257E-17	1.372127E-18
5.310000E+03	1.651137E-17	1.372060E-18
5.320000E+03	1.650396E-17	1.371747E-18
5.330000E+03	1.649031E-17	1.371196E-18
5.340000E+03	1.647022E-17	1.370400E-18
5.350000E+03	1.644387E-17	1.369383E-18
5.360000E+03	1.641127E-17	1.368151E-18
5.370000E+03	1.637249E-17	1.366714E-18
5.380000E+03	1.632745E-17	1.365067E-18
5.390000E+03	1.627659E-17	1.363244E-18
5.400000E+03	1.621989E-17	1.361242E-18
5.410000E+03	1.615785E-17	1.359096E-18
5.420000E+03	1.609052E-17	1.356803E-18
5.430000E+03	1.601829E-17	1.354385E-18
5.440000E+03	1.594144E-17	1.351854E-18
5.450000E+03	1.586057E-17	1.349247E-18
5.460000E+03	1.577584E-17	1.346561E-18
5.470000E+03	1.568745E-17	1.343794E-18
5.480000E+03	1.559544E-17	1.340933E-18
5.490000E+03	1.550021E-17	1.337991E-18
5.500000E+03	1.540187E-17	1.334954E-18
5.510000E+03	1.530069E-17	1.331824E-18
5.520000E+03	1.519696E-17	1.328603E-18
5.530000E+03	1.509098E-17	1.325294E-18
5.540000E+03	1.498307E-17	1.321901E-18
5.550000E+03	1.487370E-17	1.318442E-18
5.560000E+03	1.476317E-17	1.314923E-18
5.570000E+03	1.465210E-17	1.311375E-18
5.580000E+03	1.454063E-17	1.307792E-18
5.590000E+03	1.442951E-17	1.304220E-18
5.600000E+03	1.431885E-17	1.300656E-18
5.610000E+03	1.420921E-17	1.297131E-18
5.620000E+03	1.410111E-17	1.293682E-18
5.630000E+03	1.399463E-17	1.290303E-18
5.640000E+03	1.389053E-17	1.287055E-18
5.650000E+03	1.378898E-17	1.283947E-18
5.660000E+03	1.369013E-17	1.280984E-18
5.670000E+03	1.359466E-17	1.278228E-18
5.680000E+03	1.350252E-17	1.275672E-18
5.690000E+03	1.341408E-17	1.273348E-18
5.700000E+03	1.332966E-17	1.271287E-18
5.710000E+03	1.324943E-17	1.269506E-18
5.720000E+03	1.317354E-17	1.268020E-18
5.730000E+03	1.310212E-17	1.266845E-18
5.740000E+03	1.303542E-17	1.266007E-18
5.750000E+03	1.297366E-17	1.265531E-18
5.760000E+03	1.291667E-17	1.265401E-18
5.770000E+03	1.286491E-17	1.265665E-18
5.780000E+03	1.281818E-17	1.266304E-18
5.790000E+03	1.277679E-17	1.267351E-18
5.800000E+03	1.274064E-17	1.268796E-18
5.810000E+03	1.270992E-17	1.270656E-18
5.820000E+03	1.268463E-17	1.272933E-18
5.830000E+03	1.266493E-17	1.275640E-18
5.840000E+03	1.265071E-17	1.278762E-18
5.850000E+03	1.264196E-17	1.282298E-18
5.860000E+03	1.263882E-17	1.286257E-18
5.870000E+03	1.264144E-17	1.290651E-18
5.880000E+03	1.264951E-17	1.295444E-18
5.890000E+03	1.266331E-17	1.300660E-18
5.900000E+03	1.268267E-17	1.306279E-18
5.910000E+03	1.270770E-17	1.312307E-18
5.920000E+03	1.273838E-17	1.318737E-18
5.930000E+03	1.277451E-17	1.325547E-18
5.940000E+03	1.281619E-17	1.332743E-18
5.950000E+03	1.286336E-17	1.340316E-18
5.960000E+03	1.291581E-17	1.348244E-18
5.970000E+03	1.297375E-17	1.356547E-18
5.980000E+03	1.303681E-17	1.365187E-18
5.990000E+03	1.310504E-17	1.374169E-18
6.000000E+03	1.317833E-17	1.383484E-18
6.010000E+03	1.325641E-17	1.393109E-18
6.020000E+03	1.333931E-17	1.403049E-18
6.030000E+03	1.342658E-17	1.413264E-18
6.040000E+03	1.351837E-17	1.423775E-18
6.050000E+03	1.361421E-17	1.434543E-18
6.060000E+03	1.371409E-17	1.445572E-18
6.070000E+03	1.381764E-17	1.456838E-18
6.080000E+03	1.392469E-17	1.468331E-18
6.090000E+03	1.403485E-17	1.480022E-18
6.100000E+03	1.414773E-17	1.491884E-18
6.110000E+03	1.426329E-17	1.503924E-18
6.120000E+03	1.438077E-17	1.516075E-18
6.130000E+03	1.450010E-17	1.528344E-18
6.140000E+03	1.462068E-17	1.540678E-18
6.150000E+03	1.474223E-17	1.553064E-18
6.160000E+03	1.486379E-17	1.565409E-18
6.170000E+03	1.498525E-17	1.577713E-18
6.180000E+03	1.510577E-17	1.589896E-18
6.190000E+03	1.522487E-17	1.601915E-18
6.200000E+03	1.534189E-17	1.613704E-18
6.210000E+03	1.545692E-17	1.625274E-18
6.220000E+03	1.557028E-17	1.636661E-18
6.230000E+03	1.568234E-17	1.647899E-18
6.240000E+03	1.579349E-17	1.659028E-18
6.250000E+03	1.590359E-17	1.670024E-18
6.260000E+03	1.601351E-17	1.680974E-18
6.270000E+03	1.612294E-17	1.691836E-18
6.280000E+03	1.623244E-17	1.702658E-18
6.290000E+03	1.634237E-17	1.713470E-18
6.300000E+03	1.645248E-17	1.724236E-18
6.310000E+03	1.656320E-17	1.734988E-18
6.320000E+03	1.667474E-17	1.745740E-18
6.330000E+03	1.678735E-17	1.756508E-18
6.340000E+03	1.690083E-17	1.767260E-18
6.350000E+03	1.701545E-17	1.778016E-18
6.360000E+03	1.713125E-17	1.788773E-18
6.370000E+03	1.724829E-17	1.799528E-18
6.380000E+03	1.736638E-17	1.810256E-18
6.390000E+03	1.748534E-17	1.820930E-18
6.400000E+03	1.760494E-17	1.831524E-18
6.410000E+03	1.772525E-17	1.842041E-18
6.420000E+03	1.784603E-17	1.852453E-18
6.430000E+03	1.796654E-17	1.862683E-18
6.440000E+03	1.808759E-17	1.872812E-18
6.450000E+03	1.820921E-17	1.882845E-18
6.460000E+03	1.833170E-17	1.892814E-18
6.470000E+03	1.845567E-17	1.902783E-18
6.480000E+03	1.858091E-17	1.912732E-18
6.490000E+03	1.870804E-17	1.922728E-18
6.500000E+03	1.883714E-17	1.932781E-18
6.510000E+03	1.896859E-17	1.942933E-18
6.520000E+03	1.910189E-17	1.953136E-18
6.530000E+03	1.923799E-17	1.963492E-18
6.540000E+03	1.937641E-17	1.973951E-18
6.550000E+03	1.951752E-17	1.984558E-18
6.560000E+03	1.966142E-17	1.995324E-18
6.570000E+03	1.980788E-17	2.006229E-18
6.580000E+03	1.995729E-17	2.017317E-18
6.590000E+03	2.010975E-17	2.028599E-18
6.600000E+03	2.026501E-17	2.040052E-18
6.610000E+03	2.042315E-17	2.051687E-18
6.620000E+03	2.058425E-17	2.063513E-18
6.630000E+03	2.074871E-17	2.075573E-18
6.640000E+03	2.091592E-17	2.087808E-18
6.650000E+03	2.108631E-17	2.100259E-18
6.660000E+03	2.125993E-17	2.112934E-18
6.670000E+03	2.143649E-17	2.125804E-18
6.680000E+03	2.161641E-17	2.138911E-18
6.690000E+03	2.179940E-17	2.152224E-18
6.700000E+03	2.198586E-17	2.165785E-18
6.710000E+03	2.217512E-17	2.179525E-18
6.720000E+03	2.236758E-17	2.193482E-18
6.730000E+03	2.256369E-17	2.207700E-18
6.740000E+03	2.276272E-17	2.222102E-18
6.750000E+03	2.296509E-17	2.236730E-18
6.760000E+03	2.317046E-17	2.251544E-18
6.770000E+03	2.337925E-17	2.266585E-18
6.780000E+03	2.359109E-17	2.281811E-18
6.790000E+03	2.380601E-17	2.297220E-18
6.800000E+03	2.402446E-17	2.312853E-18
6.810000E+03	2.424560E-17	2.328623E-18
6.820000E+03	2.447032E-17	2.344610E-18
6.830000E+03	2.469776E-17	2.360727E-18
6.840000E+03	2.492881E-17	2.377056E-18
6.850000E+03	2.516259E-17	2.393505E-18
6.860000E+03	2.539909E-17	2.410069E-18
6.870000E+03	2.563876E-17	2.426788E-18
6.880000E+03	2.588161E-17	2.443657E-18
6.890000E+03	2.612665E-17	2.460581E-18
6.900000E+03	2.637483E-17	2.477646E-18
6.910000E+03	2.662565E-17	2.494801E-18
6.920000E+03	2.687956E-17	2.512090E-18
6.930000E+03	2.713554E-17	2.529415E-18
6.940000E+03	2.739404E-17	2.546819E-18
6.950000E+03	2.765503E-17	2.564298E-18
6.960000E+03	2.791792E-17	2.581801E-18
6.970000E+03	2.818319E-17	2.599374E-18
6.980000E+03	2.845080E-17	2.617016E-18
6.990000E+03	2.872014E-17	2.634674E-18
7.000000E+03	2.899114E-17	2.652345E-18
7.010000E+03	2.926373E-17	2.670027E-18
7.020000E+03	2.953844E-17	2.687771E-18
7.030000E+03	2.981403E-17	2.705469E-18
7.040000E+03	3.009161E-17	2.723226E-18
7.050000E+03	3.036994E-17	2.740932E-18
7.060000E+03	3.064953E-17	2.758638E-18
7.070000E+03	3.092973E-17	2.776287E-18
7.080000E+03	3.121108E-17	2.793929E-18
7.090000E+03	3.149352E-17	2.811562E-18
7.100000E+03	3.177637E-17	2.829125E-18
7.110000E+03	3.205891E-17	2.846554E-18
7.120000E+03	3.234237E-17	2.863959E-18
7.130000E+03	3.262604E-17	2.881276E-18
7.140000E+03	3.290988E-17	2.898498E-18
7.150000E+03	3.319383E-17	2.915618E-18
7.160000E+03	3.347714E-17	2.932569E-18
7.170000E+03	3.376044E-17	2.949402E-18
7.180000E+03	3.404299E-17	2.966048E-18
7.190000E+03	3.432470E-17	2.982499E-18
7.200000E+03	3.460624E-17	2.998808E-18
7.210000E+03	3.488683E-17	3.014907E-18
7.220000E+03	3.516714E-17	3.030853E-18
7.230000E+03	3.544564E-17	3.046512E-18
7.240000E+03	3.572298E-17	3.061943E-18
7.250000E+03	3.599910E-17	3.077144E-18
7.260000E+03	3.627393E-17	3.092115E-18
7.270000E+03	3.654739E-17	3.106856E-18
7.280000E+03	3.681942E-17	3.121372E-18
7.290000E+03	3.708915E-17	3.135604E-18
7.300000E+03	3.735728E-17	3.149627E-18
7.310000E+03	3.762374E-17	3.163456E-18
7.320000E+03	3.788847E-17	3.177109E-18
7.330000E+03	3.815056E-17	3.190538E-18
7.340000E+03	3.841077E-17	3.203837E-18
7.350000E+03	3.866987E-17	3.217106E-18
7.360000E+03	3.892613E-17	3.230238E-18
7.370000E+03	3.918032E-17	3.243340E-18
7.380000E+03	3.943241E-17	3.256454E-18
7.390000E+03	3.968324E-17	3.269697E-18
7.400000E+03	3.993190E-17	3.283043E-18
7.410000E+03	4.017927E-17	3.296617E-18
7.420000E+03	4.042628E-17	3.310543E-18
7.430000E+03	4.067205E-17	3.324801E-18
7.440000E+03	4.091845E-17	3.339593E-18
7.450000E+03	4.116369E-17	3.354820E-18
7.460000E+03	4.140876E-17	3.370604E-18
7.470000E+03	4.165278E-17	3.386910E-18
7.480000E+03	4.189674E-17	3.403852E-18
7.490000E+03	4.213879E-17	3.421301E-18
7.500000E+03	4.237991E-17	3.439354E-18
7.510000E+03	4.262016E-17	3.458018E-18
7.520000E+03	4.285857E-17	3.477210E-18
7.530000E+03	4.309716E-17	3.497076E-18
7.540000E+03	4.333395E-17	3.517425E-18
7.550000E+03	4.356994E-17	3.538304E-18
7.560000E+03	4.380412E-17	3.559584E-18
7.570000E+03	4.403749E-17	3.581298E-18
7.580000E+03	4.426899E-17	3.603304E-18
7.590000E+03	4.449963E-17	3.625630E-18
7.600000E+03	4.472829E-17	3.648126E-18
7.610000E+03	4.495492E-17	3.670730E-18
7.620000E+03	4.518050E-17	3.693469E-18
7.630000E+03	4.540387E-17	3.716198E-18
7.640000E+03	4.562490E-17	3.738861E-18
7.650000E+03	4.584459E-17	3.761498E-18
7.660000E+03	4.606168E-17	3.783974E-18
7.670000E+03	4.627714E-17	3.806340E-18
7.680000E+03	4.648854E-17	3.828376E-18
7.690000E+03	4.669796E-17	3.850239E-18
7.700000E+03	4.690522E-17	3.871905E-18
7.710000E+03	4.710894E-17	3.893261E-18
7.720000E+03	4.731007E-17	3.914385E-18
7.730000E+03	4.750719E-17	3.935169E-18
7.740000E+03	4.770003E-17	3.955600E-18
7.750000E+03	4.788951E-17	3.975769E-18
7.760000E+03	4.807539E-17	3.995670E-18
7.770000E+03	4.825737E-17	4.015296E-18
7.780000E+03	4.843396E-17	4.034538E-18
7.790000E+03	4.860607E-17	4.053489E-18
7.800000E+03	4.877342E-17	4.072143E-18
7.810000E+03	4.893571E-17	4.090488E-18
7.820000E+03	4.909265E-17	4.108514E-18
7.830000E+03	4.924394E-17	4.126207E-18
7.840000E+03	4.939058E-17	4.143660E-18
7.850000E+03	4.953103E-17	4.160751E-18
7.860000E+03	4.966499E-17	4.177462E-18
7.870000E+03	4.979222E-17	4.193774E-18
7.880000E+03	4.991509E-17	4.209890E-18
7.890000E+03	5.003076E-17	4.225570E-18
7.900000E+03	5.014035E-17	4.240906E-18
7.910000E+03	5.024234E-17	4.255769E-18
7.920000E+03	5.033924E-17	4.270365E-18
7.930000E+03	5.043094E-17	4.284682E-18
7.940000E+03	5.051464E-17	4.298476E-18
7.950000E+03	5.059431E-17	4.312078E-18
7.960000E+03	5.066858E-17	4.325366E-18
7.970000E+03	5.073742E-17	4.338330E-18
7.980000E+03	5.080223E-17	4.351084E-18
7.990000E+03	5.086168E-17	4.363506E-18
8.000000E+03	5.091445E-17	4.375477E-18
8.010000E+03	5.096340E-17	4.387234E-18
8.020000E+03	5.100447E-17	4.398421E-18
8.030000E+03	5.104201E-17	4.409405E-18
8.040000E+03	5.107197E-17	4.419829E-18
8.050000E+03	5.109736E-17	4.429946E-18
8.060000E+03	5.111558E-17	4.439522E-18
8.070000E+03	5.112969E-17	4.448816E-18
8.080000E+03	5.113713E-17	4.457597E-18
8.090000E+03	5.113959E-17	4.466005E-18
8.100000E+03	5.113597E-17	4.473935E-18
8.110000E+03	5.112799E-17	4.481531E-18
8.120000E+03	5.111602E-17	4.488816E-18
8.130000E+03	5.109753E-17	4.495562E-18
8.140000E+03	5.107576E-17	4.502044E-18
8.150000E+03	5.104965E-17	4.508161E-18
8.160000E+03	5.101959E-17	4.513941E-18
8.170000E+03	5.098453E-17	4.519281E-18
8.180000E+03	5.094776E-17	4.524465E-18
8.190000E+03	5.090679E-17	4.529265E-18
8.200000E+03	5.086349E-17	4.533837E-18
8.210000E+03	5.081827E-17	4.538211E-18
8.220000E+03	5.077009E-17	4.542286E-18
8.230000E+03	5.071935E-17	4.546091E-18
8.240000E+03	5.066793E-17	4.549784E-18
8.250000E+03	5.061622E-17	4.553394E-18
8.260000E+03	5.056172E-17	4.556689E-18
8.270000E+03	5.050772E-17	4.559957E-18
8.280000E+03	5.045317E-17	4.563095E-18
8.290000E+03	5.039844E-17	4.566129E-18
8.300000E+03	5.034389E-17	4.569085E-18
8.310000E+03	5.028988E-17	4.571988E-18
8.320000E+03	5.023675E-17	4.574862E-18
8.330000E+03	5.018485E-17	4.577730E-18
8.340000E+03	5.013449E-17	4.580614E-18
8.350000E+03	5.008598E-17	4.583533E-18
8.360000E+03	5.003815E-17	4.586372E-18
8.370000E+03	4.999273E-17	4.589283E-18
8.380000E+03	4.994999E-17	4.592281E-18
8.390000E+03	4.990872E-17	4.595244E-18
8.400000E+03	4.987060E-17	4.598321E-18
8.410000E+03	4.983440E-17	4.601384E-18
8.420000E+03	4.980177E-17	4.604577E-18
8.430000E+03	4.977144E-17	4.607771E-18
8.440000E+03	4.974358E-17	4.610969E-18
8.450000E+03	4.971980E-17	4.614310E-18
8.460000E+03	4.969879E-17	4.617656E-18
8.470000E+03	4.968068E-17	4.621005E-18
8.480000E+03	4.966556E-17	4.624354E-18
8.490000E+03	4.965355E-17	4.627694E-18
8.500000E+03	4.964474E-17	4.631021E-18
8.510000E+03	4.963771E-17	4.634183E-18
8.520000E+03	4.963552E-17	4.637450E-18
8.530000E+03	4.963674E-17	4.640669E-18
8.540000E+03	4.963991E-17	4.643689E-18
8.550000E+03	4.964658E-17	4.646635E-18
8.560000E+03	4.965528E-17	4.649352E-18
8.570000E+03	4.966754E-17	4.651967E-18
8.580000E+03	4.968186E-17	4.654323E-18
8.590000E+03	4.969977E-17	4.656548E-18
8.600000E+03	4.971977E-17	4.658488E-18
8.610000E+03	4.974185E-17	4.660131E-18
8.620000E+03	4.976601E-17	4.661467E-18
8.630000E+03	4.979224E-17	4.662487E-18
8.640000E+03	4.982206E-17	4.663334E-18
8.650000E+03	4.985239E-17	4.663717E-18
8.660000E+03	4.988474E-17	4.663784E-18
8.670000E+03	4.991754E-17	4.663398E-18
8.680000E+03	4.995388E-17	4.662865E-18
8.690000E+03	4.998905E-17	4.661765E-18
8.700000E+03	5.002772E-17	4.660565E-18
8.710000E+03	5.006515E-17	4.658858E-18
8.720000E+03	5.010445E-17	4.656979E-18
8.730000E+03	5.014242E-17	4.654681E-18
8.740000E+03	5.018220E-17	4.652321E-18
8.750000E+03	5.022218E-17	4.649817E-18
8.760000E+03	5.026069E-17	4.647096E-18
8.770000E+03	5.029767E-17	4.644241E-18
8.780000E+03	5.033471E-17	4.641497E-18
8.790000E+03	5.037013E-17	4.638817E-18
8.800000E+03	5.040387E-17	4.636310E-18
8.810000E+03	5.043588E-17	4.634094E-18
8.820000E+03	5.046444E-17	4.632137E-18
8.830000E+03	5.048945E-17	4.630566E-18
8.840000E+03	5.051083E-17	4.629506E-18
8.850000E+03	5.052679E-17	4.628931E-18
8.860000E+03	5.054062E-17	4.629275E-18
8.870000E+03	5.055054E-17	4.630503E-18
8.880000E+03	5.055990E-17	4.633040E-18
8.890000E+03	5.056689E-17	4.636830E-18
8.900000E+03	5.057318E-17	4.642117E-18
8.910000E+03	5.057691E-17	4.648802E-18
8.920000E+03	5.058329E-17	4.657414E-18
8.930000E+03	5.058866E-17	4.667629E-18
8.940000E+03	5.059467E-17	4.679575E-18
8.950000E+03	5.060297E-17	4.693357E-18
8.960000E+03	5.061161E-17	4.708727E-18
8.970000E+03	5.062042E-17	4.725582E-18
8.980000E+03	5.063106E-17	4.743980E-18
8.990000E+03	5.064337E-17	4.763803E-18
9.000000E+03	5.065721E-17	4.784923E-18
9.040000E+03	5.073038E-17	4.880311E-18
9.080000E+03	5.083322E-17	4.987961E-18
9.120000E+03	5.097328E-17	5.102624E-18
9.160000E+03	5.115152E-17	5.220154E-18
9.200000E+03	5.137414E-17	5.338618E-18
9.240000E+03	5.164389E-17	5.457062E-18
9.280000E+03	5.196134E-17	5.575194E-18
9.320000E+03	5.232661E-17	5.693206E-18
9.360000E+03	5.273642E-17	5.811230E-18
9.400000E+03	5.318344E-17	5.929125E-18
9.440000E+03	5.366151E-17	6.047016E-18
9.480000E+03	5.415744E-17	6.164380E-18
9.520000E+03	5.465337E-17	6.280301E-18
9.560000E+03	5.513975E-17	6.395028E-18
9.600000E+03	5.559734E-17	6.508052E-18
9.640000E+03	5.600642E-17	6.619391E-18
9.680000E+03	5.635480E-17	6.730908E-18
9.720000E+03	5.661662E-17	6.844251E-18
9.760000E+03	5.678632E-17	6.965356E-18
9.800000E+03	5.683699E-17	7.099721E-18
9.840000E+03	5.676837E-17	7.258173E-18
9.880000E+03	5.656706E-17	7.451334E-18
9.920000E+03	5.623143E-17	7.691389E-18
9.960000E+03	5.574987E-17	7.987274E-18
1.000000E+04	5.513228E-17	8.346880E-18
1.004000E+04	5.437839E-17	8.771057E-18
1.008000E+04	5.350522E-17	9.257132E-18
1.012000E+04	5.251349E-17	9.794117E-18
1.016000E+04	5.142016E-17	1.036957E-17
1.020000E+04	5.024348E-17	1.096934E-17
1.024000E+04	4.899228E-17	1.157700E-17
1.028000E+04	4.768954E-17	1.218041E-17
1.032000E+04	4.633792E-17	1.276447E-17
