#wls	flux	fluxerr
1.600000E+03	1.720202E-16	1.671884E-16
1.640000E+03	1.771119E-16	1.692688E-16
1.680000E+03	1.818772E-16	1.708128E-16
1.720000E+03	1.862779E-16	1.717966E-16
1.760000E+03	1.901990E-16	1.721301E-16
1.800000E+03	1.936306E-16	1.718254E-16
1.840000E+03	1.964530E-16	1.708015E-16
1.880000E+03	1.986344E-16	1.690617E-16
1.920000E+03	2.001075E-16	1.665839E-16
1.960000E+03	2.007765E-16	1.633294E-16
2.000000E+03	2.006159E-16	1.593246E-16
2.040000E+03	1.995602E-16	1.545684E-16
2.080000E+03	1.975570E-16	1.490770E-16
2.120000E+03	1.945707E-16	1.428848E-16
2.160000E+03	1.905606E-16	1.360276E-16
2.200000E+03	1.854691E-16	1.285347E-16
2.240000E+03	1.792505E-16	1.204499E-16
2.280000E+03	1.719425E-16	1.118768E-16
2.320000E+03	1.636950E-16	1.029879E-16
2.360000E+03	1.547579E-16	9.400456E-17
2.400000E+03	1.453321E-16	8.509835E-17
2.440000E+03	1.356004E-16	7.641293E-17
2.480000E+03	1.256979E-16	6.804979E-17
2.520000E+03	1.157644E-16	6.010019E-17
2.560000E+03	1.059142E-16	5.262943E-17
2.600000E+03	9.626329E-17	4.569221E-17
2.640000E+03	8.690507E-17	3.932155E-17
2.680000E+03	7.792500E-17	3.353746E-17
2.720000E+03	6.939808E-17	2.834676E-17
2.760000E+03	6.138083E-17	2.374140E-17
2.800000E+03	5.391960E-17	1.970357E-17
2.840000E+03	4.704703E-17	1.620589E-17
2.880000E+03	4.078528E-17	1.321419E-17
2.920000E+03	3.514515E-17	1.068869E-17
2.960000E+03	3.012367E-17	8.584804E-18
3.000000E+03	2.570520E-17	6.855233E-18
3.010000E+03	2.469165E-17	6.475620E-18
3.020000E+03	2.371300E-17	6.115477E-18
3.030000E+03	2.276956E-17	5.774286E-18
3.040000E+03	2.185948E-17	5.450995E-18
3.050000E+03	2.098296E-17	5.145087E-18
3.060000E+03	2.013912E-17	4.855792E-18
3.070000E+03	1.932751E-17	4.582457E-18
3.080000E+03	1.854644E-17	4.324158E-18
3.090000E+03	1.779623E-17	4.080461E-18
3.100000E+03	1.707521E-17	3.850496E-18
3.110000E+03	1.638323E-17	3.633749E-18
3.120000E+03	1.571936E-17	3.429557E-18
3.130000E+03	1.508240E-17	3.237215E-18
3.140000E+03	1.447207E-17	3.056239E-18
3.150000E+03	1.388720E-17	2.885972E-18
3.160000E+03	1.332718E-17	2.725897E-18
3.170000E+03	1.279115E-17	2.575460E-18
3.180000E+03	1.227826E-17	2.434133E-18
3.190000E+03	1.178788E-17	2.301450E-18
3.200000E+03	1.131919E-17	2.176920E-18
3.210000E+03	1.087117E-17	2.060038E-18
3.220000E+03	1.044342E-17	1.950434E-18
3.230000E+03	1.003498E-17	1.847646E-18
3.240000E+03	9.645247E-18	1.751299E-18
3.250000E+03	9.273478E-18	1.661006E-18
3.260000E+03	8.918802E-18	1.576374E-18
3.270000E+03	8.580809E-18	1.497106E-18
3.280000E+03	8.258538E-18	1.422825E-18
3.290000E+03	7.951597E-18	1.353266E-18
3.300000E+03	7.659329E-18	1.288129E-18
3.310000E+03	7.380883E-18	1.227099E-18
3.320000E+03	7.115891E-18	1.169951E-18
3.330000E+03	6.863765E-18	1.116437E-18
3.340000E+03	6.623846E-18	1.066308E-18
3.350000E+03	6.395602E-18	1.019345E-18
3.360000E+03	6.178522E-18	9.753461E-19
3.370000E+03	5.972116E-18	9.341188E-19
3.380000E+03	5.775910E-18	8.954839E-19
3.390000E+03	5.589450E-18	8.592735E-19
3.400000E+03	5.412229E-18	8.253196E-19
3.410000E+03	5.243771E-18	7.934666E-19
3.420000E+03	5.083823E-18	7.635996E-19
3.430000E+03	4.931813E-18	7.355625E-19
3.440000E+03	4.787456E-18	7.092482E-19
3.450000E+03	4.650357E-18	6.845388E-19
3.460000E+03	4.520200E-18	6.613336E-19
3.470000E+03	4.396577E-18	6.395230E-19
3.480000E+03	4.279159E-18	6.190143E-19
3.490000E+03	4.167686E-18	5.997282E-19
3.500000E+03	4.061815E-18	5.815777E-19
3.510000E+03	3.961316E-18	5.644957E-19
3.520000E+03	3.865800E-18	5.483952E-19
3.530000E+03	3.775072E-18	5.332205E-19
3.540000E+03	3.688829E-18	5.189029E-19
3.550000E+03	3.606828E-18	5.053849E-19
3.560000E+03	3.528841E-18	4.926135E-19
3.570000E+03	3.454586E-18	4.805301E-19
3.580000E+03	3.383938E-18	4.691000E-19
3.590000E+03	3.316679E-18	4.582771E-19
3.600000E+03	3.252601E-18	4.480187E-19
3.610000E+03	3.191609E-18	4.382983E-19
3.620000E+03	3.133485E-18	4.290746E-19
3.630000E+03	3.078086E-18	4.203174E-19
3.640000E+03	3.025277E-18	4.119985E-19
3.650000E+03	2.974930E-18	4.040918E-19
3.660000E+03	2.926923E-18	3.965728E-19
3.670000E+03	2.881140E-18	3.894185E-19
3.680000E+03	2.837495E-18	3.826110E-19
3.690000E+03	2.795905E-18	3.761332E-19
3.700000E+03	2.756267E-18	3.699655E-19
3.710000E+03	2.718574E-18	3.641024E-19
3.720000E+03	2.682701E-18	3.585225E-19
3.730000E+03	2.648620E-18	3.532181E-19
3.740000E+03	2.616256E-18	3.481755E-19
3.750000E+03	2.585559E-18	3.433845E-19
3.760000E+03	2.556524E-18	3.388414E-19
3.770000E+03	2.529034E-18	3.345279E-19
3.780000E+03	2.503085E-18	3.304409E-19
3.790000E+03	2.478649E-18	3.265742E-19
3.800000E+03	2.455636E-18	3.229139E-19
3.810000E+03	2.434041E-18	3.194574E-19
3.820000E+03	2.413838E-18	3.161993E-19
3.830000E+03	2.394961E-18	3.131294E-19
3.840000E+03	2.377366E-18	3.102404E-19
3.850000E+03	2.361067E-18	3.075327E-19
3.860000E+03	2.345983E-18	3.049943E-19
3.870000E+03	2.332109E-18	3.026237E-19
3.880000E+03	2.319405E-18	3.004141E-19
3.890000E+03	2.307848E-18	2.983619E-19
3.900000E+03	2.297417E-18	2.964631E-19
3.910000E+03	2.288054E-18	2.947096E-19
3.920000E+03	2.279742E-18	2.930979E-19
3.930000E+03	2.272478E-18	2.916272E-19
3.940000E+03	2.266225E-18	2.902918E-19
3.950000E+03	2.260950E-18	2.890866E-19
3.960000E+03	2.256635E-18	2.880086E-19
3.970000E+03	2.253246E-18	2.870528E-19
3.980000E+03	2.250769E-18	2.862166E-19
3.990000E+03	2.249188E-18	2.854972E-19
4.000000E+03	2.248489E-18	2.848924E-19
4.010000E+03	2.248625E-18	2.843952E-19
4.020000E+03	2.249583E-18	2.840033E-19
4.030000E+03	2.251350E-18	2.837146E-19
4.040000E+03	2.253917E-18	2.835268E-19
4.050000E+03	2.257255E-18	2.834356E-19
4.060000E+03	2.261336E-18	2.834370E-19
4.070000E+03	2.266151E-18	2.835289E-19
4.080000E+03	2.271675E-18	2.837073E-19
4.090000E+03	2.277898E-18	2.839703E-19
4.100000E+03	2.284797E-18	2.843139E-19
4.110000E+03	2.292363E-18	2.847366E-19
4.120000E+03	2.300573E-18	2.852343E-19
4.130000E+03	2.309403E-18	2.858032E-19
4.140000E+03	2.318847E-18	2.864419E-19
4.150000E+03	2.328884E-18	2.871466E-19
4.160000E+03	2.339507E-18	2.879158E-19
4.170000E+03	2.350677E-18	2.887436E-19
4.180000E+03	2.362391E-18	2.896288E-19
4.190000E+03	2.374607E-18	2.905654E-19
4.200000E+03	2.387342E-18	2.915544E-19
4.210000E+03	2.400556E-18	2.925901E-19
4.220000E+03	2.414245E-18	2.936713E-19
4.230000E+03	2.428352E-18	2.947901E-19
4.240000E+03	2.442894E-18	2.959475E-19
4.250000E+03	2.457810E-18	2.971356E-19
4.260000E+03	2.473119E-18	2.983557E-19
4.270000E+03	2.488760E-18	2.995998E-19
4.280000E+03	2.504692E-18	3.008622E-19
4.290000E+03	2.520931E-18	3.021444E-19
4.300000E+03	2.537398E-18	3.034359E-19
4.310000E+03	2.554108E-18	3.047382E-19
4.320000E+03	2.570979E-18	3.060409E-19
4.330000E+03	2.588026E-18	3.073454E-19
4.340000E+03	2.605205E-18	3.086462E-19
4.350000E+03	2.622472E-18	3.099375E-19
4.360000E+03	2.639822E-18	3.112187E-19
4.370000E+03	2.657230E-18	3.124865E-19
4.380000E+03	2.674712E-18	3.137429E-19
4.390000E+03	2.692224E-18	3.149824E-19
4.400000E+03	2.709805E-18	3.162096E-19
4.410000E+03	2.727454E-18	3.174245E-19
4.420000E+03	2.745170E-18	3.186269E-19
4.430000E+03	2.762952E-18	3.198171E-19
4.440000E+03	2.780824E-18	3.209978E-19
4.450000E+03	2.798765E-18	3.221669E-19
4.460000E+03	2.816800E-18	3.233278E-19
4.470000E+03	2.834933E-18	3.244813E-19
4.480000E+03	2.853168E-18	3.256282E-19
4.490000E+03	2.871488E-18	3.267673E-19
4.500000E+03	2.889898E-18	3.278997E-19
4.510000E+03	2.908381E-18	3.290243E-19
4.520000E+03	2.926969E-18	3.301454E-19
4.530000E+03	2.945622E-18	3.312594E-19
4.540000E+03	2.964348E-18	3.323680E-19
4.550000E+03	2.983159E-18	3.334735E-19
4.560000E+03	3.002015E-18	3.345724E-19
4.570000E+03	3.020952E-18	3.356698E-19
4.580000E+03	3.039934E-18	3.367623E-19
4.590000E+03	3.058972E-18	3.378525E-19
4.600000E+03	3.078030E-18	3.389370E-19
4.610000E+03	3.097148E-18	3.400214E-19
4.620000E+03	3.116318E-18	3.411053E-19
4.630000E+03	3.135503E-18	3.421855E-19
4.640000E+03	3.154722E-18	3.432647E-19
4.650000E+03	3.173993E-18	3.443455E-19
4.660000E+03	3.193311E-18	3.454278E-19
4.670000E+03	3.212641E-18	3.465081E-19
4.680000E+03	3.232064E-18	3.475954E-19
4.690000E+03	3.251605E-18	3.486925E-19
4.700000E+03	3.271234E-18	3.497960E-19
4.710000E+03	3.290978E-18	3.509090E-19
4.720000E+03	3.310867E-18	3.520345E-19
4.730000E+03	3.330843E-18	3.531658E-19
4.740000E+03	3.350936E-18	3.543061E-19
4.750000E+03	3.371117E-18	3.554521E-19
4.760000E+03	3.391419E-18	3.566068E-19
4.770000E+03	3.411845E-18	3.577703E-19
4.780000E+03	3.432367E-18	3.589394E-19
4.790000E+03	3.453020E-18	3.601176E-19
4.800000E+03	3.473776E-18	3.613020E-19
4.810000E+03	3.494673E-18	3.624960E-19
4.820000E+03	3.515682E-18	3.636971E-19
4.830000E+03	3.536810E-18	3.649056E-19
4.840000E+03	3.558061E-18	3.661225E-19
4.850000E+03	3.579475E-18	3.673518E-19
4.860000E+03	3.601024E-18	3.685911E-19
4.870000E+03	3.622714E-18	3.698414E-19
4.880000E+03	3.644518E-18	3.711004E-19
4.890000E+03	3.666510E-18	3.723760E-19
4.900000E+03	3.688662E-18	3.736660E-19
4.910000E+03	3.710980E-18	3.749716E-19
4.920000E+03	3.733435E-18	3.762903E-19
4.930000E+03	3.756068E-18	3.776269E-19
4.940000E+03	3.778848E-18	3.789788E-19
4.950000E+03	3.801781E-18	3.803471E-19
4.960000E+03	3.824907E-18	3.817362E-19
4.970000E+03	3.848193E-18	3.831434E-19
4.980000E+03	3.871645E-18	3.845695E-19
4.990000E+03	3.895227E-18	3.860113E-19
5.000000E+03	3.918980E-18	3.874731E-19
5.010000E+03	3.942904E-18	3.889553E-19
5.020000E+03	3.966964E-18	3.904545E-19
5.030000E+03	3.991161E-18	3.919709E-19
5.040000E+03	4.015492E-18	3.935048E-19
5.050000E+03	4.039919E-18	3.950524E-19
5.060000E+03	4.064478E-18	3.966178E-19
5.070000E+03	4.089166E-18	3.982011E-19
5.080000E+03	4.113901E-18	3.997948E-19
5.090000E+03	4.138718E-18	4.014030E-19
5.100000E+03	4.163609E-18	4.030263E-19
5.110000E+03	4.188529E-18	4.046611E-19
5.120000E+03	4.213469E-18	4.063083E-19
5.130000E+03	4.238420E-18	4.079686E-19
5.140000E+03	4.263372E-18	4.096434E-19
5.150000E+03	4.288273E-18	4.113298E-19
5.160000E+03	4.313151E-18	4.130337E-19
5.170000E+03	4.337910E-18	4.147489E-19
5.180000E+03	4.362576E-18	4.164815E-19
5.190000E+03	4.387091E-18	4.182301E-19
5.200000E+03	4.411437E-18	4.199973E-19
5.210000E+03	4.435596E-18	4.217860E-19
5.220000E+03	4.459549E-18	4.235996E-19
5.230000E+03	4.483187E-18	4.254333E-19
5.240000E+03	4.506577E-18	4.272989E-19
5.250000E+03	4.529652E-18	4.291961E-19
5.260000E+03	4.552388E-18	4.311290E-19
5.270000E+03	4.574717E-18	4.330972E-19
5.280000E+03	4.596613E-18	4.351048E-19
5.290000E+03	4.618052E-18	4.371558E-19
5.300000E+03	4.639008E-18	4.392543E-19
5.310000E+03	4.659454E-18	4.414042E-19
5.320000E+03	4.679319E-18	4.436049E-19
5.330000E+03	4.698671E-18	4.458687E-19
5.340000E+03	4.717390E-18	4.481902E-19
5.350000E+03	4.735452E-18	4.505725E-19
5.360000E+03	4.752928E-18	4.530273E-19
5.370000E+03	4.769699E-18	4.555481E-19
5.380000E+03	4.785838E-18	4.581460E-19
5.390000E+03	4.801278E-18	4.608181E-19
5.400000E+03	4.816047E-18	4.635705E-19
5.410000E+03	4.830078E-18	4.663993E-19
5.420000E+03	4.843452E-18	4.693144E-19
5.430000E+03	4.856105E-18	4.723109E-19
5.440000E+03	4.868072E-18	4.753934E-19
5.450000E+03	4.879245E-18	4.785514E-19
5.460000E+03	4.889660E-18	4.817882E-19
5.470000E+03	4.899260E-18	4.850973E-19
5.480000E+03	4.907989E-18	4.884713E-19
5.490000E+03	4.915887E-18	4.919125E-19
5.500000E+03	4.922853E-18	4.954079E-19
5.510000E+03	4.928832E-18	4.989488E-19
5.520000E+03	4.933822E-18	5.025311E-19
5.530000E+03	4.937723E-18	5.061404E-19
5.540000E+03	4.940584E-18	5.097772E-19
5.550000E+03	4.942257E-18	5.134209E-19
5.560000E+03	4.942846E-18	5.170769E-19
5.570000E+03	4.942305E-18	5.207348E-19
5.580000E+03	4.940590E-18	5.243839E-19
5.590000E+03	4.937708E-18	5.280188E-19
5.600000E+03	4.933669E-18	5.316343E-19
5.610000E+03	4.928432E-18	5.352195E-19
5.620000E+03	4.922110E-18	5.387802E-19
5.630000E+03	4.914616E-18	5.423004E-19
5.640000E+03	4.906065E-18	5.457863E-19
5.650000E+03	4.896372E-18	5.492220E-19
5.660000E+03	4.885655E-18	5.526144E-19
5.670000E+03	4.873934E-18	5.559592E-19
5.680000E+03	4.861178E-18	5.592465E-19
5.690000E+03	4.847459E-18	5.624784E-19
5.700000E+03	4.832800E-18	5.656510E-19
5.710000E+03	4.817276E-18	5.687668E-19
5.720000E+03	4.800912E-18	5.718226E-19
5.730000E+03	4.783685E-18	5.748090E-19
5.740000E+03	4.765723E-18	5.777350E-19
5.750000E+03	4.747057E-18	5.805978E-19
5.760000E+03	4.727666E-18	5.833883E-19
5.770000E+03	4.707632E-18	5.861097E-19
5.780000E+03	4.687039E-18	5.887657E-19
5.790000E+03	4.665922E-18	5.913534E-19
5.800000E+03	4.644264E-18	5.938639E-19
5.810000E+03	4.622153E-18	5.963009E-19
5.820000E+03	4.599675E-18	5.986682E-19
5.830000E+03	4.576869E-18	6.009634E-19
5.840000E+03	4.553722E-18	6.031774E-19
5.850000E+03	4.530325E-18	6.053146E-19
5.860000E+03	4.506717E-18	6.073725E-19
5.870000E+03	4.482986E-18	6.093558E-19
5.880000E+03	4.459174E-18	6.112625E-19
5.890000E+03	4.435271E-18	6.130843E-19
5.900000E+03	4.411366E-18	6.148264E-19
5.910000E+03	4.387451E-18	6.164804E-19
5.920000E+03	4.363712E-18	6.180660E-19
5.930000E+03	4.340040E-18	6.195618E-19
5.940000E+03	4.316524E-18	6.209741E-19
5.950000E+03	4.293250E-18	6.223096E-19
5.960000E+03	4.270205E-18	6.235615E-19
5.970000E+03	4.247426E-18	6.247301E-19
5.980000E+03	4.224995E-18	6.258232E-19
5.990000E+03	4.202898E-18	6.268346E-19
6.000000E+03	4.181214E-18	6.277729E-19
6.010000E+03	4.159878E-18	6.286250E-19
6.020000E+03	4.139017E-18	6.294072E-19
6.030000E+03	4.118560E-18	6.301071E-19
6.040000E+03	4.098632E-18	6.307416E-19
6.050000E+03	4.079112E-18	6.312909E-19
6.060000E+03	4.060121E-18	6.317725E-19
6.070000E+03	4.041632E-18	6.321817E-19
6.080000E+03	4.023665E-18	6.325216E-19
6.090000E+03	4.006144E-18	6.327800E-19
6.100000E+03	3.989181E-18	6.329751E-19
6.110000E+03	3.972648E-18	6.330872E-19
6.120000E+03	3.956656E-18	6.331349E-19
6.130000E+03	3.941072E-18	6.330981E-19
6.140000E+03	3.925907E-18	6.329800E-19
6.150000E+03	3.911122E-18	6.327757E-19
6.160000E+03	3.896725E-18	6.324881E-19
6.170000E+03	3.882576E-18	6.320967E-19
6.180000E+03	3.868678E-18	6.316038E-19
6.190000E+03	3.854986E-18	6.310039E-19
6.200000E+03	3.841498E-18	6.302995E-19
6.210000E+03	3.828214E-18	6.294925E-19
6.220000E+03	3.815227E-18	6.286014E-19
6.230000E+03	3.802680E-18	6.276524E-19
6.240000E+03	3.790619E-18	6.266562E-19
6.250000E+03	3.779137E-18	6.256315E-19
6.260000E+03	3.768329E-18	6.245972E-19
6.270000E+03	3.758239E-18	6.235643E-19
6.280000E+03	3.748964E-18	6.225519E-19
6.290000E+03	3.740549E-18	6.215711E-19
6.300000E+03	3.733041E-18	6.206329E-19
6.310000E+03	3.726538E-18	6.197571E-19
6.320000E+03	3.721038E-18	6.189465E-19
6.330000E+03	3.716642E-18	6.182210E-19
6.340000E+03	3.713297E-18	6.175750E-19
6.350000E+03	3.711057E-18	6.170199E-19
6.360000E+03	3.709919E-18	6.165584E-19
6.370000E+03	3.709939E-18	6.162022E-19
6.380000E+03	3.711065E-18	6.159452E-19
6.390000E+03	3.713299E-18	6.157901E-19
6.400000E+03	3.716589E-18	6.157306E-19
6.410000E+03	3.720828E-18	6.157512E-19
6.420000E+03	3.725961E-18	6.158448E-19
6.430000E+03	3.731986E-18	6.160131E-19
6.440000E+03	3.738902E-18	6.162579E-19
6.450000E+03	3.746707E-18	6.165806E-19
6.460000E+03	3.755455E-18	6.169921E-19
6.470000E+03	3.765203E-18	6.175032E-19
6.480000E+03	3.775953E-18	6.181157E-19
6.490000E+03	3.787649E-18	6.188220E-19
6.500000E+03	3.800410E-18	6.196424E-19
6.510000E+03	3.814239E-18	6.205789E-19
6.520000E+03	3.829083E-18	6.216237E-19
6.530000E+03	3.845005E-18	6.227882E-19
6.540000E+03	3.862012E-18	6.240740E-19
6.550000E+03	3.880048E-18	6.254732E-19
6.560000E+03	3.899119E-18	6.269873E-19
6.570000E+03	3.919356E-18	6.286379E-19
6.580000E+03	3.940579E-18	6.303966E-19
6.590000E+03	3.962920E-18	6.322852E-19
6.600000E+03	3.986389E-18	6.343054E-19
6.610000E+03	4.010864E-18	6.364383E-19
6.620000E+03	4.036484E-18	6.387059E-19
6.630000E+03	4.063125E-18	6.410890E-19
6.640000E+03	4.090930E-18	6.436100E-19
6.650000E+03	4.119772E-18	6.462493E-19
6.660000E+03	4.149729E-18	6.490190E-19
6.670000E+03	4.180812E-18	6.519204E-19
6.680000E+03	4.212958E-18	6.549442E-19
6.690000E+03	4.246178E-18	6.580914E-19
6.700000E+03	4.280552E-18	6.613745E-19
6.710000E+03	4.316020E-18	6.647838E-19
6.720000E+03	4.352590E-18	6.683204E-19
6.730000E+03	4.390272E-18	6.719856E-19
6.740000E+03	4.429078E-18	6.757805E-19
6.750000E+03	4.469017E-18	6.797063E-19
6.760000E+03	4.510102E-18	6.837644E-19
6.770000E+03	4.552262E-18	6.879437E-19
6.780000E+03	4.595588E-18	6.922574E-19
6.790000E+03	4.640093E-18	6.967067E-19
6.800000E+03	4.685704E-18	7.012804E-19
6.810000E+03	4.732517E-18	7.059920E-19
6.820000E+03	4.780458E-18	7.108299E-19
6.830000E+03	4.829536E-18	7.157949E-19
6.840000E+03	4.879762E-18	7.208879E-19
6.850000E+03	4.931146E-18	7.261097E-19
6.860000E+03	4.983789E-18	7.314746E-19
6.870000E+03	5.037521E-18	7.369566E-19
6.880000E+03	5.092441E-18	7.425699E-19
6.890000E+03	5.148560E-18	7.483153E-19
6.900000E+03	5.205793E-18	7.541795E-19
6.910000E+03	5.264244E-18	7.601770E-19
6.920000E+03	5.323924E-18	7.663087E-19
6.930000E+03	5.384741E-18	7.725607E-19
6.940000E+03	5.446704E-18	7.789332E-19
6.950000E+03	5.509921E-18	7.854416E-19
6.960000E+03	5.574299E-18	7.920713E-19
6.970000E+03	5.639842E-18	7.988226E-19
6.980000E+03	5.706556E-18	8.056956E-19
6.990000E+03	5.774448E-18	8.126905E-19
7.000000E+03	5.843408E-18	8.197915E-19
7.010000E+03	5.913668E-18	8.270303E-19
7.020000E+03	5.985003E-18	8.343750E-19
7.030000E+03	6.057531E-18	8.418414E-19
7.040000E+03	6.131136E-18	8.494130E-19
7.050000E+03	6.205815E-18	8.570889E-19
7.060000E+03	6.281692E-18	8.648859E-19
7.070000E+03	6.358643E-18	8.727863E-19
7.080000E+03	6.436536E-18	8.807718E-19
7.090000E+03	6.515622E-18	8.888767E-19
7.100000E+03	6.595771E-18	8.970829E-19
7.110000E+03	6.676842E-18	9.053710E-19
7.120000E+03	6.758962E-18	9.137583E-19
7.130000E+03	6.841983E-18	9.222249E-19
7.140000E+03	6.926035E-18	9.307885E-19
7.150000E+03	7.010966E-18	9.394288E-19
7.160000E+03	7.096907E-18	9.481637E-19
7.170000E+03	7.183552E-18	9.569529E-19
7.180000E+03	7.271028E-18	9.658141E-19
7.190000E+03	7.359471E-18	9.747660E-19
7.200000E+03	7.448557E-18	9.837666E-19
7.210000E+03	7.538260E-18	9.928138E-19
7.220000E+03	7.628712E-18	1.001926E-18
7.230000E+03	7.719892E-18	1.011103E-18
7.240000E+03	7.811612E-18	1.020321E-18
7.250000E+03	7.904008E-18	1.029599E-18
7.260000E+03	7.996886E-18	1.038915E-18
7.270000E+03	8.090211E-18	1.048267E-18
7.280000E+03	8.184127E-18	1.057675E-18
7.290000E+03	8.278426E-18	1.067116E-18
7.300000E+03	8.373255E-18	1.076612E-18
7.310000E+03	8.468399E-18	1.086137E-18
7.320000E+03	8.563821E-18	1.095691E-18
7.330000E+03	8.659864E-18	1.105321E-18
7.340000E+03	8.756117E-18	1.114978E-18
7.350000E+03	8.852934E-18	1.124711E-18
7.360000E+03	8.950091E-18	1.134495E-18
7.370000E+03	9.047761E-18	1.144356E-18
7.380000E+03	9.146123E-18	1.154319E-18
7.390000E+03	9.244956E-18	1.164361E-18
7.400000E+03	9.344659E-18	1.174535E-18
7.410000E+03	9.445227E-18	1.184844E-18
7.420000E+03	9.546874E-18	1.195318E-18
7.430000E+03	9.649605E-18	1.205959E-18
7.440000E+03	9.753424E-18	1.216770E-18
7.450000E+03	9.858567E-18	1.227782E-18
7.460000E+03	9.964586E-18	1.238942E-18
7.470000E+03	1.007148E-17	1.250250E-18
7.480000E+03	1.017900E-17	1.261676E-18
7.490000E+03	1.028738E-17	1.273250E-18
7.500000E+03	1.039638E-17	1.284939E-18
7.510000E+03	1.050572E-17	1.296711E-18
7.520000E+03	1.061538E-17	1.308561E-18
7.530000E+03	1.072534E-17	1.320484E-18
7.540000E+03	1.083532E-17	1.332442E-18
7.550000E+03	1.094553E-17	1.344460E-18
7.560000E+03	1.105542E-17	1.356465E-18
7.570000E+03	1.116547E-17	1.368513E-18
7.580000E+03	1.127538E-17	1.380562E-18
7.590000E+03	1.138510E-17	1.392604E-18
7.600000E+03	1.149431E-17	1.404593E-18
7.610000E+03	1.160322E-17	1.416553E-18
7.620000E+03	1.171180E-17	1.428472E-18
7.630000E+03	1.181997E-17	1.440341E-18
7.640000E+03	1.192740E-17	1.452113E-18
7.650000E+03	1.203430E-17	1.463811E-18
7.660000E+03	1.214031E-17	1.475389E-18
7.670000E+03	1.224598E-17	1.486909E-18
7.680000E+03	1.235030E-17	1.498249E-18
7.690000E+03	1.245413E-17	1.509510E-18
7.700000E+03	1.255708E-17	1.520644E-18
7.710000E+03	1.265877E-17	1.531603E-18
7.720000E+03	1.275942E-17	1.542415E-18
7.730000E+03	1.285896E-17	1.553071E-18
7.740000E+03	1.295729E-17	1.563560E-18
7.750000E+03	1.305435E-17	1.573874E-18
7.760000E+03	1.315037E-17	1.584044E-18
7.770000E+03	1.324461E-17	1.593980E-18
7.780000E+03	1.333765E-17	1.603755E-18
7.790000E+03	1.342943E-17	1.613363E-18
7.800000E+03	1.351916E-17	1.622710E-18
7.810000E+03	1.360783E-17	1.631916E-18
7.820000E+03	1.369499E-17	1.640933E-18
7.830000E+03	1.378023E-17	1.649709E-18
7.840000E+03	1.386421E-17	1.658326E-18
7.850000E+03	1.394649E-17	1.666735E-18
7.860000E+03	1.402739E-17	1.674973E-18
7.870000E+03	1.410686E-17	1.683038E-18
7.880000E+03	1.418525E-17	1.690970E-18
7.890000E+03	1.426213E-17	1.698722E-18
7.900000E+03	1.433788E-17	1.706336E-18
7.910000E+03	1.441285E-17	1.713858E-18
7.920000E+03	1.448665E-17	1.721241E-18
7.930000E+03	1.456008E-17	1.728579E-18
7.940000E+03	1.463314E-17	1.735873E-18
7.950000E+03	1.470628E-17	1.743176E-18
7.960000E+03	1.477993E-17	1.750540E-18
7.970000E+03	1.485332E-17	1.757872E-18
7.980000E+03	1.492733E-17	1.765275E-18
7.990000E+03	1.500159E-17	1.772706E-18
8.000000E+03	1.507617E-17	1.780172E-18
8.010000E+03	1.515028E-17	1.787578E-18
8.020000E+03	1.522397E-17	1.794931E-18
8.030000E+03	1.529731E-17	1.802237E-18
8.040000E+03	1.536992E-17	1.809452E-18
8.050000E+03	1.544187E-17	1.816582E-18
8.060000E+03	1.551324E-17	1.823635E-18
8.070000E+03	1.558321E-17	1.830516E-18
8.080000E+03	1.565275E-17	1.837335E-18
8.090000E+03	1.572105E-17	1.843997E-18
8.100000E+03	1.578864E-17	1.850564E-18
8.110000E+03	1.585517E-17	1.856992E-18
8.120000E+03	1.592072E-17	1.863291E-18
8.130000E+03	1.598495E-17	1.869417E-18
8.140000E+03	1.604887E-17	1.875488E-18
8.150000E+03	1.611168E-17	1.881408E-18
8.160000E+03	1.617394E-17	1.887242E-18
8.170000E+03	1.623532E-17	1.892948E-18
8.180000E+03	1.629592E-17	1.898537E-18
8.190000E+03	1.635635E-17	1.904076E-18
8.200000E+03	1.641627E-17	1.909523E-18
8.210000E+03	1.647532E-17	1.914835E-18
8.220000E+03	1.653460E-17	1.920135E-18
8.230000E+03	1.659376E-17	1.925382E-18
8.240000E+03	1.665294E-17	1.930588E-18
8.250000E+03	1.671180E-17	1.935710E-18
8.260000E+03	1.677095E-17	1.940817E-18
8.270000E+03	1.683054E-17	1.945922E-18
8.280000E+03	1.689022E-17	1.950981E-18
8.290000E+03	1.695062E-17	1.956063E-18
8.300000E+03	1.701188E-17	1.961181E-18
8.310000E+03	1.707364E-17	1.966290E-18
8.320000E+03	1.713603E-17	1.971400E-18
8.330000E+03	1.719969E-17	1.976582E-18
8.340000E+03	1.726424E-17	1.981786E-18
8.350000E+03	1.733032E-17	1.987083E-18
8.360000E+03	1.739754E-17	1.992423E-18
8.370000E+03	1.746602E-17	1.997815E-18
8.380000E+03	1.753587E-17	2.003267E-18
8.390000E+03	1.760720E-17	2.008786E-18
8.400000E+03	1.768011E-17	2.014378E-18
8.410000E+03	1.775522E-17	2.020109E-18
8.420000E+03	1.783157E-17	2.025864E-18
8.430000E+03	1.790978E-17	2.031706E-18
8.440000E+03	1.798992E-17	2.037638E-18
8.450000E+03	1.807206E-17	2.043662E-18
8.460000E+03	1.815627E-17	2.049778E-18
8.470000E+03	1.824260E-17	2.055987E-18
8.480000E+03	1.833056E-17	2.062224E-18
8.490000E+03	1.842072E-17	2.068548E-18
8.500000E+03	1.851258E-17	2.074894E-18
8.510000E+03	1.860670E-17	2.081319E-18
8.520000E+03	1.870253E-17	2.087754E-18
8.530000E+03	1.880066E-17	2.094254E-18
8.540000E+03	1.890050E-17	2.100749E-18
8.550000E+03	1.900203E-17	2.107229E-18
8.560000E+03	1.910582E-17	2.113748E-18
8.570000E+03	1.921066E-17	2.120166E-18
8.580000E+03	1.931766E-17	2.126600E-18
8.590000E+03	1.942620E-17	2.132974E-18
8.600000E+03	1.953620E-17	2.139273E-18
8.610000E+03	1.964698E-17	2.145420E-18
8.620000E+03	1.975964E-17	2.151532E-18
8.630000E+03	1.987288E-17	2.157464E-18
8.640000E+03	1.998718E-17	2.163268E-18
8.650000E+03	2.010179E-17	2.168863E-18
8.660000E+03	2.021782E-17	2.174374E-18
8.670000E+03	2.033321E-17	2.179585E-18
8.680000E+03	2.044907E-17	2.184622E-18
8.690000E+03	2.056455E-17	2.189407E-18
8.700000E+03	2.068012E-17	2.194004E-18
8.710000E+03	2.079423E-17	2.198268E-18
8.720000E+03	2.090798E-17	2.202337E-18
8.730000E+03	2.102046E-17	2.206143E-18
8.740000E+03	2.113141E-17	2.209689E-18
8.750000E+03	2.123987E-17	2.212911E-18
8.760000E+03	2.134623E-17	2.215892E-18
8.770000E+03	2.145019E-17	2.218646E-18
8.780000E+03	2.155074E-17	2.221121E-18
8.790000E+03	2.164827E-17	2.223410E-18
8.800000E+03	2.174172E-17	2.225468E-18
8.810000E+03	2.183149E-17	2.227399E-18
8.820000E+03	2.191577E-17	2.229087E-18
8.830000E+03	2.199567E-17	2.230717E-18
8.840000E+03	2.206938E-17	2.232177E-18
8.850000E+03	2.213802E-17	2.233655E-18
8.860000E+03	2.219977E-17	2.235040E-18
8.870000E+03	2.225656E-17	2.236598E-18
8.880000E+03	2.230660E-17	2.238211E-18
8.890000E+03	2.235036E-17	2.239990E-18
8.900000E+03	2.238761E-17	2.241959E-18
8.910000E+03	2.241892E-17	2.244217E-18
8.920000E+03	2.244417E-17	2.246775E-18
8.930000E+03	2.246248E-17	2.249553E-18
8.940000E+03	2.247543E-17	2.252695E-18
8.950000E+03	2.248148E-17	2.256019E-18
8.960000E+03	2.248231E-17	2.259654E-18
8.970000E+03	2.247725E-17	2.263483E-18
8.980000E+03	2.246725E-17	2.267545E-18
8.990000E+03	2.245166E-17	2.271713E-18
9.000000E+03	2.243232E-17	2.276108E-18
9.040000E+03	2.230905E-17	2.293760E-18
9.080000E+03	2.213434E-17	2.310729E-18
9.120000E+03	2.192613E-17	2.325492E-18
9.160000E+03	2.170309E-17	2.337685E-18
9.200000E+03	2.148054E-17	2.347592E-18
9.240000E+03	2.127193E-17	2.356040E-18
9.280000E+03	2.108787E-17	2.364024E-18
9.320000E+03	2.093512E-17	2.372375E-18
9.360000E+03	2.082061E-17	2.382103E-18
9.400000E+03	2.074562E-17	2.393685E-18
9.440000E+03	2.071317E-17	2.407897E-18
9.480000E+03	2.072094E-17	2.424999E-18
9.520000E+03	2.076920E-17	2.445645E-18
9.560000E+03	2.085435E-17	2.470131E-18
9.600000E+03	2.097369E-17	2.498968E-18
9.640000E+03	2.112441E-17	2.532850E-18
9.680000E+03	2.130373E-17	2.572809E-18
9.720000E+03	2.150752E-17	2.620249E-18
9.760000E+03	2.173303E-17	2.677535E-18
9.800000E+03	2.197450E-17	2.747692E-18
9.840000E+03	2.222906E-17	2.835282E-18
9.880000E+03	2.249391E-17	2.946036E-18
9.920000E+03	2.276082E-17	3.085793E-18
9.960000E+03	2.302818E-17	3.261404E-18
1.000000E+04	2.329069E-17	3.478498E-18
1.004000E+04	2.354076E-17	3.740647E-18
1.008000E+04	2.377460E-17	4.049586E-18
1.012000E+04	2.398652E-17	4.404134E-18
1.016000E+04	2.417333E-17	4.801124E-18
1.020000E+04	2.432776E-17	5.234686E-18
1.024000E+04	2.444507E-17	5.698017E-18
1.028000E+04	2.452602E-17	6.184841E-18
1.032000E+04	2.456734E-17	6.687750E-18
