#wls	flux	fluxerr
1.600000E+03	1.656527E-16	1.632669E-16
1.640000E+03	1.710882E-16	1.658526E-16
1.680000E+03	1.762957E-16	1.679770E-16
1.720000E+03	1.812264E-16	1.695997E-16
1.760000E+03	1.858086E-16	1.706628E-16
1.800000E+03	1.899832E-16	1.711259E-16
1.840000E+03	1.936700E-16	1.709352E-16
1.880000E+03	1.968205E-16	1.700711E-16
1.920000E+03	1.993662E-16	1.685024E-16
1.960000E+03	2.012220E-16	1.661908E-16
2.000000E+03	2.023372E-16	1.631342E-16
2.040000E+03	2.026330E-16	1.593142E-16
2.080000E+03	2.020389E-16	1.547271E-16
2.120000E+03	2.005239E-16	1.494068E-16
2.160000E+03	1.980010E-16	1.433513E-16
2.200000E+03	1.944099E-16	1.365871E-16
2.240000E+03	1.896861E-16	1.291453E-16
2.280000E+03	1.837331E-16	1.210441E-16
2.320000E+03	1.767461E-16	1.124977E-16
2.360000E+03	1.689279E-16	1.037098E-16
2.400000E+03	1.604382E-16	9.484133E-17
2.440000E+03	1.514126E-16	8.602584E-17
2.480000E+03	1.419832E-16	7.738260E-17
2.520000E+03	1.322721E-16	6.901336E-17
2.560000E+03	1.223894E-16	6.100185E-17
2.600000E+03	1.124523E-16	5.342389E-17
2.640000E+03	1.025718E-16	4.634025E-17
2.680000E+03	9.285354E-17	3.979743E-17
2.720000E+03	8.339764E-17	3.382799E-17
2.760000E+03	7.430216E-17	2.845257E-17
2.800000E+03	6.564541E-17	2.367370E-17
2.840000E+03	5.750002E-17	1.948311E-17
2.880000E+03	4.993254E-17	1.586247E-17
2.920000E+03	4.299593E-17	1.278242E-17
2.960000E+03	3.672972E-17	1.020471E-17
3.000000E+03	3.115135E-17	8.082173E-18
3.010000E+03	2.986374E-17	7.616409E-18
3.020000E+03	2.861843E-17	7.174868E-18
3.030000E+03	2.741547E-17	6.756780E-18
3.040000E+03	2.625418E-17	6.361200E-18
3.050000E+03	2.513385E-17	5.987199E-18
3.060000E+03	2.405425E-17	5.633987E-18
3.070000E+03	2.301408E-17	5.300529E-18
3.080000E+03	2.201348E-17	4.986160E-18
3.090000E+03	2.105109E-17	4.689883E-18
3.100000E+03	2.012645E-17	4.410932E-18
3.110000E+03	1.923861E-17	4.148457E-18
3.120000E+03	1.838698E-17	3.901711E-18
3.130000E+03	1.757056E-17	3.669878E-18
3.140000E+03	1.678834E-17	3.452172E-18
3.150000E+03	1.603961E-17	3.247898E-18
3.160000E+03	1.532303E-17	3.056257E-18
3.170000E+03	1.463815E-17	2.876656E-18
3.180000E+03	1.398364E-17	2.708352E-18
3.190000E+03	1.335871E-17	2.550737E-18
3.200000E+03	1.276233E-17	2.403181E-18
3.210000E+03	1.219344E-17	2.265079E-18
3.220000E+03	1.165125E-17	2.135895E-18
3.230000E+03	1.113472E-17	2.015077E-18
3.240000E+03	1.064266E-17	1.902069E-18
3.250000E+03	1.017463E-17	1.796471E-18
3.260000E+03	9.729120E-18	1.697719E-18
3.270000E+03	9.305676E-18	1.605454E-18
3.280000E+03	8.903052E-18	1.519200E-18
3.290000E+03	8.520494E-18	1.438588E-18
3.300000E+03	8.157240E-18	1.363265E-18
3.310000E+03	7.812181E-18	1.292837E-18
3.320000E+03	7.484729E-18	1.227016E-18
3.330000E+03	7.174064E-18	1.165490E-18
3.340000E+03	6.879301E-18	1.107953E-18
3.350000E+03	6.599696E-18	1.054134E-18
3.360000E+03	6.334534E-18	1.003782E-18
3.370000E+03	6.083208E-18	9.566765E-19
3.380000E+03	5.844888E-18	9.125703E-19
3.390000E+03	5.619099E-18	8.712850E-19
3.400000E+03	5.405083E-18	8.326069E-19
3.410000E+03	5.202267E-18	7.963610E-19
3.420000E+03	5.010168E-18	7.623942E-19
3.430000E+03	4.828073E-18	7.305260E-19
3.440000E+03	4.655612E-18	7.006360E-19
3.450000E+03	4.492255E-18	6.725848E-19
3.460000E+03	4.337398E-18	6.462292E-19
3.470000E+03	4.190734E-18	6.214753E-19
3.480000E+03	4.051719E-18	5.981992E-19
3.490000E+03	3.919991E-18	5.763084E-19
3.500000E+03	3.795158E-18	5.557102E-19
3.510000E+03	3.676732E-18	5.363015E-19
3.520000E+03	3.564422E-18	5.180115E-19
3.530000E+03	3.457837E-18	5.007583E-19
3.540000E+03	3.356619E-18	4.844668E-19
3.550000E+03	3.260468E-18	4.690737E-19
3.560000E+03	3.169041E-18	4.545113E-19
3.570000E+03	3.082054E-18	4.407224E-19
3.580000E+03	2.999212E-18	4.276504E-19
3.590000E+03	2.920302E-18	4.152517E-19
3.600000E+03	2.845093E-18	4.034819E-19
3.610000E+03	2.773345E-18	3.922963E-19
3.620000E+03	2.704885E-18	3.816611E-19
3.630000E+03	2.639550E-18	3.715446E-19
3.640000E+03	2.577134E-18	3.619107E-19
3.650000E+03	2.517564E-18	3.527420E-19
3.660000E+03	2.460650E-18	3.440058E-19
3.670000E+03	2.406302E-18	3.356839E-19
3.680000E+03	2.354410E-18	3.277558E-19
3.690000E+03	2.304866E-18	3.202020E-19
3.700000E+03	2.257586E-18	3.130067E-19
3.710000E+03	2.212507E-18	3.061572E-19
3.720000E+03	2.169489E-18	2.996308E-19
3.730000E+03	2.128510E-18	2.934213E-19
3.740000E+03	2.089455E-18	2.875098E-19
3.750000E+03	2.052267E-18	2.818859E-19
3.760000E+03	2.016888E-18	2.765390E-19
3.770000E+03	1.983213E-18	2.714525E-19
3.780000E+03	1.951222E-18	2.666215E-19
3.790000E+03	1.920829E-18	2.620322E-19
3.800000E+03	1.891983E-18	2.576760E-19
3.810000E+03	1.864621E-18	2.535423E-19
3.820000E+03	1.838694E-18	2.496230E-19
3.830000E+03	1.814142E-18	2.459084E-19
3.840000E+03	1.790921E-18	2.423912E-19
3.850000E+03	1.768974E-18	2.390621E-19
3.860000E+03	1.748274E-18	2.359165E-19
3.870000E+03	1.728768E-18	2.329457E-19
3.880000E+03	1.710405E-18	2.301418E-19
3.890000E+03	1.693147E-18	2.274988E-19
3.900000E+03	1.676949E-18	2.250093E-19
3.910000E+03	1.661789E-18	2.226696E-19
3.920000E+03	1.647623E-18	2.204727E-19
3.930000E+03	1.634421E-18	2.184138E-19
3.940000E+03	1.622141E-18	2.164863E-19
3.950000E+03	1.610743E-18	2.146840E-19
3.960000E+03	1.600225E-18	2.130061E-19
3.970000E+03	1.590525E-18	2.114434E-19
3.980000E+03	1.581633E-18	2.099937E-19
3.990000E+03	1.573512E-18	2.086515E-19
4.000000E+03	1.566141E-18	2.074134E-19
4.010000E+03	1.559500E-18	2.062760E-19
4.020000E+03	1.553545E-18	2.052327E-19
4.030000E+03	1.548269E-18	2.042822E-19
4.040000E+03	1.543642E-18	2.034199E-19
4.050000E+03	1.539649E-18	2.026431E-19
4.060000E+03	1.536261E-18	2.019474E-19
4.070000E+03	1.533451E-18	2.013289E-19
4.080000E+03	1.531217E-18	2.007866E-19
4.090000E+03	1.529522E-18	2.003153E-19
4.100000E+03	1.528353E-18	1.999127E-19
4.110000E+03	1.527699E-18	1.995769E-19
4.120000E+03	1.527523E-18	1.993027E-19
4.130000E+03	1.527829E-18	1.990900E-19
4.140000E+03	1.528581E-18	1.989339E-19
4.150000E+03	1.529771E-18	1.988328E-19
4.160000E+03	1.531389E-18	1.987850E-19
4.170000E+03	1.533405E-18	1.987862E-19
4.180000E+03	1.535821E-18	1.988365E-19
4.190000E+03	1.538596E-18	1.989299E-19
4.200000E+03	1.541746E-18	1.990684E-19
4.210000E+03	1.545229E-18	1.992461E-19
4.220000E+03	1.549040E-18	1.994621E-19
4.230000E+03	1.553161E-18	1.997137E-19
4.240000E+03	1.557586E-18	2.000001E-19
4.250000E+03	1.562276E-18	2.003158E-19
4.260000E+03	1.567237E-18	2.006614E-19
4.270000E+03	1.572441E-18	2.010332E-19
4.280000E+03	1.577860E-18	2.014272E-19
4.290000E+03	1.583490E-18	2.018429E-19
4.300000E+03	1.589315E-18	2.022781E-19
4.310000E+03	1.595294E-18	2.027274E-19
4.320000E+03	1.601411E-18	2.031886E-19
4.330000E+03	1.607650E-18	2.036598E-19
4.340000E+03	1.613995E-18	2.041388E-19
4.350000E+03	1.620431E-18	2.046235E-19
4.360000E+03	1.626953E-18	2.051136E-19
4.370000E+03	1.633547E-18	2.056070E-19
4.380000E+03	1.640196E-18	2.061018E-19
4.390000E+03	1.646925E-18	2.066011E-19
4.400000E+03	1.653719E-18	2.071030E-19
4.410000E+03	1.660576E-18	2.076075E-19
4.420000E+03	1.667510E-18	2.081161E-19
4.430000E+03	1.674521E-18	2.086290E-19
4.440000E+03	1.681596E-18	2.091447E-19
4.450000E+03	1.688749E-18	2.096651E-19
4.460000E+03	1.695970E-18	2.101888E-19
4.470000E+03	1.703261E-18	2.107162E-19
4.480000E+03	1.710625E-18	2.112480E-19
4.490000E+03	1.718039E-18	2.117811E-19
4.500000E+03	1.725521E-18	2.123182E-19
4.510000E+03	1.733062E-18	2.128581E-19
4.520000E+03	1.740654E-18	2.134001E-19
4.530000E+03	1.748304E-18	2.139450E-19
4.540000E+03	1.755991E-18	2.144905E-19
4.550000E+03	1.763723E-18	2.150375E-19
4.560000E+03	1.771508E-18	2.155874E-19
4.570000E+03	1.779342E-18	2.161396E-19
4.580000E+03	1.787205E-18	2.166919E-19
4.590000E+03	1.795109E-18	2.172456E-19
4.600000E+03	1.803049E-18	2.178005E-19
4.610000E+03	1.811025E-18	2.183563E-19
4.620000E+03	1.819048E-18	2.189146E-19
4.630000E+03	1.827102E-18	2.194733E-19
4.640000E+03	1.835203E-18	2.200342E-19
4.650000E+03	1.843348E-18	2.205971E-19
4.660000E+03	1.851540E-18	2.211619E-19
4.670000E+03	1.859779E-18	2.217287E-19
4.680000E+03	1.868066E-18	2.222972E-19
4.690000E+03	1.876402E-18	2.228675E-19
4.700000E+03	1.884824E-18	2.234436E-19
4.710000E+03	1.893335E-18	2.240255E-19
4.720000E+03	1.901938E-18	2.246133E-19
4.730000E+03	1.910672E-18	2.252113E-19
4.740000E+03	1.919526E-18	2.258175E-19
4.750000E+03	1.928503E-18	2.264323E-19
4.760000E+03	1.937629E-18	2.270581E-19
4.770000E+03	1.946909E-18	2.276952E-19
4.780000E+03	1.956333E-18	2.283420E-19
4.790000E+03	1.965925E-18	2.290011E-19
4.800000E+03	1.975693E-18	2.296731E-19
4.810000E+03	1.985627E-18	2.303566E-19
4.820000E+03	1.995752E-18	2.310543E-19
4.830000E+03	2.006079E-18	2.317672E-19
4.840000E+03	2.016615E-18	2.324961E-19
4.850000E+03	2.027369E-18	2.332421E-19
4.860000E+03	2.038332E-18	2.340040E-19
4.870000E+03	2.049551E-18	2.347874E-19
4.880000E+03	2.060998E-18	2.355891E-19
4.890000E+03	2.072682E-18	2.364104E-19
4.900000E+03	2.084633E-18	2.372547E-19
4.910000E+03	2.096860E-18	2.381235E-19
4.920000E+03	2.109374E-18	2.390182E-19
4.930000E+03	2.122146E-18	2.399356E-19
4.940000E+03	2.135225E-18	2.408816E-19
4.950000E+03	2.148601E-18	2.418554E-19
4.960000E+03	2.162284E-18	2.428583E-19
4.970000E+03	2.176284E-18	2.438917E-19
4.980000E+03	2.190611E-18	2.449569E-19
4.990000E+03	2.205254E-18	2.460527E-19
5.000000E+03	2.220221E-18	2.471804E-19
5.010000E+03	2.235542E-18	2.483435E-19
5.020000E+03	2.251206E-18	2.495407E-19
5.030000E+03	2.267199E-18	2.507707E-19
5.040000E+03	2.283572E-18	2.520393E-19
5.050000E+03	2.300269E-18	2.533404E-19
5.060000E+03	2.317339E-18	2.546798E-19
5.070000E+03	2.334790E-18	2.560586E-19
5.080000E+03	2.352562E-18	2.574703E-19
5.090000E+03	2.370727E-18	2.589237E-19
5.100000E+03	2.389247E-18	2.604148E-19
5.110000E+03	2.408127E-18	2.619449E-19
5.120000E+03	2.427394E-18	2.635179E-19
5.130000E+03	2.447005E-18	2.651303E-19
5.140000E+03	2.466965E-18	2.667837E-19
5.150000E+03	2.487299E-18	2.684823E-19
5.160000E+03	2.507986E-18	2.702257E-19
5.170000E+03	2.529028E-18	2.720158E-19
5.180000E+03	2.550401E-18	2.738523E-19
5.190000E+03	2.572131E-18	2.757404E-19
5.200000E+03	2.594166E-18	2.776774E-19
5.210000E+03	2.616555E-18	2.796712E-19
5.220000E+03	2.639271E-18	2.817223E-19
5.230000E+03	2.662285E-18	2.838310E-19
5.240000E+03	2.685593E-18	2.860003E-19
5.250000E+03	2.709216E-18	2.882363E-19
5.260000E+03	2.733095E-18	2.905368E-19
5.270000E+03	2.757248E-18	2.929078E-19
5.280000E+03	2.781695E-18	2.953558E-19
5.290000E+03	2.806345E-18	2.978752E-19
5.300000E+03	2.831269E-18	3.004782E-19
5.310000E+03	2.856372E-18	3.031591E-19
5.320000E+03	2.881724E-18	3.059299E-19
5.330000E+03	2.907227E-18	3.087844E-19
5.340000E+03	2.932922E-18	3.117314E-19
5.350000E+03	2.958792E-18	3.147733E-19
5.360000E+03	2.984790E-18	3.179095E-19
5.370000E+03	3.010955E-18	3.211480E-19
5.380000E+03	3.037179E-18	3.244811E-19
5.390000E+03	3.063529E-18	3.279196E-19
5.400000E+03	3.089952E-18	3.314613E-19
5.410000E+03	3.116424E-18	3.351069E-19
5.420000E+03	3.142918E-18	3.388567E-19
5.430000E+03	3.169409E-18	3.427104E-19
5.440000E+03	3.195836E-18	3.466640E-19
5.450000E+03	3.222167E-18	3.507165E-19
5.460000E+03	3.248372E-18	3.548664E-19
5.470000E+03	3.274416E-18	3.591116E-19
5.480000E+03	3.300231E-18	3.634464E-19
5.490000E+03	3.325748E-18	3.678640E-19
5.500000E+03	3.350962E-18	3.723649E-19
5.510000E+03	3.375798E-18	3.769416E-19
5.520000E+03	3.400181E-18	3.815862E-19
5.530000E+03	3.424034E-18	3.862902E-19
5.540000E+03	3.447347E-18	3.910525E-19
5.550000E+03	3.470006E-18	3.958599E-19
5.560000E+03	3.491998E-18	4.007105E-19
5.570000E+03	3.513208E-18	4.055903E-19
5.580000E+03	3.533586E-18	4.104928E-19
5.590000E+03	3.553123E-18	4.154157E-19
5.600000E+03	3.571698E-18	4.203438E-19
5.610000E+03	3.589302E-18	4.252742E-19
5.620000E+03	3.605888E-18	4.301999E-19
5.630000E+03	3.621377E-18	4.351093E-19
5.640000E+03	3.635723E-18	4.399950E-19
5.650000E+03	3.648924E-18	4.448541E-19
5.660000E+03	3.660941E-18	4.496794E-19
5.670000E+03	3.671699E-18	4.544587E-19
5.680000E+03	3.681202E-18	4.591892E-19
5.690000E+03	3.689457E-18	4.638684E-19
5.700000E+03	3.696361E-18	4.684793E-19
5.710000E+03	3.701926E-18	4.730192E-19
5.720000E+03	3.706170E-18	4.774857E-19
5.730000E+03	3.709076E-18	4.818715E-19
5.740000E+03	3.710631E-18	4.861695E-19
5.750000E+03	3.710825E-18	4.903722E-19
5.760000E+03	3.709653E-18	4.944724E-19
5.770000E+03	3.707154E-18	4.984681E-19
5.780000E+03	3.703289E-18	5.023467E-19
5.790000E+03	3.698146E-18	5.061120E-19
5.800000E+03	3.691696E-18	5.097516E-19
5.810000E+03	3.683954E-18	5.132584E-19
5.820000E+03	3.675019E-18	5.166368E-19
5.830000E+03	3.664834E-18	5.198691E-19
5.840000E+03	3.653467E-18	5.229545E-19
5.850000E+03	3.640986E-18	5.258926E-19
5.860000E+03	3.627387E-18	5.286718E-19
5.870000E+03	3.612745E-18	5.312925E-19
5.880000E+03	3.597061E-18	5.337437E-19
5.890000E+03	3.580457E-18	5.360325E-19
5.900000E+03	3.562937E-18	5.381490E-19
5.910000E+03	3.544550E-18	5.400895E-19
5.920000E+03	3.525382E-18	5.418570E-19
5.930000E+03	3.505446E-18	5.434429E-19
5.940000E+03	3.484830E-18	5.448514E-19
5.950000E+03	3.463549E-18	5.460751E-19
5.960000E+03	3.441695E-18	5.471195E-19
5.970000E+03	3.419320E-18	5.479847E-19
5.980000E+03	3.396478E-18	5.486713E-19
5.990000E+03	3.373182E-18	5.491743E-19
6.000000E+03	3.349524E-18	5.495016E-19
6.010000E+03	3.325556E-18	5.496559E-19
6.020000E+03	3.301289E-18	5.496335E-19
6.030000E+03	3.276811E-18	5.494444E-19
6.040000E+03	3.252133E-18	5.490861E-19
6.050000E+03	3.227264E-18	5.485563E-19
6.060000E+03	3.202325E-18	5.478729E-19
6.070000E+03	3.177285E-18	5.470280E-19
6.080000E+03	3.152225E-18	5.460335E-19
6.090000E+03	3.127108E-18	5.448819E-19
6.100000E+03	3.102012E-18	5.435859E-19
6.110000E+03	3.076936E-18	5.421449E-19
6.120000E+03	3.051917E-18	5.405652E-19
6.130000E+03	3.026988E-18	5.388533E-19
6.140000E+03	3.002142E-18	5.370091E-19
6.150000E+03	2.977411E-18	5.350390E-19
6.160000E+03	2.952822E-18	5.329497E-19
6.170000E+03	2.928402E-18	5.307478E-19
6.180000E+03	2.904175E-18	5.284398E-19
6.190000E+03	2.880126E-18	5.260255E-19
6.200000E+03	2.856312E-18	5.235180E-19
6.210000E+03	2.832754E-18	5.209236E-19
6.220000E+03	2.809466E-18	5.182486E-19
6.230000E+03	2.786503E-18	5.155056E-19
6.240000E+03	2.763912E-18	5.127073E-19
6.250000E+03	2.741742E-18	5.098662E-19
6.260000E+03	2.720040E-18	5.069944E-19
6.270000E+03	2.698851E-18	5.041042E-19
6.280000E+03	2.678253E-18	5.012142E-19
6.290000E+03	2.658217E-18	4.983225E-19
6.300000E+03	2.638892E-18	4.954610E-19
6.310000E+03	2.620245E-18	4.926273E-19
6.320000E+03	2.602352E-18	4.898395E-19
6.330000E+03	2.585251E-18	4.871084E-19
6.340000E+03	2.568979E-18	4.844447E-19
6.350000E+03	2.553539E-18	4.818522E-19
6.360000E+03	2.538966E-18	4.793413E-19
6.370000E+03	2.525298E-18	4.769222E-19
6.380000E+03	2.512536E-18	4.745981E-19
6.390000E+03	2.500680E-18	4.723721E-19
6.400000E+03	2.489766E-18	4.702540E-19
6.410000E+03	2.479723E-18	4.682328E-19
6.420000E+03	2.470552E-18	4.663113E-19
6.430000E+03	2.462216E-18	4.644850E-19
6.440000E+03	2.454643E-18	4.627424E-19
6.450000E+03	2.447868E-18	4.610926E-19
6.460000E+03	2.441820E-18	4.595238E-19
6.470000E+03	2.436533E-18	4.580449E-19
6.480000E+03	2.432009E-18	4.566575E-19
6.490000E+03	2.428211E-18	4.553566E-19
6.500000E+03	2.425137E-18	4.541435E-19
6.510000E+03	2.422788E-18	4.530199E-19
6.520000E+03	2.421165E-18	4.519872E-19
6.530000E+03	2.420266E-18	4.510465E-19
6.540000E+03	2.420131E-18	4.502064E-19
6.550000E+03	2.420722E-18	4.494609E-19
6.560000E+03	2.422002E-18	4.488040E-19
6.570000E+03	2.424047E-18	4.482510E-19
6.580000E+03	2.426782E-18	4.477886E-19
6.590000E+03	2.430247E-18	4.474250E-19
6.600000E+03	2.434443E-18	4.471610E-19
6.610000E+03	2.439371E-18	4.469975E-19
6.620000E+03	2.445033E-18	4.469354E-19
6.630000E+03	2.451391E-18	4.469682E-19
6.640000E+03	2.458488E-18	4.471038E-19
6.650000E+03	2.466284E-18	4.473357E-19
6.660000E+03	2.474822E-18	4.476719E-19
6.670000E+03	2.484065E-18	4.481056E-19
6.680000E+03	2.494014E-18	4.486375E-19
6.690000E+03	2.504715E-18	4.492756E-19
6.700000E+03	2.516170E-18	4.500207E-19
6.710000E+03	2.528298E-18	4.508580E-19
6.720000E+03	2.541188E-18	4.518034E-19
6.730000E+03	2.554755E-18	4.528419E-19
6.740000E+03	2.569092E-18	4.539897E-19
6.750000E+03	2.584158E-18	4.552394E-19
6.760000E+03	2.599911E-18	4.565836E-19
6.770000E+03	2.616447E-18	4.580386E-19
6.780000E+03	2.633677E-18	4.595889E-19
6.790000E+03	2.651653E-18	4.612431E-19
6.800000E+03	2.670377E-18	4.630014E-19
6.810000E+03	2.689856E-18	4.648645E-19
6.820000E+03	2.710045E-18	4.668245E-19
6.830000E+03	2.730997E-18	4.688900E-19
6.840000E+03	2.752666E-18	4.710529E-19
6.850000E+03	2.775108E-18	4.733223E-19
6.860000E+03	2.798277E-18	4.756898E-19
6.870000E+03	2.822175E-18	4.781557E-19
6.880000E+03	2.846859E-18	4.807292E-19
6.890000E+03	2.872229E-18	4.833927E-19
6.900000E+03	2.898394E-18	4.861644E-19
6.910000E+03	2.925305E-18	4.890356E-19
6.920000E+03	2.952966E-18	4.920066E-19
6.930000E+03	2.981380E-18	4.950776E-19
6.940000E+03	3.010552E-18	4.982489E-19
6.950000E+03	3.040428E-18	5.015110E-19
6.960000E+03	3.071066E-18	5.048737E-19
6.970000E+03	3.102472E-18	5.083371E-19
6.980000E+03	3.134649E-18	5.119015E-19
6.990000E+03	3.167478E-18	5.155472E-19
7.000000E+03	3.201144E-18	5.193039E-19
7.010000E+03	3.235463E-18	5.231418E-19
7.020000E+03	3.270563E-18	5.270809E-19
7.030000E+03	3.306381E-18	5.311111E-19
7.040000E+03	3.342917E-18	5.352323E-19
7.050000E+03	3.380172E-18	5.394443E-19
7.060000E+03	3.418147E-18	5.437470E-19
7.070000E+03	3.456772E-18	5.481294E-19
7.080000E+03	3.496114E-18	5.526020E-19
7.090000E+03	3.536172E-18	5.571647E-19
7.100000E+03	3.576873E-18	5.618058E-19
7.110000E+03	3.618288E-18	5.665365E-19
7.120000E+03	3.660339E-18	5.713448E-19
7.130000E+03	3.703023E-18	5.762302E-19
7.140000E+03	3.746333E-18	5.811921E-19
7.150000E+03	3.790343E-18	5.862418E-19
7.160000E+03	3.834892E-18	5.913547E-19
7.170000E+03	3.879970E-18	5.965296E-19
7.180000E+03	3.925729E-18	6.017906E-19
7.190000E+03	3.972000E-18	6.071118E-19
7.200000E+03	4.018773E-18	6.124921E-19
7.210000E+03	4.066119E-18	6.179433E-19
7.220000E+03	4.113944E-18	6.234512E-19
7.230000E+03	4.162235E-18	6.290145E-19
7.240000E+03	4.210977E-18	6.346318E-19
7.250000E+03	4.260155E-18	6.403016E-19
7.260000E+03	4.309849E-18	6.460363E-19
7.270000E+03	4.359856E-18	6.518068E-19
7.280000E+03	4.410349E-18	6.576393E-19
7.290000E+03	4.461217E-18	6.635182E-19
7.300000E+03	4.512442E-18	6.694418E-19
7.310000E+03	4.564106E-18	6.754231E-19
7.320000E+03	4.616092E-18	6.814455E-19
7.330000E+03	4.668484E-18	6.875225E-19
7.340000E+03	4.721267E-18	6.936524E-19
7.350000E+03	4.774530E-18	6.998494E-19
7.360000E+03	4.828262E-18	7.061123E-19
7.370000E+03	4.882561E-18	7.124561E-19
7.380000E+03	4.937307E-18	7.188639E-19
7.390000E+03	4.992828E-18	7.253840E-19
7.400000E+03	5.049127E-18	7.320169E-19
7.410000E+03	5.106089E-18	7.387461E-19
7.420000E+03	5.164067E-18	7.456230E-19
7.430000E+03	5.222955E-18	7.526318E-19
7.440000E+03	5.282881E-18	7.597912E-19
7.450000E+03	5.343735E-18	7.670845E-19
7.460000E+03	5.405649E-18	7.745308E-19
7.470000E+03	5.468249E-18	7.820759E-19
7.480000E+03	5.531793E-18	7.897563E-19
7.490000E+03	5.595887E-18	7.975153E-19
7.500000E+03	5.660654E-18	8.053700E-19
7.510000E+03	5.725952E-18	8.132995E-19
7.520000E+03	5.791627E-18	8.212815E-19
7.530000E+03	5.857801E-18	8.293327E-19
7.540000E+03	5.924030E-18	8.373894E-19
7.550000E+03	5.990570E-18	8.454875E-19
7.560000E+03	6.057251E-18	8.536020E-19
7.570000E+03	6.124044E-18	8.617282E-19
7.580000E+03	6.190766E-18	8.698397E-19
7.590000E+03	6.257534E-18	8.779520E-19
7.600000E+03	6.324158E-18	8.860380E-19
7.610000E+03	6.390599E-18	8.940914E-19
7.620000E+03	6.456977E-18	9.021283E-19
7.630000E+03	6.523094E-18	9.101203E-19
7.640000E+03	6.589071E-18	9.180841E-19
7.650000E+03	6.654537E-18	9.259670E-19
7.660000E+03	6.719780E-18	9.338090E-19
7.670000E+03	6.784589E-18	9.415802E-19
7.680000E+03	6.849092E-18	9.492981E-19
7.690000E+03	6.913072E-18	9.569325E-19
7.700000E+03	6.976482E-18	9.644764E-19
7.710000E+03	7.039271E-18	9.719231E-19
7.720000E+03	7.101760E-18	9.793168E-19
7.730000E+03	7.163354E-18	9.865754E-19
7.740000E+03	7.224562E-18	9.937692E-19
7.750000E+03	7.284965E-18	1.000841E-18
7.760000E+03	7.344706E-18	1.007810E-18
7.770000E+03	7.403743E-18	1.014672E-18
7.780000E+03	7.462031E-18	1.021420E-18
7.790000E+03	7.519729E-18	1.028077E-18
7.800000E+03	7.576597E-18	1.034610E-18
7.810000E+03	7.632592E-18	1.041014E-18
7.820000E+03	7.687882E-18	1.047313E-18
7.830000E+03	7.742642E-18	1.053530E-18
7.840000E+03	7.796634E-18	1.059634E-18
7.850000E+03	7.849826E-18	1.065621E-18
7.860000E+03	7.902621E-18	1.071546E-18
7.870000E+03	7.955003E-18	1.077408E-18
7.880000E+03	8.006737E-18	1.083175E-18
7.890000E+03	8.058252E-18	1.088906E-18
7.900000E+03	8.109542E-18	1.094600E-18
7.910000E+03	8.160834E-18	1.100289E-18
7.920000E+03	8.212365E-18	1.106005E-18
7.930000E+03	8.264149E-18	1.111749E-18
7.940000E+03	8.316202E-18	1.117524E-18
7.950000E+03	8.369018E-18	1.123397E-18
7.960000E+03	8.422870E-18	1.129404E-18
7.970000E+03	8.477315E-18	1.135485E-18
7.980000E+03	8.532872E-18	1.141711E-18
7.990000E+03	8.589340E-18	1.148054E-18
8.000000E+03	8.646264E-18	1.154453E-18
8.010000E+03	8.703925E-18	1.160946E-18
8.020000E+03	8.761859E-18	1.167471E-18
8.030000E+03	8.820095E-18	1.174031E-18
8.040000E+03	8.878667E-18	1.180632E-18
8.050000E+03	8.936834E-18	1.187174E-18
8.060000E+03	8.995138E-18	1.193729E-18
8.070000E+03	9.053353E-18	1.200269E-18
8.080000E+03	9.110983E-18	1.206725E-18
8.090000E+03	9.168587E-18	1.213173E-18
8.100000E+03	9.225667E-18	1.219547E-18
8.110000E+03	9.282255E-18	1.225849E-18
8.120000E+03	9.338388E-18	1.232085E-18
8.130000E+03	9.393830E-18	1.238222E-18
8.140000E+03	9.448894E-18	1.244302E-18
8.150000E+03	9.503625E-18	1.250330E-18
8.160000E+03	9.557514E-18	1.256237E-18
8.170000E+03	9.611164E-18	1.262102E-18
8.180000E+03	9.664065E-18	1.267857E-18
8.190000E+03	9.716833E-18	1.273581E-18
8.200000E+03	9.768956E-18	1.279206E-18
8.210000E+03	9.820776E-18	1.284776E-18
8.220000E+03	9.872064E-18	1.290258E-18
8.230000E+03	9.923167E-18	1.295696E-18
8.240000E+03	9.973860E-18	1.301060E-18
8.250000E+03	1.002450E-17	1.306393E-18
8.260000E+03	1.007485E-17	1.311664E-18
8.270000E+03	1.012499E-17	1.316881E-18
8.280000E+03	1.017497E-17	1.322048E-18
8.290000E+03	1.022517E-17	1.327212E-18
8.300000E+03	1.027505E-17	1.332302E-18
8.310000E+03	1.032528E-17	1.337403E-18
8.320000E+03	1.037564E-17	1.342482E-18
8.330000E+03	1.042618E-17	1.347546E-18
8.340000E+03	1.047668E-17	1.352561E-18
8.350000E+03	1.052780E-17	1.357614E-18
8.360000E+03	1.057900E-17	1.362630E-18
8.370000E+03	1.063066E-17	1.367656E-18
8.380000E+03	1.068282E-17	1.372698E-18
8.390000E+03	1.073557E-17	1.377760E-18
8.400000E+03	1.078864E-17	1.382807E-18
8.410000E+03	1.084239E-17	1.387884E-18
8.420000E+03	1.089658E-17	1.392956E-18
8.430000E+03	1.095156E-17	1.398066E-18
8.440000E+03	1.100739E-17	1.403218E-18
8.450000E+03	1.106379E-17	1.408375E-18
8.460000E+03	1.112080E-17	1.413537E-18
8.470000E+03	1.117845E-17	1.418707E-18
8.480000E+03	1.123711E-17	1.423929E-18
8.490000E+03	1.129647E-17	1.429160E-18
8.500000E+03	1.135692E-17	1.434445E-18
8.510000E+03	1.141777E-17	1.439695E-18
8.520000E+03	1.147973E-17	1.444998E-18
8.530000E+03	1.154212E-17	1.450264E-18
8.540000E+03	1.160565E-17	1.455579E-18
8.550000E+03	1.166961E-17	1.460853E-18
8.560000E+03	1.173471E-17	1.466170E-18
8.570000E+03	1.180022E-17	1.471439E-18
8.580000E+03	1.186649E-17	1.476699E-18
8.590000E+03	1.193349E-17	1.481948E-18
8.600000E+03	1.200082E-17	1.487134E-18
8.610000E+03	1.206882E-17	1.492299E-18
8.620000E+03	1.213744E-17	1.497438E-18
8.630000E+03	1.220627E-17	1.502499E-18
8.640000E+03	1.227524E-17	1.507477E-18
8.650000E+03	1.234467E-17	1.512414E-18
8.660000E+03	1.241410E-17	1.517258E-18
8.670000E+03	1.248345E-17	1.522004E-18
8.680000E+03	1.255264E-17	1.526648E-18
8.690000E+03	1.262197E-17	1.531234E-18
8.700000E+03	1.269055E-17	1.535663E-18
8.710000E+03	1.275906E-17	1.540030E-18
8.720000E+03	1.282658E-17	1.544234E-18
8.730000E+03	1.289382E-17	1.548374E-18
8.740000E+03	1.295982E-17	1.552350E-18
8.750000E+03	1.302485E-17	1.556213E-18
8.760000E+03	1.308880E-17	1.559965E-18
8.770000E+03	1.315150E-17	1.563609E-18
8.780000E+03	1.321283E-17	1.567149E-18
8.790000E+03	1.327219E-17	1.570538E-18
8.800000E+03	1.333031E-17	1.573886E-18
8.810000E+03	1.338615E-17	1.577093E-18
8.820000E+03	1.344045E-17	1.580274E-18
8.830000E+03	1.349216E-17	1.583329E-18
8.840000E+03	1.354203E-17	1.586372E-18
8.850000E+03	1.358946E-17	1.589359E-18
8.860000E+03	1.363477E-17	1.592351E-18
8.870000E+03	1.367783E-17	1.595356E-18
8.880000E+03	1.371804E-17	1.598326E-18
8.890000E+03	1.375621E-17	1.601376E-18
8.900000E+03	1.379131E-17	1.604400E-18
8.910000E+03	1.382369E-17	1.607456E-18
8.920000E+03	1.385329E-17	1.610544E-18
8.930000E+03	1.388003E-17	1.613660E-18
8.940000E+03	1.390388E-17	1.616798E-18
8.950000E+03	1.392431E-17	1.619892E-18
8.960000E+03	1.394230E-17	1.623048E-18
8.970000E+03	1.395737E-17	1.626193E-18
8.980000E+03	1.396953E-17	1.629315E-18
8.990000E+03	1.397929E-17	1.632458E-18
9.000000E+03	1.398568E-17	1.635487E-18
9.040000E+03	1.398856E-17	1.647332E-18
9.080000E+03	1.395690E-17	1.657881E-18
9.120000E+03	1.389984E-17	1.666860E-18
9.160000E+03	1.382602E-17	1.674164E-18
9.200000E+03	1.374298E-17	1.679856E-18
9.240000E+03	1.365866E-17	1.684333E-18
9.280000E+03	1.358003E-17	1.688120E-18
9.320000E+03	1.351166E-17	1.691651E-18
9.360000E+03	1.345809E-17	1.695521E-18
9.400000E+03	1.342262E-17	1.700303E-18
9.440000E+03	1.340798E-17	1.706617E-18
9.480000E+03	1.341497E-17	1.714935E-18
9.520000E+03	1.344545E-17	1.725949E-18
9.560000E+03	1.349951E-17	1.740220E-18
9.600000E+03	1.357618E-17	1.758286E-18
9.640000E+03	1.367591E-17	1.781047E-18
9.680000E+03	1.379739E-17	1.809440E-18
9.720000E+03	1.393911E-17	1.844751E-18
9.760000E+03	1.410230E-17	1.889126E-18
9.800000E+03	1.428238E-17	1.944525E-18
9.840000E+03	1.448042E-17	2.014287E-18
9.880000E+03	1.469224E-17	2.101562E-18
9.920000E+03	1.491758E-17	2.210372E-18
9.960000E+03	1.515378E-17	2.344374E-18
1.000000E+04	1.539638E-17	2.506496E-18
1.004000E+04	1.564282E-17	2.699090E-18
1.008000E+04	1.588882E-17	2.923084E-18
1.012000E+04	1.612962E-17	3.178030E-18
1.016000E+04	1.636166E-17	3.462502E-18
1.020000E+04	1.657842E-17	3.773406E-18
1.024000E+04	1.677656E-17	4.107470E-18
1.028000E+04	1.695333E-17	4.461017E-18
1.032000E+04	1.710314E-17	4.829217E-18
