#wls	flux	fluxerr
1.600000E+03	1.579200E-16	1.565735E-16
1.640000E+03	1.631472E-16	1.591306E-16
1.680000E+03	1.681816E-16	1.612693E-16
1.720000E+03	1.729644E-16	1.629375E-16
1.760000E+03	1.774493E-16	1.640992E-16
1.800000E+03	1.815681E-16	1.647025E-16
1.840000E+03	1.852661E-16	1.647131E-16
1.880000E+03	1.884852E-16	1.640990E-16
1.920000E+03	1.911482E-16	1.628176E-16
1.960000E+03	1.931945E-16	1.608469E-16
2.000000E+03	1.945639E-16	1.581721E-16
2.040000E+03	1.951989E-16	1.547865E-16
2.080000E+03	1.950317E-16	1.506823E-16
2.120000E+03	1.940178E-16	1.458767E-16
2.160000E+03	1.920956E-16	1.403805E-16
2.200000E+03	1.892211E-16	1.342239E-16
2.240000E+03	1.853239E-16	1.274254E-16
2.280000E+03	1.803686E-16	1.200349E-16
2.320000E+03	1.744664E-16	1.122021E-16
2.360000E+03	1.677673E-16	1.040927E-16
2.400000E+03	1.603931E-16	9.584314E-17
2.440000E+03	1.524446E-16	8.756791E-17
2.480000E+03	1.440168E-16	7.936935E-17
2.520000E+03	1.352145E-16	7.134633E-17
2.560000E+03	1.261317E-16	6.358235E-17
2.600000E+03	1.168775E-16	5.615849E-17
2.640000E+03	1.075511E-16	4.914005E-17
2.680000E+03	9.824616E-17	4.257930E-17
2.720000E+03	8.906644E-17	3.652210E-17
2.760000E+03	8.010393E-17	3.099815E-17
2.800000E+03	7.144694E-17	2.602521E-17
2.840000E+03	6.317605E-17	2.160815E-17
2.880000E+03	5.536644E-17	1.774074E-17
2.920000E+03	4.809139E-17	1.440765E-17
2.960000E+03	4.141715E-17	1.158382E-17
3.000000E+03	3.538599E-17	9.231610E-18
3.010000E+03	3.398087E-17	8.711789E-18
3.020000E+03	3.261829E-17	8.218013E-18
3.030000E+03	3.129637E-17	7.748987E-18
3.040000E+03	3.001555E-17	7.304026E-18
3.050000E+03	2.877672E-17	6.882551E-18
3.060000E+03	2.757805E-17	6.483334E-18
3.070000E+03	2.642026E-17	6.105777E-18
3.080000E+03	2.530270E-17	5.748969E-18
3.090000E+03	2.422472E-17	5.412017E-18
3.100000E+03	2.318565E-17	5.094046E-18
3.110000E+03	2.218571E-17	4.794400E-18
3.120000E+03	2.122360E-17	4.512108E-18
3.130000E+03	2.029894E-17	4.246423E-18
3.140000E+03	1.941084E-17	3.996519E-18
3.150000E+03	1.855844E-17	3.761595E-18
3.160000E+03	1.774117E-17	3.540943E-18
3.170000E+03	1.695840E-17	3.333863E-18
3.180000E+03	1.620851E-17	3.139493E-18
3.190000E+03	1.549143E-17	2.957300E-18
3.200000E+03	1.480585E-17	2.786535E-18
3.210000E+03	1.415101E-17	2.626585E-18
3.220000E+03	1.352585E-17	2.476811E-18
3.230000E+03	1.292913E-17	2.336565E-18
3.240000E+03	1.236048E-17	2.205385E-18
3.250000E+03	1.181824E-17	2.082602E-18
3.260000E+03	1.130199E-17	1.967797E-18
3.270000E+03	1.081070E-17	1.860461E-18
3.280000E+03	1.034301E-17	1.760058E-18
3.290000E+03	9.898448E-18	1.666225E-18
3.300000E+03	9.475722E-18	1.578480E-18
3.310000E+03	9.074049E-18	1.496449E-18
3.320000E+03	8.692507E-18	1.419755E-18
3.330000E+03	8.330324E-18	1.348061E-18
3.340000E+03	7.986499E-18	1.281014E-18
3.350000E+03	7.660196E-18	1.218302E-18
3.360000E+03	7.350606E-18	1.159635E-18
3.370000E+03	7.057047E-18	1.104754E-18
3.380000E+03	6.778660E-18	1.053389E-18
3.390000E+03	6.514723E-18	1.005302E-18
3.400000E+03	6.264543E-18	9.602728E-19
3.410000E+03	6.027377E-18	9.180836E-19
3.420000E+03	5.802599E-18	8.785445E-19
3.430000E+03	5.589610E-18	8.414790E-19
3.440000E+03	5.387769E-18	8.067129E-19
3.450000E+03	5.196536E-18	7.740947E-19
3.460000E+03	5.015337E-18	7.434752E-19
3.470000E+03	4.843629E-18	7.147166E-19
3.480000E+03	4.680905E-18	6.876919E-19
3.490000E+03	4.526635E-18	6.622766E-19
3.500000E+03	4.380425E-18	6.383710E-19
3.510000E+03	4.241802E-18	6.158686E-19
3.520000E+03	4.110286E-18	5.946655E-19
3.530000E+03	3.985392E-18	5.746612E-19
3.540000E+03	3.866795E-18	5.557819E-19
3.550000E+03	3.754074E-18	5.379427E-19
3.560000E+03	3.646768E-18	5.210557E-19
3.570000E+03	3.544565E-18	5.050571E-19
3.580000E+03	3.447140E-18	4.898834E-19
3.590000E+03	3.354163E-18	4.754720E-19
3.600000E+03	3.265295E-18	4.617614E-19
3.610000E+03	3.180350E-18	4.487128E-19
3.620000E+03	3.099088E-18	4.362813E-19
3.630000E+03	3.021286E-18	4.244257E-19
3.640000E+03	2.946868E-18	4.131266E-19
3.650000E+03	2.875677E-18	4.023536E-19
3.660000E+03	2.807582E-18	3.920814E-19
3.670000E+03	2.742483E-18	3.822893E-19
3.680000E+03	2.680276E-18	3.729570E-19
3.690000E+03	2.620838E-18	3.640617E-19
3.700000E+03	2.564111E-18	3.555907E-19
3.710000E+03	2.509952E-18	3.475196E-19
3.720000E+03	2.458283E-18	3.398335E-19
3.730000E+03	2.409049E-18	3.325209E-19
3.740000E+03	2.362092E-18	3.255568E-19
3.750000E+03	2.317397E-18	3.189361E-19
3.760000E+03	2.274815E-18	3.126351E-19
3.770000E+03	2.234313E-18	3.066469E-19
3.780000E+03	2.195803E-18	3.009569E-19
3.790000E+03	2.159201E-18	2.955512E-19
3.800000E+03	2.124440E-18	2.904188E-19
3.810000E+03	2.091441E-18	2.855469E-19
3.820000E+03	2.060144E-18	2.809256E-19
3.830000E+03	2.030491E-18	2.765452E-19
3.840000E+03	2.002408E-18	2.723943E-19
3.850000E+03	1.975843E-18	2.684641E-19
3.860000E+03	1.950744E-18	2.647464E-19
3.870000E+03	1.927045E-18	2.612309E-19
3.880000E+03	1.904699E-18	2.579103E-19
3.890000E+03	1.883660E-18	2.547771E-19
3.900000E+03	1.863872E-18	2.518225E-19
3.910000E+03	1.845291E-18	2.490400E-19
3.920000E+03	1.827866E-18	2.464214E-19
3.930000E+03	1.811571E-18	2.439626E-19
3.940000E+03	1.796358E-18	2.416561E-19
3.950000E+03	1.782192E-18	2.394964E-19
3.960000E+03	1.769012E-18	2.374748E-19
3.970000E+03	1.756815E-18	2.355899E-19
3.980000E+03	1.745544E-18	2.338335E-19
3.990000E+03	1.735171E-18	2.322011E-19
4.000000E+03	1.725657E-18	2.306868E-19
4.010000E+03	1.716988E-18	2.292882E-19
4.020000E+03	1.709114E-18	2.279981E-19
4.030000E+03	1.702025E-18	2.268145E-19
4.040000E+03	1.695673E-18	2.257304E-19
4.050000E+03	1.690050E-18	2.247443E-19
4.060000E+03	1.685110E-18	2.238497E-19
4.070000E+03	1.680836E-18	2.230434E-19
4.080000E+03	1.677208E-18	2.223229E-19
4.090000E+03	1.674211E-18	2.216852E-19
4.100000E+03	1.671802E-18	2.211245E-19
4.110000E+03	1.669966E-18	2.206385E-19
4.120000E+03	1.668677E-18	2.202231E-19
4.130000E+03	1.667921E-18	2.198763E-19
4.140000E+03	1.667685E-18	2.195960E-19
4.150000E+03	1.667932E-18	2.193770E-19
4.160000E+03	1.668663E-18	2.192192E-19
4.170000E+03	1.669842E-18	2.191176E-19
4.180000E+03	1.671460E-18	2.190707E-19
4.190000E+03	1.673507E-18	2.190769E-19
4.200000E+03	1.675948E-18	2.191318E-19
4.210000E+03	1.678777E-18	2.192340E-19
4.220000E+03	1.681971E-18	2.193806E-19
4.230000E+03	1.685538E-18	2.195724E-19
4.240000E+03	1.689432E-18	2.198033E-19
4.250000E+03	1.693660E-18	2.200742E-19
4.260000E+03	1.698191E-18	2.203808E-19
4.270000E+03	1.703032E-18	2.207242E-19
4.280000E+03	1.708139E-18	2.210986E-19
4.290000E+03	1.713509E-18	2.215035E-19
4.300000E+03	1.719137E-18	2.219384E-19
4.310000E+03	1.724979E-18	2.223976E-19
4.320000E+03	1.731045E-18	2.228825E-19
4.330000E+03	1.737279E-18	2.233859E-19
4.340000E+03	1.743691E-18	2.239092E-19
4.350000E+03	1.750209E-18	2.244435E-19
4.360000E+03	1.756830E-18	2.249884E-19
4.370000E+03	1.763594E-18	2.255492E-19
4.380000E+03	1.770497E-18	2.261258E-19
4.390000E+03	1.777554E-18	2.267201E-19
4.400000E+03	1.784765E-18	2.273323E-19
4.410000E+03	1.792101E-18	2.279589E-19
4.420000E+03	1.799593E-18	2.286039E-19
4.430000E+03	1.807213E-18	2.292641E-19
4.440000E+03	1.814964E-18	2.299400E-19
4.450000E+03	1.822833E-18	2.306300E-19
4.460000E+03	1.830825E-18	2.313349E-19
4.470000E+03	1.838915E-18	2.320516E-19
4.480000E+03	1.847121E-18	2.327826E-19
4.490000E+03	1.855420E-18	2.335249E-19
4.500000E+03	1.863802E-18	2.342773E-19
4.510000E+03	1.872290E-18	2.350428E-19
4.520000E+03	1.880846E-18	2.358165E-19
4.530000E+03	1.889479E-18	2.365993E-19
4.540000E+03	1.898197E-18	2.373923E-19
4.550000E+03	1.906979E-18	2.381927E-19
4.560000E+03	1.915837E-18	2.390017E-19
4.570000E+03	1.924750E-18	2.398165E-19
4.580000E+03	1.933730E-18	2.406385E-19
4.590000E+03	1.942775E-18	2.414669E-19
4.600000E+03	1.951883E-18	2.423012E-19
4.610000E+03	1.961035E-18	2.431387E-19
4.620000E+03	1.970262E-18	2.439831E-19
4.630000E+03	1.979532E-18	2.448298E-19
4.640000E+03	1.988861E-18	2.456804E-19
4.650000E+03	1.998249E-18	2.465346E-19
4.660000E+03	2.007679E-18	2.473899E-19
4.670000E+03	2.017188E-18	2.482503E-19
4.680000E+03	2.026742E-18	2.491114E-19
4.690000E+03	2.036361E-18	2.499750E-19
4.700000E+03	2.046083E-18	2.508456E-19
4.710000E+03	2.055895E-18	2.517208E-19
4.720000E+03	2.065817E-18	2.526030E-19
4.730000E+03	2.075872E-18	2.534945E-19
4.740000E+03	2.086066E-18	2.543956E-19
4.750000E+03	2.096405E-18	2.553066E-19
4.760000E+03	2.106932E-18	2.562324E-19
4.770000E+03	2.117615E-18	2.571689E-19
4.780000E+03	2.128500E-18	2.581212E-19
4.790000E+03	2.139595E-18	2.590900E-19
4.800000E+03	2.150888E-18	2.600737E-19
4.810000E+03	2.162427E-18	2.610778E-19
4.820000E+03	2.174200E-18	2.621007E-19
4.830000E+03	2.186216E-18	2.631433E-19
4.840000E+03	2.198486E-18	2.642068E-19
4.850000E+03	2.211017E-18	2.652921E-19
4.860000E+03	2.223862E-18	2.664053E-19
4.870000E+03	2.236968E-18	2.675402E-19
4.880000E+03	2.250387E-18	2.687029E-19
4.890000E+03	2.264109E-18	2.698923E-19
4.900000E+03	2.278166E-18	2.711122E-19
4.910000E+03	2.292546E-18	2.723614E-19
4.920000E+03	2.307262E-18	2.736412E-19
4.930000E+03	2.322344E-18	2.749556E-19
4.940000E+03	2.337761E-18	2.763009E-19
4.950000E+03	2.353544E-18	2.776810E-19
4.960000E+03	2.369705E-18	2.790972E-19
4.970000E+03	2.386253E-18	2.805509E-19
4.980000E+03	2.403178E-18	2.820409E-19
4.990000E+03	2.420487E-18	2.835685E-19
5.000000E+03	2.438215E-18	2.851377E-19
5.010000E+03	2.456325E-18	2.867444E-19
5.020000E+03	2.474872E-18	2.883953E-19
5.030000E+03	2.493818E-18	2.900864E-19
5.040000E+03	2.513172E-18	2.918189E-19
5.050000E+03	2.532965E-18	2.935969E-19
5.060000E+03	2.553182E-18	2.954191E-19
5.070000E+03	2.573830E-18	2.972867E-19
5.080000E+03	2.594892E-18	2.991984E-19
5.090000E+03	2.616397E-18	3.011584E-19
5.100000E+03	2.638354E-18	3.031685E-19
5.110000E+03	2.660716E-18	3.052243E-19
5.120000E+03	2.683515E-18	3.073305E-19
5.130000E+03	2.706754E-18	3.094889E-19
5.140000E+03	2.730439E-18	3.117015E-19
5.150000E+03	2.754547E-18	3.139673E-19
5.160000E+03	2.779080E-18	3.162885E-19
5.170000E+03	2.804015E-18	3.186642E-19
5.180000E+03	2.829407E-18	3.211031E-19
5.190000E+03	2.855204E-18	3.236017E-19
5.200000E+03	2.881405E-18	3.261625E-19
5.210000E+03	2.908010E-18	3.287883E-19
5.220000E+03	2.935047E-18	3.314854E-19
5.230000E+03	2.962457E-18	3.342505E-19
5.240000E+03	2.990236E-18	3.370865E-19
5.250000E+03	3.018440E-18	3.400033E-19
5.260000E+03	3.046976E-18	3.429943E-19
5.270000E+03	3.075896E-18	3.460695E-19
5.280000E+03	3.105164E-18	3.492288E-19
5.290000E+03	3.134772E-18	3.524756E-19
5.300000E+03	3.164740E-18	3.558166E-19
5.310000E+03	3.194997E-18	3.592480E-19
5.320000E+03	3.225559E-18	3.627765E-19
5.330000E+03	3.256414E-18	3.664049E-19
5.340000E+03	3.287545E-18	3.701360E-19
5.350000E+03	3.318968E-18	3.739761E-19
5.360000E+03	3.350599E-18	3.779201E-19
5.370000E+03	3.382448E-18	3.819739E-19
5.380000E+03	3.414494E-18	3.861390E-19
5.390000E+03	3.446677E-18	3.904131E-19
5.400000E+03	3.479037E-18	3.948050E-19
5.410000E+03	3.511513E-18	3.993115E-19
5.420000E+03	3.544037E-18	4.039288E-19
5.430000E+03	3.576575E-18	4.086566E-19
5.440000E+03	3.609126E-18	4.134983E-19
5.450000E+03	3.641580E-18	4.184445E-19
5.460000E+03	3.673930E-18	4.234976E-19
5.470000E+03	3.706134E-18	4.286553E-19
5.480000E+03	3.738070E-18	4.339063E-19
5.490000E+03	3.769688E-18	4.392471E-19
5.500000E+03	3.800975E-18	4.446782E-19
5.510000E+03	3.831840E-18	4.501907E-19
5.520000E+03	3.862186E-18	4.557751E-19
5.530000E+03	3.891917E-18	4.614211E-19
5.540000E+03	3.921051E-18	4.671320E-19
5.550000E+03	3.949406E-18	4.728871E-19
5.560000E+03	3.976961E-18	4.786840E-19
5.570000E+03	4.003609E-18	4.845103E-19
5.580000E+03	4.029286E-18	4.903580E-19
5.590000E+03	4.053926E-18	4.962190E-19
5.600000E+03	4.077422E-18	5.020793E-19
5.610000E+03	4.099753E-18	5.079353E-19
5.620000E+03	4.120811E-18	5.137725E-19
5.630000E+03	4.140493E-18	5.195762E-19
5.640000E+03	4.158823E-18	5.253473E-19
5.650000E+03	4.175702E-18	5.310709E-19
5.660000E+03	4.191030E-18	5.367314E-19
5.670000E+03	4.204799E-18	5.423245E-19
5.680000E+03	4.217006E-18	5.478457E-19
5.690000E+03	4.227519E-18	5.532738E-19
5.700000E+03	4.236342E-18	5.586042E-19
5.710000E+03	4.243486E-18	5.638330E-19
5.720000E+03	4.248877E-18	5.689442E-19
5.730000E+03	4.252536E-18	5.739339E-19
5.740000E+03	4.254399E-18	5.787863E-19
5.750000E+03	4.254498E-18	5.834977E-19
5.760000E+03	4.252827E-18	5.880585E-19
5.770000E+03	4.249429E-18	5.924657E-19
5.780000E+03	4.244219E-18	5.966974E-19
5.790000E+03	4.237343E-18	6.007635E-19
5.800000E+03	4.228727E-18	6.046427E-19
5.810000E+03	4.218438E-18	6.083328E-19
5.820000E+03	4.206504E-18	6.118257E-19
5.830000E+03	4.192956E-18	6.151136E-19
5.840000E+03	4.177880E-18	6.181959E-19
5.850000E+03	4.161318E-18	6.210660E-19
5.860000E+03	4.143317E-18	6.237174E-19
5.870000E+03	4.123882E-18	6.261376E-19
5.880000E+03	4.103160E-18	6.283353E-19
5.890000E+03	4.081165E-18	6.302992E-19
5.900000E+03	4.058002E-18	6.320324E-19
5.910000E+03	4.033692E-18	6.335251E-19
5.920000E+03	4.008345E-18	6.347820E-19
5.930000E+03	3.982029E-18	6.358017E-19
5.940000E+03	3.954814E-18	6.365836E-19
5.950000E+03	3.926770E-18	6.371278E-19
5.960000E+03	3.897967E-18	6.374352E-19
5.970000E+03	3.868520E-18	6.375148E-19
5.980000E+03	3.838409E-18	6.373542E-19
5.990000E+03	3.807794E-18	6.369715E-19
6.000000E+03	3.776697E-18	6.363629E-19
6.010000E+03	3.745187E-18	6.355329E-19
6.020000E+03	3.713372E-18	6.344942E-19
6.030000E+03	3.681228E-18	6.332373E-19
6.040000E+03	3.648905E-18	6.317834E-19
6.050000E+03	3.616375E-18	6.301240E-19
6.060000E+03	3.583739E-18	6.282736E-19
6.070000E+03	3.551052E-18	6.262397E-19
6.080000E+03	3.518324E-18	6.240223E-19
6.090000E+03	3.485605E-18	6.216294E-19
6.100000E+03	3.452943E-18	6.190690E-19
6.110000E+03	3.420384E-18	6.163495E-19
6.120000E+03	3.387970E-18	6.134792E-19
6.130000E+03	3.355741E-18	6.104667E-19
6.140000E+03	3.323735E-18	6.073205E-19
6.150000E+03	3.291987E-18	6.040491E-19
6.160000E+03	3.260571E-18	6.006686E-19
6.170000E+03	3.229558E-18	5.971950E-19
6.180000E+03	3.199016E-18	5.936442E-19
6.190000E+03	3.168968E-18	5.900243E-19
6.200000E+03	3.139437E-18	5.863432E-19
6.210000E+03	3.110402E-18	5.826009E-19
6.220000E+03	3.081881E-18	5.788049E-19
6.230000E+03	3.053890E-18	5.749625E-19
6.240000E+03	3.026403E-18	5.710730E-19
6.250000E+03	2.999474E-18	5.671508E-19
6.260000E+03	2.973194E-18	5.632176E-19
6.270000E+03	2.947531E-18	5.592719E-19
6.280000E+03	2.922534E-18	5.553273E-19
6.290000E+03	2.898289E-18	5.514045E-19
6.300000E+03	2.874760E-18	5.475013E-19
6.310000E+03	2.852070E-18	5.436453E-19
6.320000E+03	2.830262E-18	5.398490E-19
6.330000E+03	2.809297E-18	5.361091E-19
6.340000E+03	2.789294E-18	5.324525E-19
6.350000E+03	2.770293E-18	5.288907E-19
6.360000E+03	2.752294E-18	5.254273E-19
6.370000E+03	2.735336E-18	5.220732E-19
6.380000E+03	2.719536E-18	5.188544E-19
6.390000E+03	2.704854E-18	5.157663E-19
6.400000E+03	2.691329E-18	5.128192E-19
6.410000E+03	2.679040E-18	5.100310E-19
6.420000E+03	2.667868E-18	5.073813E-19
6.430000E+03	2.657732E-18	5.048574E-19
6.440000E+03	2.648593E-18	5.024539E-19
6.450000E+03	2.640412E-18	5.001654E-19
6.460000E+03	2.633108E-18	4.979786E-19
6.470000E+03	2.626680E-18	4.958954E-19
6.480000E+03	2.621089E-18	4.939097E-19
6.490000E+03	2.616333E-18	4.920232E-19
6.500000E+03	2.612374E-18	4.902297E-19
6.510000E+03	2.609209E-18	4.885306E-19
6.520000E+03	2.606838E-18	4.869269E-19
6.530000E+03	2.605221E-18	4.854122E-19
6.540000E+03	2.604398E-18	4.839951E-19
6.550000E+03	2.604370E-18	4.826766E-19
6.560000E+03	2.605093E-18	4.814498E-19
6.570000E+03	2.606611E-18	4.803232E-19
6.580000E+03	2.608882E-18	4.792897E-19
6.590000E+03	2.611906E-18	4.783500E-19
6.600000E+03	2.615725E-18	4.775123E-19
6.610000E+03	2.620255E-18	4.767616E-19
6.620000E+03	2.625626E-18	4.761216E-19
6.630000E+03	2.631708E-18	4.755695E-19
6.640000E+03	2.638591E-18	4.751210E-19
6.650000E+03	2.646231E-18	4.747688E-19
6.660000E+03	2.654630E-18	4.745129E-19
6.670000E+03	2.663834E-18	4.743617E-19
6.680000E+03	2.673801E-18	4.743072E-19
6.690000E+03	2.684532E-18	4.743496E-19
6.700000E+03	2.696030E-18	4.744891E-19
6.710000E+03	2.708342E-18	4.747338E-19
6.720000E+03	2.721379E-18	4.750674E-19
6.730000E+03	2.735236E-18	4.755064E-19
6.740000E+03	2.749871E-18	4.760426E-19
6.750000E+03	2.765284E-18	4.766759E-19
6.760000E+03	2.781480E-18	4.774063E-19
6.770000E+03	2.798462E-18	4.782337E-19
6.780000E+03	2.816282E-18	4.791666E-19
6.790000E+03	2.834844E-18	4.801878E-19
6.800000E+03	2.854203E-18	4.813058E-19
6.810000E+03	2.874360E-18	4.825204E-19
6.820000E+03	2.895320E-18	4.838314E-19
6.830000E+03	2.917086E-18	4.852388E-19
6.840000E+03	2.939663E-18	4.867423E-19
6.850000E+03	2.963054E-18	4.883418E-19
6.860000E+03	2.987208E-18	4.900281E-19
6.870000E+03	3.012184E-18	4.918100E-19
6.880000E+03	3.037984E-18	4.936873E-19
6.890000E+03	3.064556E-18	4.956505E-19
6.900000E+03	3.091960E-18	4.977086E-19
6.910000E+03	3.120200E-18	4.998613E-19
6.920000E+03	3.149221E-18	5.020992E-19
6.930000E+03	3.179024E-18	5.044217E-19
6.940000E+03	3.209672E-18	5.068381E-19
6.950000E+03	3.241108E-18	5.093386E-19
6.960000E+03	3.273333E-18	5.119227E-19
6.970000E+03	3.306412E-18	5.145999E-19
6.980000E+03	3.340285E-18	5.173601E-19
6.990000E+03	3.374952E-18	5.202030E-19
7.000000E+03	3.410350E-18	5.231181E-19
7.010000E+03	3.446611E-18	5.261252E-19
7.020000E+03	3.483669E-18	5.292139E-19
7.030000E+03	3.521528E-18	5.323838E-19
7.040000E+03	3.560116E-18	5.356242E-19
7.050000E+03	3.599502E-18	5.389450E-19
7.060000E+03	3.639616E-18	5.423351E-19
7.070000E+03	3.680601E-18	5.458158E-19
7.080000E+03	3.722236E-18	5.493540E-19
7.090000E+03	3.764666E-18	5.529712E-19
7.100000E+03	3.807815E-18	5.566558E-19
7.110000E+03	3.851756E-18	5.604186E-19
7.120000E+03	3.896330E-18	5.642365E-19
7.130000E+03	3.941690E-18	5.681318E-19
7.140000E+03	3.987673E-18	5.720807E-19
7.150000E+03	4.034350E-18	5.760944E-19
7.160000E+03	4.081718E-18	5.801723E-19
7.170000E+03	4.129771E-18	5.843139E-19
7.180000E+03	4.178415E-18	5.885066E-19
7.190000E+03	4.227638E-18	5.927493E-19
7.200000E+03	4.277521E-18	5.970540E-19
7.210000E+03	4.327964E-18	6.014075E-19
7.220000E+03	4.379047E-18	6.058219E-19
7.230000E+03	4.430573E-18	6.102707E-19
7.240000E+03	4.482717E-18	6.147793E-19
7.250000E+03	4.535370E-18	6.193339E-19
7.260000E+03	4.588518E-18	6.239338E-19
7.270000E+03	4.642146E-18	6.285785E-19
7.280000E+03	4.696236E-18	6.332671E-19
7.290000E+03	4.750773E-18	6.379990E-19
7.300000E+03	4.805844E-18	6.427877E-19
7.310000E+03	4.861220E-18	6.476042E-19
7.320000E+03	4.917207E-18	6.524910E-19
7.330000E+03	4.973682E-18	6.574337E-19
7.340000E+03	5.030517E-18	6.624170E-19
7.350000E+03	5.088036E-18	6.674854E-19
7.360000E+03	5.146000E-18	6.726090E-19
7.370000E+03	5.204748E-18	6.778339E-19
7.380000E+03	5.264158E-18	6.831455E-19
7.390000E+03	5.324347E-18	6.885602E-19
7.400000E+03	5.385438E-18	6.940950E-19
7.410000E+03	5.447436E-18	6.997514E-19
7.420000E+03	5.510603E-18	7.055638E-19
7.430000E+03	5.575088E-18	7.115512E-19
7.440000E+03	5.640780E-18	7.176997E-19
7.450000E+03	5.707699E-18	7.240114E-19
7.460000E+03	5.775860E-18	7.304881E-19
7.470000E+03	5.845144E-18	7.371140E-19
7.480000E+03	5.915419E-18	7.438719E-19
7.490000E+03	5.986545E-18	7.507436E-19
7.500000E+03	6.058522E-18	7.577279E-19
7.510000E+03	6.131197E-18	7.648046E-19
7.520000E+03	6.204409E-18	7.719523E-19
7.530000E+03	6.278294E-18	7.791866E-19
7.540000E+03	6.352528E-18	7.864654E-19
7.550000E+03	6.427085E-18	7.937839E-19
7.560000E+03	6.501938E-18	8.011367E-19
7.570000E+03	6.577056E-18	8.085183E-19
7.580000E+03	6.652411E-18	8.159230E-19
7.590000E+03	6.727802E-18	8.233242E-19
7.600000E+03	6.803190E-18	8.307152E-19
7.610000E+03	6.878706E-18	8.381101E-19
7.620000E+03	6.954138E-18	8.454815E-19
7.630000E+03	7.029620E-18	8.528441E-19
7.640000E+03	7.104752E-18	8.601477E-19
7.650000E+03	7.179846E-18	8.674291E-19
7.660000E+03	7.254672E-18	8.746597E-19
7.670000E+03	7.329180E-18	8.818325E-19
7.680000E+03	7.403316E-18	8.889409E-19
7.690000E+03	7.477221E-18	8.960013E-19
7.700000E+03	7.550649E-18	9.029842E-19
7.710000E+03	7.623543E-18	9.098830E-19
7.720000E+03	7.696046E-18	9.167150E-19
7.730000E+03	7.768105E-18	9.234743E-19
7.740000E+03	7.839460E-18	9.301305E-19
7.750000E+03	7.910257E-18	9.367018E-19
7.760000E+03	7.980441E-18	9.431822E-19
7.770000E+03	8.049956E-18	9.495659E-19
7.780000E+03	8.118743E-18	9.558468E-19
7.790000E+03	8.186969E-18	9.620450E-19
7.800000E+03	8.254357E-18	9.681290E-19
7.810000E+03	8.320850E-18	9.740928E-19
7.820000E+03	8.386850E-18	9.799843E-19
7.830000E+03	8.452083E-18	9.857721E-19
7.840000E+03	8.516735E-18	9.914786E-19
7.850000E+03	8.580767E-18	9.970998E-19
7.860000E+03	8.644138E-18	1.002632E-18
7.870000E+03	8.707056E-18	1.008099E-18
7.880000E+03	8.769737E-18	1.013528E-18
7.890000E+03	8.832164E-18	1.018916E-18
7.900000E+03	8.894570E-18	1.024291E-18
7.910000E+03	8.957204E-18	1.029682E-18
7.920000E+03	9.019809E-18	1.035060E-18
7.930000E+03	9.083423E-18	1.040545E-18
7.940000E+03	9.147551E-18	1.046080E-18
7.950000E+03	9.212473E-18	1.051698E-18
7.960000E+03	9.278753E-18	1.057463E-18
7.970000E+03	9.346164E-18	1.063349E-18
7.980000E+03	9.414743E-18	1.069362E-18
7.990000E+03	9.484530E-18	1.075506E-18
8.000000E+03	9.555289E-18	1.081754E-18
8.010000E+03	9.626778E-18	1.088080E-18
8.020000E+03	9.698744E-18	1.094456E-18
8.030000E+03	9.771218E-18	1.100885E-18
8.040000E+03	9.843654E-18	1.107308E-18
8.050000E+03	9.916366E-18	1.113760E-18
8.060000E+03	9.988798E-18	1.120179E-18
8.070000E+03	1.006098E-17	1.126569E-18
8.080000E+03	1.013263E-17	1.132901E-18
8.090000E+03	1.020377E-17	1.139176E-18
8.100000E+03	1.027415E-17	1.145366E-18
8.110000E+03	1.034408E-17	1.151507E-18
8.120000E+03	1.041330E-17	1.157570E-18
8.130000E+03	1.048155E-17	1.163524E-18
8.140000E+03	1.054916E-17	1.169408E-18
8.150000E+03	1.061587E-17	1.175191E-18
8.160000E+03	1.068173E-17	1.180877E-18
8.170000E+03	1.074711E-17	1.186505E-18
8.180000E+03	1.081143E-17	1.192012E-18
8.190000E+03	1.087474E-17	1.197401E-18
8.200000E+03	1.093744E-17	1.202712E-18
8.210000E+03	1.099958E-17	1.207951E-18
8.220000E+03	1.106091E-17	1.213087E-18
8.230000E+03	1.112151E-17	1.218127E-18
8.240000E+03	1.118145E-17	1.223076E-18
8.250000E+03	1.124114E-17	1.227976E-18
8.260000E+03	1.130000E-17	1.232760E-18
8.270000E+03	1.135878E-17	1.237509E-18
8.280000E+03	1.141689E-17	1.242156E-18
8.290000E+03	1.147476E-17	1.246744E-18
8.300000E+03	1.153247E-17	1.251281E-18
8.310000E+03	1.159012E-17	1.255774E-18
8.320000E+03	1.164744E-17	1.260193E-18
8.330000E+03	1.170486E-17	1.264583E-18
8.340000E+03	1.176249E-17	1.268952E-18
8.350000E+03	1.182005E-17	1.273270E-18
8.360000E+03	1.187798E-17	1.277583E-18
8.370000E+03	1.193601E-17	1.281861E-18
8.380000E+03	1.199457E-17	1.286150E-18
8.390000E+03	1.205340E-17	1.290419E-18
8.400000E+03	1.211256E-17	1.294675E-18
8.410000E+03	1.217249E-17	1.298964E-18
8.420000E+03	1.223254E-17	1.303216E-18
8.430000E+03	1.229349E-17	1.307514E-18
8.440000E+03	1.235505E-17	1.311826E-18
8.450000E+03	1.241766E-17	1.316196E-18
8.460000E+03	1.248062E-17	1.320549E-18
8.470000E+03	1.254435E-17	1.324930E-18
8.480000E+03	1.260890E-17	1.329341E-18
8.490000E+03	1.267432E-17	1.333784E-18
8.500000E+03	1.274065E-17	1.338262E-18
8.510000E+03	1.280792E-17	1.342775E-18
8.520000E+03	1.287615E-17	1.347322E-18
8.530000E+03	1.294499E-17	1.351861E-18
8.540000E+03	1.301483E-17	1.356431E-18
8.550000E+03	1.308569E-17	1.361028E-18
8.560000E+03	1.315718E-17	1.365608E-18
8.570000E+03	1.322970E-17	1.370205E-18
8.580000E+03	1.330282E-17	1.374773E-18
8.590000E+03	1.337695E-17	1.379346E-18
8.600000E+03	1.345165E-17	1.383876E-18
8.610000E+03	1.352688E-17	1.388353E-18
8.620000E+03	1.360302E-17	1.392813E-18
8.630000E+03	1.367961E-17	1.397204E-18
8.640000E+03	1.375659E-17	1.401517E-18
8.650000E+03	1.383433E-17	1.405788E-18
8.660000E+03	1.391188E-17	1.409919E-18
8.670000E+03	1.399004E-17	1.413993E-18
8.680000E+03	1.406783E-17	1.417911E-18
8.690000E+03	1.414604E-17	1.421758E-18
8.700000E+03	1.422367E-17	1.425439E-18
8.710000E+03	1.430104E-17	1.428993E-18
8.720000E+03	1.437849E-17	1.432465E-18
8.730000E+03	1.445497E-17	1.435763E-18
8.740000E+03	1.453078E-17	1.438932E-18
8.750000E+03	1.460579E-17	1.441976E-18
8.760000E+03	1.467982E-17	1.444900E-18
8.770000E+03	1.475273E-17	1.447711E-18
8.780000E+03	1.482482E-17	1.450467E-18
8.790000E+03	1.489496E-17	1.453084E-18
8.800000E+03	1.496393E-17	1.455672E-18
8.810000E+03	1.503158E-17	1.458248E-18
8.820000E+03	1.509772E-17	1.460831E-18
8.830000E+03	1.516168E-17	1.463390E-18
8.840000E+03	1.522430E-17	1.466046E-18
8.850000E+03	1.528541E-17	1.468822E-18
8.860000E+03	1.534487E-17	1.471740E-18
8.870000E+03	1.540252E-17	1.474822E-18
8.880000E+03	1.545768E-17	1.478039E-18
8.890000E+03	1.551074E-17	1.481460E-18
8.900000E+03	1.556102E-17	1.485049E-18
8.910000E+03	1.560895E-17	1.488871E-18
8.920000E+03	1.565332E-17	1.492827E-18
8.930000E+03	1.569516E-17	1.497023E-18
8.940000E+03	1.573329E-17	1.501345E-18
8.950000E+03	1.576825E-17	1.505834E-18
8.960000E+03	1.580003E-17	1.510473E-18
8.970000E+03	1.582860E-17	1.515242E-18
8.980000E+03	1.585342E-17	1.520063E-18
8.990000E+03	1.587564E-17	1.525021E-18
9.000000E+03	1.589473E-17	1.530034E-18
9.040000E+03	1.594165E-17	1.550206E-18
9.080000E+03	1.594806E-17	1.569737E-18
9.120000E+03	1.592353E-17	1.587863E-18
9.160000E+03	1.587693E-17	1.604192E-18
9.200000E+03	1.581740E-17	1.618760E-18
9.240000E+03	1.575279E-17	1.631762E-18
9.280000E+03	1.569003E-17	1.643488E-18
9.320000E+03	1.563629E-17	1.654427E-18
9.360000E+03	1.559588E-17	1.664949E-18
9.400000E+03	1.557217E-17	1.675552E-18
9.440000E+03	1.556848E-17	1.686954E-18
9.480000E+03	1.558493E-17	1.699716E-18
9.520000E+03	1.562265E-17	1.714636E-18
9.560000E+03	1.567966E-17	1.732241E-18
9.600000E+03	1.575535E-17	1.753265E-18
9.640000E+03	1.584799E-17	1.778419E-18
9.680000E+03	1.595568E-17	1.808617E-18
9.720000E+03	1.607643E-17	1.845162E-18
9.760000E+03	1.620711E-17	1.889824E-18
9.800000E+03	1.634446E-17	1.945113E-18
9.840000E+03	1.648636E-17	2.014491E-18
9.880000E+03	1.662967E-17	2.101980E-18
9.920000E+03	1.677131E-17	2.211937E-18
9.960000E+03	1.690971E-17	2.348677E-18
1.000000E+04	1.704217E-17	2.515503E-18
1.004000E+04	1.716464E-17	2.714044E-18
1.008000E+04	1.727750E-17	2.944857E-18
1.012000E+04	1.737849E-17	3.206419E-18
1.016000E+04	1.746222E-17	3.495166E-18
1.020000E+04	1.753127E-17	3.808078E-18
1.024000E+04	1.758197E-17	4.140439E-18
1.028000E+04	1.761225E-17	4.487607E-18
1.032000E+04	1.762193E-17	4.845415E-18
