#wls	flux	fluxerr
1.600000E+03	1.368018E-16	1.389830E-16
1.640000E+03	1.417363E-16	1.418150E-16
1.680000E+03	1.465892E-16	1.443600E-16
1.720000E+03	1.513173E-16	1.465737E-16
1.760000E+03	1.558876E-16	1.484251E-16
1.800000E+03	1.602471E-16	1.498672E-16
1.840000E+03	1.643538E-16	1.508669E-16
1.880000E+03	1.681612E-16	1.513908E-16
1.920000E+03	1.716044E-16	1.513931E-16
1.960000E+03	1.746302E-16	1.508440E-16
2.000000E+03	1.771838E-16	1.497171E-16
2.040000E+03	1.792090E-16	1.479906E-16
2.080000E+03	1.806366E-16	1.456377E-16
2.120000E+03	1.814142E-16	1.426518E-16
2.160000E+03	1.814687E-16	1.390163E-16
2.200000E+03	1.807372E-16	1.347300E-16
2.240000E+03	1.791251E-16	1.297757E-16
2.280000E+03	1.765631E-16	1.241642E-16
2.320000E+03	1.731190E-16	1.180075E-16
2.360000E+03	1.688992E-16	1.114392E-16
2.400000E+03	1.639827E-16	1.045678E-16
2.440000E+03	1.584283E-16	9.748354E-17
2.480000E+03	1.522887E-16	9.026893E-17
2.520000E+03	1.456280E-16	8.300882E-17
2.560000E+03	1.385007E-16	7.577747E-17
2.600000E+03	1.309802E-16	6.865415E-17
2.640000E+03	1.231334E-16	6.170779E-17
2.680000E+03	1.150261E-16	5.500006E-17
2.720000E+03	1.067418E-16	4.859373E-17
2.760000E+03	9.835861E-17	4.254020E-17
2.800000E+03	8.995911E-17	3.688400E-17
2.840000E+03	8.162673E-17	3.166057E-17
2.880000E+03	7.344945E-17	2.689738E-17
2.920000E+03	6.552571E-17	2.261552E-17
2.960000E+03	5.795931E-17	1.882698E-17
3.000000E+03	5.083638E-17	1.552751E-17
3.010000E+03	4.913257E-17	1.477696E-17
3.020000E+03	4.746320E-17	1.405592E-17
3.030000E+03	4.582635E-17	1.336313E-17
3.040000E+03	4.422357E-17	1.269833E-17
3.050000E+03	4.265717E-17	1.206145E-17
3.060000E+03	4.112547E-17	1.145129E-17
3.070000E+03	3.963064E-17	1.086769E-17
3.080000E+03	3.817288E-17	1.030994E-17
3.090000E+03	3.675239E-17	9.777332E-18
3.100000E+03	3.536941E-17	9.269151E-18
3.110000E+03	3.402558E-17	8.785047E-18
3.120000E+03	3.272023E-17	8.324070E-18
3.130000E+03	3.145410E-17	7.885633E-18
3.140000E+03	3.022715E-17	7.468960E-18
3.150000E+03	2.903930E-17	7.073280E-18
3.160000E+03	2.789094E-17	6.697953E-18
3.170000E+03	2.678228E-17	6.342308E-18
3.180000E+03	2.571194E-17	6.005318E-18
3.190000E+03	2.468092E-17	5.686543E-18
3.200000E+03	2.368816E-17	5.385085E-18
3.210000E+03	2.273344E-17	5.100266E-18
3.220000E+03	2.181601E-17	4.831317E-18
3.230000E+03	2.093472E-17	4.577411E-18
3.240000E+03	2.008981E-17	4.338052E-18
3.250000E+03	1.927935E-17	4.112300E-18
3.260000E+03	1.850339E-17	3.899670E-18
3.270000E+03	1.776089E-17	3.699473E-18
3.280000E+03	1.705028E-17	3.510934E-18
3.290000E+03	1.637135E-17	3.333591E-18
3.300000E+03	1.572253E-17	3.166722E-18
3.310000E+03	1.510302E-17	3.009794E-18
3.320000E+03	1.451177E-17	2.862242E-18
3.330000E+03	1.394793E-17	2.723567E-18
3.340000E+03	1.341025E-17	2.593211E-18
3.350000E+03	1.289769E-17	2.470686E-18
3.360000E+03	1.240926E-17	2.355526E-18
3.370000E+03	1.194415E-17	2.247321E-18
3.380000E+03	1.150121E-17	2.145620E-18
3.390000E+03	1.107951E-17	2.050029E-18
3.400000E+03	1.067814E-17	1.960175E-18
3.410000E+03	1.029611E-17	1.875682E-18
3.420000E+03	9.932564E-18	1.796224E-18
3.430000E+03	9.586718E-18	1.721494E-18
3.440000E+03	9.257678E-18	1.651183E-18
3.450000E+03	8.944715E-18	1.585022E-18
3.460000E+03	8.647023E-18	1.522742E-18
3.470000E+03	8.363842E-18	1.464092E-18
3.480000E+03	8.094457E-18	1.408841E-18
3.490000E+03	7.838102E-18	1.356756E-18
3.500000E+03	7.594234E-18	1.307656E-18
3.510000E+03	7.362171E-18	1.261340E-18
3.520000E+03	7.141198E-18	1.217611E-18
3.530000E+03	6.930585E-18	1.176279E-18
3.540000E+03	6.729875E-18	1.137203E-18
3.550000E+03	6.538431E-18	1.100219E-18
3.560000E+03	6.355539E-18	1.065158E-18
3.570000E+03	6.180738E-18	1.031895E-18
3.580000E+03	6.013537E-18	1.000308E-18
3.590000E+03	5.853426E-18	9.702721E-19
3.600000E+03	5.699879E-18	9.416676E-19
3.610000E+03	5.552626E-18	9.144181E-19
3.620000E+03	5.411302E-18	8.884349E-19
3.630000E+03	5.275565E-18	8.636359E-19
3.640000E+03	5.145325E-18	8.399829E-19
3.650000E+03	5.020345E-18	8.174148E-19
3.660000E+03	4.900433E-18	7.958806E-19
3.670000E+03	4.785444E-18	7.753376E-19
3.680000E+03	4.675227E-18	7.557441E-19
3.690000E+03	4.569587E-18	7.370528E-19
3.700000E+03	4.468449E-18	7.192366E-19
3.710000E+03	4.371579E-18	7.022438E-19
3.720000E+03	4.278859E-18	6.860430E-19
3.730000E+03	4.190205E-18	6.706087E-19
3.740000E+03	4.105355E-18	6.558882E-19
3.750000E+03	4.024295E-18	6.418691E-19
3.760000E+03	3.946773E-18	6.285019E-19
3.770000E+03	3.872741E-18	6.157704E-19
3.780000E+03	3.802053E-18	6.036435E-19
3.790000E+03	3.734568E-18	5.920918E-19
3.800000E+03	3.670180E-18	5.810916E-19
3.810000E+03	3.608757E-18	5.706161E-19
3.820000E+03	3.550200E-18	5.606439E-19
3.830000E+03	3.494415E-18	5.511550E-19
3.840000E+03	3.441282E-18	5.421257E-19
3.850000E+03	3.390714E-18	5.335381E-19
3.860000E+03	3.342627E-18	5.253750E-19
3.870000E+03	3.296915E-18	5.176161E-19
3.880000E+03	3.253502E-18	5.102461E-19
3.890000E+03	3.212316E-18	5.032506E-19
3.900000E+03	3.173261E-18	4.966118E-19
3.910000E+03	3.136271E-18	4.903169E-19
3.920000E+03	3.101258E-18	4.843497E-19
3.930000E+03	3.068185E-18	4.787020E-19
3.940000E+03	3.036967E-18	4.733590E-19
3.950000E+03	3.007549E-18	4.683097E-19
3.960000E+03	2.979830E-18	4.635369E-19
3.970000E+03	2.953803E-18	4.590376E-19
3.980000E+03	2.929371E-18	4.547955E-19
3.990000E+03	2.906486E-18	4.508015E-19
4.000000E+03	2.885079E-18	4.470434E-19
4.010000E+03	2.865128E-18	4.435163E-19
4.020000E+03	2.846545E-18	4.402056E-19
4.030000E+03	2.829310E-18	4.371070E-19
4.040000E+03	2.813342E-18	4.342064E-19
4.050000E+03	2.798625E-18	4.315004E-19
4.060000E+03	2.785079E-18	4.289757E-19
4.070000E+03	2.772672E-18	4.266263E-19
4.080000E+03	2.761371E-18	4.244461E-19
4.090000E+03	2.751146E-18	4.224297E-19
4.100000E+03	2.741926E-18	4.205654E-19
4.110000E+03	2.733683E-18	4.188485E-19
4.120000E+03	2.726373E-18	4.172713E-19
4.130000E+03	2.719972E-18	4.158296E-19
4.140000E+03	2.714455E-18	4.145198E-19
4.150000E+03	2.709763E-18	4.133318E-19
4.160000E+03	2.705896E-18	4.122658E-19
4.170000E+03	2.702796E-18	4.113126E-19
4.180000E+03	2.700445E-18	4.104695E-19
4.190000E+03	2.698830E-18	4.097344E-19
4.200000E+03	2.697895E-18	4.090987E-19
4.210000E+03	2.697628E-18	4.085607E-19
4.220000E+03	2.697998E-18	4.081157E-19
4.230000E+03	2.699016E-18	4.077653E-19
4.240000E+03	2.700611E-18	4.074990E-19
4.250000E+03	2.702797E-18	4.073188E-19
4.260000E+03	2.705526E-18	4.072175E-19
4.270000E+03	2.708813E-18	4.071977E-19
4.280000E+03	2.712591E-18	4.072493E-19
4.290000E+03	2.716857E-18	4.073719E-19
4.300000E+03	2.721607E-18	4.075651E-19
4.310000E+03	2.726776E-18	4.078193E-19
4.320000E+03	2.732382E-18	4.081374E-19
4.330000E+03	2.738339E-18	4.085069E-19
4.340000E+03	2.744666E-18	4.089309E-19
4.350000E+03	2.751253E-18	4.093936E-19
4.360000E+03	2.758099E-18	4.098951E-19
4.370000E+03	2.765266E-18	4.104453E-19
4.380000E+03	2.772755E-18	4.110449E-19
4.390000E+03	2.780588E-18	4.116977E-19
4.400000E+03	2.788765E-18	4.124044E-19
4.410000E+03	2.797244E-18	4.131595E-19
4.420000E+03	2.806071E-18	4.139706E-19
4.430000E+03	2.815207E-18	4.148322E-19
4.440000E+03	2.824653E-18	4.157456E-19
4.450000E+03	2.834392E-18	4.167087E-19
4.460000E+03	2.844429E-18	4.177230E-19
4.470000E+03	2.854726E-18	4.187832E-19
4.480000E+03	2.865312E-18	4.198942E-19
4.490000E+03	2.876151E-18	4.210507E-19
4.500000E+03	2.887228E-18	4.222509E-19
4.510000E+03	2.898580E-18	4.234998E-19
4.520000E+03	2.910148E-18	4.247887E-19
4.530000E+03	2.921948E-18	4.261191E-19
4.540000E+03	2.933997E-18	4.274928E-19
4.550000E+03	2.946265E-18	4.289043E-19
4.560000E+03	2.958774E-18	4.303556E-19
4.570000E+03	2.971497E-18	4.318412E-19
4.580000E+03	2.984457E-18	4.333632E-19
4.590000E+03	2.997656E-18	4.349200E-19
4.600000E+03	3.011095E-18	4.365102E-19
4.610000E+03	3.024752E-18	4.381288E-19
4.620000E+03	3.038680E-18	4.397821E-19
4.630000E+03	3.052831E-18	4.414614E-19
4.640000E+03	3.067236E-18	4.431697E-19
4.650000E+03	3.081898E-18	4.449061E-19
4.660000E+03	3.096794E-18	4.466661E-19
4.670000E+03	3.111983E-18	4.484568E-19
4.680000E+03	3.127415E-18	4.502697E-19
4.690000E+03	3.143121E-18	4.521083E-19
4.700000E+03	3.159161E-18	4.539799E-19
4.710000E+03	3.175513E-18	4.558800E-19
4.720000E+03	3.192211E-18	4.578123E-19
4.730000E+03	3.209289E-18	4.597805E-19
4.740000E+03	3.226754E-18	4.617842E-19
4.750000E+03	3.244613E-18	4.638232E-19
4.760000E+03	3.262933E-18	4.659056E-19
4.770000E+03	3.281662E-18	4.680232E-19
4.780000E+03	3.300869E-18	4.701845E-19
4.790000E+03	3.320562E-18	4.723898E-19
4.800000E+03	3.340722E-18	4.746353E-19
4.810000E+03	3.361419E-18	4.769304E-19
4.820000E+03	3.382633E-18	4.792716E-19
4.830000E+03	3.404377E-18	4.816603E-19
4.840000E+03	3.426663E-18	4.840976E-19
4.850000E+03	3.449503E-18	4.865853E-19
4.860000E+03	3.472975E-18	4.891340E-19
4.870000E+03	3.496999E-18	4.917323E-19
4.880000E+03	3.521652E-18	4.943913E-19
4.890000E+03	3.546918E-18	4.971086E-19
4.900000E+03	3.572846E-18	4.998912E-19
4.910000E+03	3.599419E-18	5.027366E-19
4.920000E+03	3.626653E-18	5.056472E-19
4.930000E+03	3.654598E-18	5.086299E-19
4.940000E+03	3.683202E-18	5.116773E-19
4.950000E+03	3.712515E-18	5.147963E-19
4.960000E+03	3.742551E-18	5.179888E-19
4.970000E+03	3.773326E-18	5.212567E-19
4.980000E+03	3.804819E-18	5.245969E-19
4.990000E+03	3.837042E-18	5.280109E-19
5.000000E+03	3.870044E-18	5.315053E-19
5.010000E+03	3.903765E-18	5.350714E-19
5.020000E+03	3.938290E-18	5.387208E-19
5.030000E+03	3.973553E-18	5.424444E-19
5.040000E+03	4.009565E-18	5.462435E-19
5.050000E+03	4.046371E-18	5.501243E-19
5.060000E+03	4.083941E-18	5.540828E-19
5.070000E+03	4.122281E-18	5.581199E-19
5.080000E+03	4.161358E-18	5.622316E-19
5.090000E+03	4.201215E-18	5.664242E-19
5.100000E+03	4.241857E-18	5.706989E-19
5.110000E+03	4.283206E-18	5.750461E-19
5.120000E+03	4.325305E-18	5.794727E-19
5.130000E+03	4.368156E-18	5.839802E-19
5.140000E+03	4.411761E-18	5.885704E-19
5.150000E+03	4.456080E-18	5.932398E-19
5.160000E+03	4.501113E-18	5.979907E-19
5.170000E+03	4.546818E-18	6.028199E-19
5.180000E+03	4.593284E-18	6.077420E-19
5.190000E+03	4.640425E-18	6.127491E-19
5.200000E+03	4.688242E-18	6.178447E-19
5.210000E+03	4.736735E-18	6.230333E-19
5.220000E+03	4.785951E-18	6.283255E-19
5.230000E+03	4.835799E-18	6.337143E-19
5.240000E+03	4.886277E-18	6.392049E-19
5.250000E+03	4.937477E-18	6.448152E-19
5.260000E+03	4.989254E-18	6.505325E-19
5.270000E+03	5.041700E-18	6.563752E-19
5.280000E+03	5.094759E-18	6.623429E-19
5.290000E+03	5.148423E-18	6.684417E-19
5.300000E+03	5.202735E-18	6.746840E-19
5.310000E+03	5.257581E-18	6.810624E-19
5.320000E+03	5.312997E-18	6.875888E-19
5.330000E+03	5.368967E-18	6.942683E-19
5.340000E+03	5.425472E-18	7.011055E-19
5.350000E+03	5.482545E-18	7.081114E-19
5.360000E+03	5.540053E-18	7.152755E-19
5.370000E+03	5.598019E-18	7.226075E-19
5.380000E+03	5.656412E-18	7.301094E-19
5.390000E+03	5.715137E-18	7.377750E-19
5.400000E+03	5.774267E-18	7.456192E-19
5.410000E+03	5.833699E-18	7.536343E-19
5.420000E+03	5.893326E-18	7.618112E-19
5.430000E+03	5.953090E-18	7.701473E-19
5.440000E+03	6.012992E-18	7.786468E-19
5.450000E+03	6.072846E-18	7.872895E-19
5.460000E+03	6.132644E-18	7.960774E-19
5.470000E+03	6.192311E-18	8.050039E-19
5.480000E+03	6.251643E-18	8.140448E-19
5.490000E+03	6.310555E-18	8.231905E-19
5.500000E+03	6.369018E-18	8.324388E-19
5.510000E+03	6.426873E-18	8.417697E-19
5.520000E+03	6.483952E-18	8.511618E-19
5.530000E+03	6.540082E-18	8.605923E-19
5.540000E+03	6.595281E-18	8.700632E-19
5.550000E+03	6.649231E-18	8.795321E-19
5.560000E+03	6.701875E-18	8.889906E-19
5.570000E+03	6.753015E-18	8.984118E-19
5.580000E+03	6.802522E-18	9.077769E-19
5.590000E+03	6.850259E-18	9.170669E-19
5.600000E+03	6.896021E-18	9.262531E-19
5.610000E+03	6.939741E-18	9.353253E-19
5.620000E+03	6.981211E-18	9.442547E-19
5.630000E+03	7.020225E-18	9.530120E-19
5.640000E+03	7.056794E-18	9.615981E-19
5.650000E+03	7.090721E-18	9.699850E-19
5.660000E+03	7.121811E-18	9.781452E-19
5.670000E+03	7.150025E-18	9.860721E-19
5.680000E+03	7.175335E-18	9.937606E-19
5.690000E+03	7.197498E-18	1.001175E-18
5.700000E+03	7.216505E-18	1.008314E-18
5.710000E+03	7.232361E-18	1.015173E-18
5.720000E+03	7.244931E-18	1.021733E-18
5.730000E+03	7.254243E-18	1.027992E-18
5.740000E+03	7.260183E-18	1.033931E-18
5.750000E+03	7.262804E-18	1.039550E-18
5.760000E+03	7.262091E-18	1.044842E-18
5.770000E+03	7.258119E-18	1.049810E-18
5.780000E+03	7.250739E-18	1.054423E-18
5.790000E+03	7.240204E-18	1.058707E-18
5.800000E+03	7.226385E-18	1.062632E-18
5.810000E+03	7.209399E-18	1.066203E-18
5.820000E+03	7.189295E-18	1.069411E-18
5.830000E+03	7.166135E-18	1.072251E-18
5.840000E+03	7.140066E-18	1.074727E-18
5.850000E+03	7.111173E-18	1.076833E-18
5.860000E+03	7.079546E-18	1.078564E-18
5.870000E+03	7.045211E-18	1.079903E-18
5.880000E+03	7.008438E-18	1.080870E-18
5.890000E+03	6.969270E-18	1.081451E-18
5.900000E+03	6.927913E-18	1.081655E-18
5.910000E+03	6.884426E-18	1.081470E-18
5.920000E+03	6.839025E-18	1.080908E-18
5.930000E+03	6.791851E-18	1.079970E-18
5.940000E+03	6.743048E-18	1.078660E-18
5.950000E+03	6.692758E-18	1.076981E-18
5.960000E+03	6.641121E-18	1.074938E-18
5.970000E+03	6.588353E-18	1.072550E-18
5.980000E+03	6.534437E-18	1.069799E-18
5.990000E+03	6.479655E-18	1.066719E-18
6.000000E+03	6.424059E-18	1.063304E-18
6.010000E+03	6.367772E-18	1.059566E-18
6.020000E+03	6.310986E-18	1.055527E-18
6.030000E+03	6.253664E-18	1.051173E-18
6.040000E+03	6.196062E-18	1.046541E-18
6.050000E+03	6.138135E-18	1.041617E-18
6.060000E+03	6.080054E-18	1.036428E-18
6.070000E+03	6.021910E-18	1.030984E-18
6.080000E+03	5.963719E-18	1.025287E-18
6.090000E+03	5.905561E-18	1.019351E-18
6.100000E+03	5.847515E-18	1.013187E-18
6.110000E+03	5.789654E-18	1.006809E-18
6.120000E+03	5.732045E-18	1.000230E-18
6.130000E+03	5.674752E-18	9.934642E-19
6.140000E+03	5.617833E-18	9.865232E-19
6.150000E+03	5.561342E-18	9.794202E-19
6.160000E+03	5.505399E-18	9.721801E-19
6.170000E+03	5.450121E-18	9.648272E-19
6.180000E+03	5.395615E-18	9.573859E-19
6.190000E+03	5.341918E-18	9.498674E-19
6.200000E+03	5.289062E-18	9.422827E-19
6.210000E+03	5.237008E-18	9.346302E-19
6.220000E+03	5.185782E-18	9.269203E-19
6.230000E+03	5.135407E-18	9.191628E-19
6.240000E+03	5.085836E-18	9.113552E-19
6.250000E+03	5.037156E-18	9.035187E-19
6.260000E+03	4.989518E-18	8.956864E-19
6.270000E+03	4.942866E-18	8.878542E-19
6.280000E+03	4.897277E-18	8.800420E-19
6.290000E+03	4.852893E-18	8.722812E-19
6.300000E+03	4.809653E-18	8.645665E-19
6.310000E+03	4.767759E-18	8.569401E-19
6.320000E+03	4.727280E-18	8.494199E-19
6.330000E+03	4.688148E-18	8.419991E-19
6.340000E+03	4.650561E-18	8.347185E-19
6.350000E+03	4.614583E-18	8.275944E-19
6.360000E+03	4.580208E-18	8.206306E-19
6.370000E+03	4.547500E-18	8.138429E-19
6.380000E+03	4.516651E-18	8.072698E-19
6.390000E+03	4.487591E-18	8.009025E-19
6.400000E+03	4.460381E-18	7.947554E-19
6.410000E+03	4.435148E-18	7.888544E-19
6.420000E+03	4.411691E-18	7.831665E-19
6.430000E+03	4.389876E-18	7.776704E-19
6.440000E+03	4.369633E-18	7.723566E-19
6.450000E+03	4.350894E-18	7.672155E-19
6.460000E+03	4.333526E-18	7.622255E-19
6.470000E+03	4.317525E-18	7.573887E-19
6.480000E+03	4.302824E-18	7.526949E-19
6.490000E+03	4.289421E-18	7.481457E-19
6.500000E+03	4.277247E-18	7.437310E-19
6.510000E+03	4.266300E-18	7.394519E-19
6.520000E+03	4.256579E-18	7.353096E-19
6.530000E+03	4.248014E-18	7.312935E-19
6.540000E+03	4.240670E-18	7.274159E-19
6.550000E+03	4.234545E-18	7.236775E-19
6.560000E+03	4.229572E-18	7.200674E-19
6.570000E+03	4.225816E-18	7.165975E-19
6.580000E+03	4.223207E-18	7.132566E-19
6.590000E+03	4.221744E-18	7.100448E-19
6.600000E+03	4.221495E-18	7.069739E-19
6.610000E+03	4.222321E-18	7.040205E-19
6.620000E+03	4.224427E-18	7.012193E-19
6.630000E+03	4.227606E-18	6.985355E-19
6.640000E+03	4.231996E-18	6.959916E-19
6.650000E+03	4.237527E-18	6.935759E-19
6.660000E+03	4.244198E-18	6.912877E-19
6.670000E+03	4.252080E-18	6.891381E-19
6.680000E+03	4.261103E-18	6.871148E-19
6.690000E+03	4.271266E-18	6.852172E-19
6.700000E+03	4.282570E-18	6.834444E-19
6.710000E+03	4.295088E-18	6.818072E-19
6.720000E+03	4.308674E-18	6.802814E-19
6.730000E+03	4.323477E-18	6.788893E-19
6.740000E+03	4.339424E-18	6.776183E-19
6.750000E+03	4.356516E-18	6.764671E-19
6.760000E+03	4.374753E-18	6.754347E-19
6.770000E+03	4.394137E-18	6.745198E-19
6.780000E+03	4.414748E-18	6.737332E-19
6.790000E+03	4.436431E-18	6.730496E-19
6.800000E+03	4.459265E-18	6.724797E-19
6.810000E+03	4.483253E-18	6.720221E-19
6.820000E+03	4.508395E-18	6.716752E-19
6.830000E+03	4.534693E-18	6.714377E-19
6.840000E+03	4.562149E-18	6.713080E-19
6.850000E+03	4.590765E-18	6.712846E-19
6.860000E+03	4.620457E-18	6.713537E-19
6.870000E+03	4.651311E-18	6.715258E-19
6.880000E+03	4.683326E-18	6.717993E-19
6.890000E+03	4.716417E-18	6.721601E-19
6.900000E+03	4.750671E-18	6.726191E-19
6.910000E+03	4.786089E-18	6.731744E-19
6.920000E+03	4.822581E-18	6.738121E-19
6.930000E+03	4.860146E-18	6.745301E-19
6.940000E+03	4.898872E-18	6.753397E-19
6.950000E+03	4.938669E-18	6.762265E-19
6.960000E+03	4.979532E-18	6.771889E-19
6.970000E+03	5.021557E-18	6.782382E-19
6.980000E+03	5.064647E-18	6.793601E-19
6.990000E+03	5.108800E-18	6.805532E-19
7.000000E+03	5.153914E-18	6.818030E-19
7.010000E+03	5.200186E-18	6.831345E-19
7.020000E+03	5.247516E-18	6.845335E-19
7.030000E+03	5.295901E-18	6.859987E-19
7.040000E+03	5.345236E-18	6.875156E-19
7.050000E+03	5.395621E-18	6.890968E-19
7.060000E+03	5.446948E-18	6.907275E-19
7.070000E+03	5.499430E-18	6.924343E-19
7.080000E+03	5.552737E-18	6.941750E-19
7.090000E+03	5.607085E-18	6.959765E-19
7.100000E+03	5.662360E-18	6.978240E-19
7.110000E+03	5.718671E-18	6.997307E-19
7.120000E+03	5.775784E-18	7.016678E-19
7.130000E+03	5.833927E-18	7.036629E-19
7.140000E+03	5.892858E-18	7.056867E-19
7.150000E+03	5.952689E-18	7.077528E-19
7.160000E+03	6.013416E-18	7.098609E-19
7.170000E+03	6.075032E-18	7.120103E-19
7.180000E+03	6.137405E-18	7.141860E-19
7.190000E+03	6.200523E-18	7.163873E-19
7.200000E+03	6.264507E-18	7.186290E-19
7.210000E+03	6.329217E-18	7.208959E-19
7.220000E+03	6.394778E-18	7.232033E-19
7.230000E+03	6.460907E-18	7.255205E-19
7.240000E+03	6.527866E-18	7.278788E-19
7.250000E+03	6.595504E-18	7.302633E-19
7.260000E+03	6.663809E-18	7.326748E-19
7.270000E+03	6.732766E-18	7.351142E-19
7.280000E+03	6.802360E-18	7.375828E-19
7.290000E+03	6.872573E-18	7.400822E-19
7.300000E+03	6.943544E-18	7.426306E-19
7.310000E+03	7.014949E-18	7.451975E-19
7.320000E+03	7.087236E-18	7.478347E-19
7.330000E+03	7.160239E-18	7.505289E-19
7.340000E+03	7.233780E-18	7.532663E-19
7.350000E+03	7.308333E-18	7.561011E-19
7.360000E+03	7.383560E-18	7.590030E-19
7.370000E+03	7.459955E-18	7.620278E-19
7.380000E+03	7.537350E-18	7.651627E-19
7.390000E+03	7.615915E-18	7.684297E-19
7.400000E+03	7.695834E-18	7.718514E-19
7.410000E+03	7.777117E-18	7.754327E-19
7.420000E+03	7.860142E-18	7.792149E-19
7.430000E+03	7.945125E-18	7.832218E-19
7.440000E+03	8.031912E-18	7.874404E-19
7.450000E+03	8.120531E-18	7.918753E-19
7.460000E+03	8.211012E-18	7.965303E-19
7.470000E+03	8.303186E-18	8.013893E-19
7.480000E+03	8.396872E-18	8.064347E-19
7.490000E+03	8.491876E-18	8.116466E-19
7.500000E+03	8.588202E-18	8.170229E-19
7.510000E+03	8.685640E-18	8.225398E-19
7.520000E+03	8.783968E-18	8.281713E-19
7.530000E+03	8.883385E-18	8.339297E-19
7.540000E+03	8.983440E-18	8.397648E-19
7.550000E+03	9.084105E-18	8.456651E-19
7.560000E+03	9.185349E-18	8.516177E-19
7.570000E+03	9.287138E-18	8.576095E-19
7.580000E+03	9.389441E-18	8.636266E-19
7.590000E+03	9.491983E-18	8.696336E-19
7.600000E+03	9.594718E-18	8.756165E-19
7.610000E+03	9.697838E-18	8.815842E-19
7.620000E+03	9.801053E-18	8.875027E-19
7.630000E+03	9.904555E-18	8.933835E-19
7.640000E+03	1.000779E-17	8.991719E-19
7.650000E+03	1.011119E-17	9.049051E-19
7.660000E+03	1.021443E-17	9.105534E-19
7.670000E+03	1.031745E-17	9.161111E-19
7.680000E+03	1.042017E-17	9.215733E-19
7.690000E+03	1.052278E-17	9.269602E-19
7.700000E+03	1.062491E-17	9.322445E-19
7.710000E+03	1.072649E-17	9.374231E-19
7.720000E+03	1.082770E-17	9.425175E-19
7.730000E+03	1.092845E-17	9.475251E-19
7.740000E+03	1.102836E-17	9.524172E-19
7.750000E+03	1.112761E-17	9.572151E-19
7.760000E+03	1.122611E-17	9.619142E-19
7.770000E+03	1.132375E-17	9.665093E-19
7.780000E+03	1.142043E-17	9.709944E-19
7.790000E+03	1.151636E-17	9.753889E-19
7.800000E+03	1.161112E-17	9.796590E-19
7.810000E+03	1.170461E-17	9.837963E-19
7.820000E+03	1.179736E-17	9.878458E-19
7.830000E+03	1.188895E-17	9.917719E-19
7.840000E+03	1.197963E-17	9.955929E-19
7.850000E+03	1.206930E-17	9.993001E-19
7.860000E+03	1.215788E-17	1.002885E-18
7.870000E+03	1.224562E-17	1.006367E-18
7.880000E+03	1.233279E-17	1.009768E-18
7.890000E+03	1.241933E-17	1.013082E-18
7.900000E+03	1.250554E-17	1.016333E-18
7.910000E+03	1.259171E-17	1.019547E-18
7.920000E+03	1.267747E-17	1.022691E-18
7.930000E+03	1.276422E-17	1.025883E-18
7.940000E+03	1.285123E-17	1.029064E-18
7.950000E+03	1.293886E-17	1.032266E-18
7.960000E+03	1.302786E-17	1.035551E-18
7.970000E+03	1.311788E-17	1.038892E-18
7.980000E+03	1.320893E-17	1.042295E-18
7.990000E+03	1.330103E-17	1.045764E-18
8.000000E+03	1.339383E-17	1.049273E-18
8.010000E+03	1.348695E-17	1.052797E-18
8.020000E+03	1.358001E-17	1.056310E-18
8.030000E+03	1.367302E-17	1.059817E-18
8.040000E+03	1.376518E-17	1.063262E-18
8.050000E+03	1.385691E-17	1.066681E-18
8.060000E+03	1.394740E-17	1.070018E-18
8.070000E+03	1.403667E-17	1.073277E-18
8.080000E+03	1.412431E-17	1.076432E-18
8.090000E+03	1.421033E-17	1.079490E-18
8.100000E+03	1.429434E-17	1.082424E-18
8.110000E+03	1.437678E-17	1.085272E-18
8.120000E+03	1.445728E-17	1.088008E-18
8.130000E+03	1.453543E-17	1.090604E-18
8.140000E+03	1.461172E-17	1.093098E-18
8.150000E+03	1.468578E-17	1.095463E-18
8.160000E+03	1.475768E-17	1.097704E-18
8.170000E+03	1.482792E-17	1.099856E-18
8.180000E+03	1.489572E-17	1.101858E-18
8.190000E+03	1.496117E-17	1.103713E-18
8.200000E+03	1.502481E-17	1.105456E-18
8.210000E+03	1.508675E-17	1.107090E-18
8.220000E+03	1.514667E-17	1.108582E-18
8.230000E+03	1.520470E-17	1.109934E-18
8.240000E+03	1.526097E-17	1.111146E-18
8.250000E+03	1.531608E-17	1.112254E-18
8.260000E+03	1.536926E-17	1.113191E-18
8.270000E+03	1.542158E-17	1.114025E-18
8.280000E+03	1.547229E-17	1.114694E-18
8.290000E+03	1.552200E-17	1.115234E-18
8.300000E+03	1.557087E-17	1.115649E-18
8.310000E+03	1.561906E-17	1.115947E-18
8.320000E+03	1.566627E-17	1.116103E-18
8.330000E+03	1.571313E-17	1.116159E-18
8.340000E+03	1.575980E-17	1.116126E-18
8.350000E+03	1.580595E-17	1.115985E-18
8.360000E+03	1.585221E-17	1.115782E-18
8.370000E+03	1.589824E-17	1.115500E-18
8.380000E+03	1.594467E-17	1.115187E-18
8.390000E+03	1.599116E-17	1.114827E-18
8.400000E+03	1.603782E-17	1.114439E-18
8.410000E+03	1.608526E-17	1.114072E-18
8.420000E+03	1.613263E-17	1.113678E-18
8.430000E+03	1.618101E-17	1.113343E-18
8.440000E+03	1.623002E-17	1.113050E-18
8.450000E+03	1.628024E-17	1.112851E-18
8.460000E+03	1.633079E-17	1.112695E-18
8.470000E+03	1.638224E-17	1.112632E-18
8.480000E+03	1.643467E-17	1.112676E-18
8.490000E+03	1.648817E-17	1.112840E-18
8.500000E+03	1.654281E-17	1.113135E-18
8.510000E+03	1.659865E-17	1.113568E-18
8.520000E+03	1.665577E-17	1.114147E-18
8.530000E+03	1.671371E-17	1.114839E-18
8.540000E+03	1.677303E-17	1.115680E-18
8.550000E+03	1.683379E-17	1.116666E-18
8.560000E+03	1.689550E-17	1.117756E-18
8.570000E+03	1.695872E-17	1.118975E-18
8.580000E+03	1.702296E-17	1.120276E-18
8.590000E+03	1.708874E-17	1.121679E-18
8.600000E+03	1.715556E-17	1.123131E-18
8.610000E+03	1.722342E-17	1.124613E-18
8.620000E+03	1.729283E-17	1.126139E-18
8.630000E+03	1.736325E-17	1.127653E-18
8.640000E+03	1.743465E-17	1.129133E-18
8.650000E+03	1.750752E-17	1.130595E-18
8.660000E+03	1.758074E-17	1.131947E-18
8.670000E+03	1.765532E-17	1.133241E-18
8.680000E+03	1.773009E-17	1.134391E-18
8.690000E+03	1.780608E-17	1.135453E-18
8.700000E+03	1.788205E-17	1.136342E-18
8.710000E+03	1.795845E-17	1.137086E-18
8.720000E+03	1.803575E-17	1.137714E-18
8.730000E+03	1.811265E-17	1.138149E-18
8.740000E+03	1.818958E-17	1.138429E-18
8.750000E+03	1.826640E-17	1.138557E-18
8.760000E+03	1.834293E-17	1.138541E-18
8.770000E+03	1.841902E-17	1.138395E-18
8.780000E+03	1.849510E-17	1.138173E-18
8.790000E+03	1.856977E-17	1.137822E-18
8.800000E+03	1.864409E-17	1.137448E-18
8.810000E+03	1.871789E-17	1.137082E-18
8.820000E+03	1.879099E-17	1.136764E-18
8.830000E+03	1.886259E-17	1.136500E-18
8.840000E+03	1.893380E-17	1.136414E-18
8.850000E+03	1.900445E-17	1.136560E-18
8.860000E+03	1.907441E-17	1.136994E-18
8.870000E+03	1.914353E-17	1.137773E-18
8.880000E+03	1.921100E-17	1.138912E-18
8.890000E+03	1.927736E-17	1.140505E-18
8.900000E+03	1.934179E-17	1.142558E-18
8.910000E+03	1.940487E-17	1.145147E-18
8.920000E+03	1.946511E-17	1.148216E-18
8.930000E+03	1.952379E-17	1.151856E-18
8.940000E+03	1.957945E-17	1.155979E-18
8.950000E+03	1.963270E-17	1.160607E-18
8.960000E+03	1.968351E-17	1.165711E-18
8.970000E+03	1.973181E-17	1.171250E-18
8.980000E+03	1.977686E-17	1.177139E-18
8.990000E+03	1.982007E-17	1.183415E-18
9.000000E+03	1.986069E-17	1.189989E-18
9.040000E+03	1.999832E-17	1.218465E-18
9.080000E+03	2.010024E-17	1.249067E-18
9.120000E+03	2.017213E-17	1.280842E-18
9.160000E+03	2.021892E-17	1.313469E-18
9.200000E+03	2.024731E-17	1.346852E-18
9.240000E+03	2.026439E-17	1.380590E-18
9.280000E+03	2.027786E-17	1.413843E-18
9.320000E+03	2.029648E-17	1.445602E-18
9.360000E+03	2.032504E-17	1.474966E-18
9.400000E+03	2.036646E-17	1.501893E-18
9.440000E+03	2.042298E-17	1.527364E-18
9.480000E+03	2.049241E-17	1.552706E-18
9.520000E+03	2.057370E-17	1.579546E-18
9.560000E+03	2.066149E-17	1.609044E-18
9.600000E+03	2.075220E-17	1.642067E-18
9.640000E+03	2.084104E-17	1.678894E-18
9.680000E+03	2.092315E-17	1.719543E-18
9.720000E+03	2.099348E-17	1.764288E-18
9.760000E+03	2.104548E-17	1.814172E-18
9.800000E+03	2.107275E-17	1.871646E-18
9.840000E+03	2.107092E-17	1.940995E-18
9.880000E+03	2.103519E-17	2.027968E-18
9.920000E+03	2.096234E-17	2.139235E-18
9.960000E+03	2.085265E-17	2.281334E-18
1.000000E+04	2.070627E-17	2.458829E-18
1.004000E+04	2.052265E-17	2.672958E-18
1.008000E+04	2.030770E-17	2.922004E-18
1.012000E+04	2.006516E-17	3.200813E-18
1.016000E+04	1.979577E-17	3.501882E-18
1.020000E+04	1.950928E-17	3.819005E-18
1.024000E+04	1.920750E-17	4.145476E-18
1.028000E+04	1.889325E-17	4.475780E-18
1.032000E+04	1.857049E-17	4.805736E-18
