MJD	Bessell_B	Bessell_B_err	Bessell_I	Bessell_I_err	Bessell_U	Bessell_U_err	Bessell_V	Bessell_V_err	sdss_g	sdss_g_err	sdss_i	sdss_i_err	sdss_r	sdss_r_err	sdss_z	sdss_z_err
57981.57	nan	nan	nan	nan	nan	nan	nan	nan	nan	nan	nan	nan	nan	nan	nan	nan
57981.62	nan	nan	nan	nan	nan	nan	nan	nan	nan	nan	nan	nan	nan	nan	nan	nan
57981.670000000006	nan	nan	nan	nan	nan	nan	nan	nan	nan	nan	nan	nan	nan	nan	nan	nan
57981.72000000001	nan	nan	nan	nan	nan	nan	nan	nan	nan	nan	nan	nan	nan	nan	nan	nan
57981.77000000001	nan	nan	nan	nan	nan	nan	nan	nan	nan	nan	nan	nan	nan	nan	nan	nan
57981.820000000014	nan	nan	nan	nan	nan	nan	nan	nan	nan	nan	nan	nan	nan	nan	nan	nan
57981.87000000002	nan	nan	nan	nan	nan	nan	nan	nan	nan	nan	nan	nan	nan	nan	nan	nan
57981.92000000002	nan	nan	nan	nan	nan	nan	nan	nan	nan	nan	nan	nan	nan	nan	nan	nan
57981.97000000002	nan	nan	nan	nan	nan	nan	nan	nan	nan	nan	nan	nan	nan	nan	nan	nan
57982.020000000026	nan	nan	nan	nan	nan	nan	nan	nan	nan	nan	nan	nan	nan	nan	nan	nan
57982.07000000003	nan	nan	nan	nan	nan	nan	nan	nan	nan	nan	nan	nan	nan	nan	nan	nan
57982.12000000003	nan	nan	nan	nan	nan	nan	nan	nan	nan	nan	nan	nan	nan	nan	nan	nan
57982.170000000035	nan	nan	nan	nan	nan	nan	nan	nan	nan	nan	nan	nan	nan	nan	nan	nan
57982.22000000004	nan	nan	nan	nan	nan	nan	nan	nan	nan	nan	nan	nan	nan	nan	nan	nan
57982.27000000004	nan	nan	nan	nan	nan	nan	nan	nan	nan	nan	nan	nan	nan	nan	nan	nan
57982.32000000004	nan	nan	nan	nan	nan	nan	nan	nan	nan	nan	nan	nan	nan	nan	nan	nan
57982.370000000046	nan	nan	nan	nan	nan	nan	nan	nan	nan	nan	nan	nan	nan	nan	nan	nan
57982.42000000005	nan	nan	nan	nan	nan	nan	nan	nan	nan	nan	nan	nan	nan	nan	nan	nan
57982.47000000005	nan	nan	nan	nan	nan	nan	nan	nan	nan	nan	nan	nan	nan	nan	nan	nan
57982.520000000055	nan	nan	nan	nan	nan	nan	nan	nan	nan	nan	nan	nan	nan	nan	nan	nan
57982.57000000006	nan	nan	nan	nan	nan	nan	nan	nan	nan	nan	nan	nan	nan	nan	nan	nan
57982.62000000006	nan	nan	nan	nan	nan	nan	2.4895971117880863e-17	4.131702544803431e-18	2.727720086248441e-17	1.3946700188521575e-17	1.1669342419373439e-17	2.121936789778489e-18	5.707919916698182e-18	5.707037411123533e-19	nan	nan
57982.670000000064	nan	nan	nan	nan	nan	nan	5.723963064057719e-17	4.392486077260969e-18	6.30142846097689e-17	2.267099886140415e-17	2.6423905070716652e-17	1.9977855358047433e-18	1.5834093690531267e-17	7.617071685187665e-18	nan	nan
57982.72000000007	4.327033101887911e-18	2.097388323041544e-18	nan	nan	nan	nan	1.0061627073993453e-16	5.916131527870261e-18	1.146999002878604e-16	2.8039012643558566e-17	4.842473083500826e-17	2.773689258254252e-18	2.845547288085326e-17	4.983302327609511e-18	3.1638890498746235e-18	1.6445380823505355e-18
57982.77000000007	6.718170248687702e-18	2.81982413026627e-18	nan	nan	nan	nan	1.5859758404152201e-16	7.621044073142077e-18	1.849364985929763e-16	3.4953041052599195e-17	7.79946781781907e-17	3.527947921510871e-18	4.392518887922845e-17	5.050875386315046e-18	4.917320149016744e-18	2.20544294041535e-18
57982.82000000007	9.477790855678878e-18	2.3718767345647765e-18	nan	nan	nan	nan	2.314263002832717e-16	9.461666724184263e-18	2.737956668338482e-16	4.240761785298966e-17	1.1562997762354636e-16	4.437164002346578e-18	6.295726889719521e-17	5.3642493890672626e-18	6.946503367943436e-18	1.8360149814599954e-18
57982.870000000075	1.2685551252321115e-17	1.380917182577418e-18	nan	nan	nan	nan	3.202486074876206e-16	1.1212423249734472e-17	3.783999935357218e-16	5.0010558612474707e-17	1.6082878799408492e-16	5.316229618250224e-18	8.642794222129301e-17	6.400736643033793e-18	9.305405746096496e-18	1.023597832210249e-18
57982.92000000008	1.641765931960707e-17	1.66633482475034e-18	nan	nan	nan	nan	4.246596565662673e-16	1.2217515129738465e-17	4.928953257355695e-16	5.737275640904013e-17	2.1198972997963506e-16	5.3920234715468776e-18	1.1464470735303725e-16	7.350861420979937e-18	1.2046414668236402e-17	1.2669076676773495e-18
57982.97000000008	2.0707796880096717e-17	2.0276835386552917e-18	nan	nan	nan	nan	5.342512915230809e-16	1.0320987589429223e-17	6.090866124168371e-16	6.504759342130366e-17	2.6277822100396205e-16	4.4183961143198026e-18	1.4713191017417582e-16	8.437859216184324e-18	1.519468840411765e-17	1.5385081566384208e-18
57983.020000000084	2.557246368995328e-17	2.0457683979995596e-18	nan	nan	nan	nan	6.282037906329542e-16	1.4282737029458298e-17	7.165113732712233e-16	7.436995837318084e-17	3.034337220243482e-16	9.536380333829767e-18	1.824841386231416e-16	9.785727843869935e-18	1.876487543584328e-17	1.5247311763801336e-18
57983.07000000009	3.101938537121819e-17	2.3037932944617173e-18	nan	nan	nan	nan	6.936595889213554e-16	3.1420922181935986e-17	8.069033435437096e-16	8.569588577056921e-17	3.3218912454301583e-16	1.8377855802351586e-17	2.2074150843888296e-16	1.0922621854983018e-17	2.276486548622118e-17	1.7273423678162562e-18
57983.12000000009	3.7032619083443084e-17	2.4895724266277904e-18	nan	nan	nan	nan	7.344387178695101e-16	5.077681964584376e-17	8.801135552528431e-16	9.68915842593763e-17	3.510948429173252e-16	2.7575200449634915e-17	2.6366232751451475e-16	1.1848135020497987e-17	2.718372413019215e-17	1.8610051087903366e-18
57983.17000000009	4.357604735133045e-17	2.7507797298673375e-18	nan	nan	nan	nan	7.548662902066684e-16	6.95165646549144e-17	9.37146017876712e-16	1.0547369546555533e-16	3.6192268161935496e-16	3.628043467062638e-17	3.125755618829202e-16	1.3011756838808191e-17	3.199240371680024e-17	2.058161484490898e-18
57983.220000000096	5.057816716894817e-17	3.0228586982577512e-18	nan	nan	nan	nan	7.586567194595338e-16	8.650501311152214e-17	9.78777620586767e-16	1.0980183014981761e-16	3.6618744870907617e-16	4.4079713355331245e-17	3.6782262841954114e-16	1.413869480158996e-17	3.712884820804334e-17	2.263654426669979e-18
57983.2700000001	5.805072895559873e-17	3.2638366642119637e-18	nan	nan	nan	nan	7.490018788036808e-16	1.0110082731411127e-16	1.005069663873574e-15	1.0954725582746208e-16	3.651831553013413e-16	5.072819757584983e-17	4.2837473185152013e-16	1.4762077520058265e-17	4.259876166660039e-17	2.4427768272864663e-18
57983.3200000001	6.607104867563714e-17	3.493769486932375e-18	nan	nan	nan	nan	7.286489339564658e-16	1.1290862669680901e-16	1.015334093300523e-15	1.0567189199118058e-16	3.6001471846554913e-16	5.607348132153559e-17	4.894099012969448e-16	1.3848410158209567e-17	4.846155051962408e-17	2.613786901349172e-18
57983.370000000104	7.470440128603485e-17	3.718824665095924e-18	nan	nan	nan	nan	6.99969280506301e-16	1.2168072108089542e-16	1.0081044678086804e-15	1.005811319236505e-16	3.5162575817883944e-16	6.00203513980509e-17	5.40944056714446e-16	1.053217410957541e-17	5.4766641300137276e-17	2.780957061257146e-18
57983.42000000011	8.398748259985009e-17	3.959410820702441e-18	nan	nan	nan	nan	6.650198646461319e-16	1.2726632330448411e-16	9.81184354020928e-16	9.792435776644697e-17	3.4082301082737954e-16	6.251135963369321e-17	5.682063826221091e-16	1.1974231210235977e-17	6.154249373689812e-17	2.961143341245044e-18
57983.47000000011	9.394073356477666e-17	4.208373576693518e-18	nan	nan	nan	nan	6.255980358692314e-16	1.2958302957371653e-16	9.35312968343846e-16	9.816237978654765e-17	3.282978223457343e-16	6.351559341400471e-17	5.650406217642061e-16	2.086470222081294e-17	6.881036240576335e-17	3.1476501104612628e-18
57983.52000000011	1.0457763904313394e-16	4.4684899509870574e-18	nan	nan	nan	nan	5.832909687389647e-16	1.2860161184352875e-16	8.753436666718599e-16	9.73751731569728e-17	3.146451324448726e-16	6.302264098645552e-17	5.392524990316181e-16	2.7758916115179004e-17	7.659444028593539e-17	3.3431092601455664e-18
57983.570000000116	1.158895987449223e-16	4.7263109335151604e-18	nan	nan	nan	nan	5.395205965988893e-16	1.2434047190145145e-16	8.057638901941779e-16	9.273655936574636e-17	3.003803166699334e-16	6.1040466406264e-17	4.987424503742527e-16	3.012418966166877e-17	8.491148301124262e-17	3.5355506599697335e-18
57983.62000000012	1.278520843398166e-16	4.992030431247239e-18	nan	nan	nan	nan	4.955849215492705e-16	1.1686857429627824e-16	7.30523419829269e-16	8.327970245788366e-17	2.859542145238495e-16	5.759679310132437e-17	4.507595356109017e-16	2.7318833876649532e-17	9.377478197858482e-17	3.733277555598985e-18
57983.67000000012	1.4035380907864464e-16	5.258335021909849e-18	nan	nan	nan	nan	4.526965009294591e-16	1.0631740283883359e-16	6.531798740177654e-16	7.010551891421595e-17	2.7176663896385594e-16	5.274426605432359e-17	4.021579465474796e-16	1.9570579352395974e-17	1.0313167883855508e-16	3.928586648898268e-18
57983.720000000125	1.5322676340889163e-16	5.489378585441726e-18	nan	nan	nan	nan	4.1201885988402605e-16	9.290444687512377e-17	5.770330296298161e-16	5.740155936720587e-17	2.5817863468514336e-16	4.657046524405517e-17	3.596423055962268e-16	8.749328596541398e-18	1.1288429390095787e-16	4.089047795160108e-18
57983.77000000013	1.6622121589971053e-16	5.652434737767565e-18	nan	nan	nan	nan	3.7470154153621133e-16	7.697409112420532e-17	5.052429573004037e-16	5.250564810052541e-17	2.4552372928908147e-16	3.921525922117464e-17	3.2958085995585304e-16	1.0121856654408627e-17	1.2285893027030234e-16	4.188787329704653e-18
57983.82000000013	1.7897082275103768e-16	5.6923201581154214e-18	nan	nan	nan	nan	3.4191448022296577e-16	5.906956003222632e-17	4.4083394980771233e-16	5.2060332812148246e-17	2.3411840230511757e-16	3.0901324471970255e-17	3.122517748023442e-16	1.7777594483696162e-17	1.327624712015832e-16	4.193280088842844e-18
57983.87000000013	1.9102394706416059e-16	5.550236958812201e-18	nan	nan	nan	nan	3.148823687267336e-16	4.007338219683322e-17	3.8683982727982924e-16	4.652084990568326e-17	2.242719817746131e-16	2.1994040118877527e-17	3.0333778483291716e-16	1.974633143608836e-17	1.4219463290652584e-16	4.0910697987529316e-18
57983.92000000014	2.0188845544638256e-16	5.255445931153293e-18	nan	nan	nan	nan	2.949196872158086e-16	2.1563681777555617e-17	3.4651319001720407e-16	3.225713608261325e-17	2.1629616645221696e-16	1.3153646804064814e-17	2.9859029790834727e-16	1.5970678127460123e-17	1.5067283928816586e-16	3.9990294145231564e-18
57983.97000000014	2.1108083026421244e-16	5.115885929880173e-18	nan	nan	nan	nan	2.8344368331729407e-16	7.527961620654958e-18	3.23446867715652e-16	1.1191719946500808e-17	2.1051436343384e-16	5.982507441080637e-18	2.9381492308089177e-16	9.352572840139259e-18	1.576630610565627e-16	4.298946528040337e-18
57984.02000000014	2.1825382180713254e-16	5.832219078165665e-18	nan	nan	nan	nan	2.781727291364583e-16	5.9063059771422885e-18	3.19828217547086e-16	1.7349518636627057e-17	2.0647171308548405e-16	3.536603880796292e-18	2.853677953287079e-16	6.117636798683174e-18	1.6269032866526715e-16	5.426340046191764e-18
57984.070000000145	2.2361081914370603e-16	7.788901616064155e-18	nan	nan	nan	nan	2.6791211584723076e-16	1.5060869427934248e-17	3.193604451841802e-16	3.5069907998291695e-17	2.0182148950839537e-16	6.366712894566906e-18	2.7408857821324237e-16	7.555297053969295e-18	1.65778668363971e-16	7.126360263828634e-18
57984.12000000015	2.2739441303146607e-16	1.0570372069674614e-17	nan	nan	nan	nan	2.565307504556549e-16	3.094697275042585e-17	3.07698212536821e-16	5.138289613156762e-17	1.9581750048234641e-16	1.240851732226979e-17	2.617978470330471e-16	1.753444568825408e-17	1.671587384363035e-16	9.001248226183223e-18
57984.17000000015	2.29751274623938e-16	1.3732752627950987e-17	nan	nan	nan	nan	2.448173010473613e-16	4.776418409437763e-17	2.872564752993594e-16	6.153528780851839e-17	1.889131555112269e-16	1.703357714590745e-17	2.4897455853441595e-16	2.5135443329875316e-17	1.670462140959755e-16	1.0837879848182493e-17
57984.220000000154	2.308164071756545e-16	1.7047429104967478e-17	nan	nan	nan	nan	2.3297508990880293e-16	6.303142772604933e-17	2.6124391133502877e-16	6.291802104715981e-17	1.815410485776319e-16	1.9306359491675497e-17	2.3592233555510916e-16	2.821452952899389e-17	1.6564241361097076e-16	1.2522115814050364e-17
57984.27000000016	2.307143747932146e-16	2.038949631605427e-17	nan	nan	nan	nan	2.2116734684093875e-16	7.549804678454755e-17	2.326147968152045e-16	5.4852013167967714e-17	1.7409251861618133e-16	1.92482531155556e-17	2.228659981548013e-16	2.64985870039768e-17	1.6313588647545645e-16	1.3987321236017652e-17
57984.32000000016	2.2956007791584833e-16	2.3681672265512977e-17	nan	nan	nan	nan	2.0952300505493647e-16	8.443363572866304e-17	2.0417106228088395e-16	3.910294236057105e-17	1.6692859227999953e-16	1.787418119320606e-17	2.099628858774959e-16	2.159572375334043e-17	1.597039210075934e-16	1.5193040119908172e-17
57984.37000000016	2.274594794321109e-16	2.6871399605322233e-17	nan	nan	nan	nan	1.9814164941258232e-16	8.940518386648115e-17	1.7866011534718038e-16	2.711584649039832e-17	1.6038955531761185e-16	1.770908216882458e-17	1.9731204094525554e-16	1.9796174249898044e-17	1.555139803262932e-16	1.6115925694465015e-17
57984.420000000166	2.2451028487103596e-16	2.9920674891346e-17	nan	nan	nan	nan	1.8709771911014655e-16	9.0180522138258e-17	1.5821906161238197e-16	4.0659666511669627e-17	1.546724743106803e-16	2.0331485040110116e-17	1.8499082700491272e-16	2.6004330618410882e-17	1.507250752704011e-16	1.6745756480695575e-17
57984.47000000017	2.2080257990522895e-16	3.2800938273528865e-17	nan	nan	nan	nan	1.7644405301789882e-16	8.66844096992749e-17	1.4249068479254252e-16	5.911320168086602e-17	1.4967352260383168e-16	2.3342938763048997e-17	1.7309781830933566e-16	3.296012768987136e-17	1.4548908247940905e-16	1.708393857277737e-17
57984.52000000017	2.1641942821621592e-16	3.549019615968418e-17	nan	nan	nan	nan	1.6621485353348342e-16	7.898590012552373e-17	1.3057682895709918e-16	7.096370442942026e-17	1.4524260583931233e-16	2.4930326642293135e-17	1.6170221819632389e-16	3.670990562236907e-17	1.3995201555388118e-16	1.7143547927322383e-17
57984.570000000174	2.1143743259807085e-16	3.797124148348268e-17	nan	nan	nan	nan	1.564281337824116e-16	6.731240645524046e-17	1.2166531430700063e-16	7.375804495153295e-17	1.4122042409250245e-16	2.4352580166020605e-17	1.5084062847884717e-16	3.6061534976937135e-17	1.342552569547883e-16	1.6950603059057144e-17
57984.62000000018	2.059272620132803e-16	4.0230468836545306e-17	nan	nan	nan	nan	1.4708770311890522e-16	5.209919506438828e-17	1.15006839043806e-16	6.696974392108728e-17	1.3743518011415937e-16	2.1486253741540612e-17	1.4052153896773937e-16	3.081167727083118e-17	1.2853675808258276e-16	1.654648931008498e-17
57984.67000000018	1.9995414716425391e-16	4.22570404726453e-17	nan	nan	nan	nan	1.3818473698149028e-16	3.4124813298393756e-17	1.0989312847148386e-16	5.1080981334257116e-17	1.336989110051694e-16	1.677374932749774e-17	1.307287146653136e-16	2.1453913388798936e-17	1.2293221479798762e-16	1.5991375221311674e-17
57984.72000000018	1.9357834700428467e-16	4.404227470725819e-17	nan	nan	nan	nan	1.296989690903936e-16	1.522489290403146e-17	1.0563582142043956e-16	2.812326561302832e-17	1.2980337843571712e-16	1.1865354439819741e-17	1.2142359265947457e-16	1.0267608552181693e-17	1.1757622550622315e-16	1.5367844920237113e-17
57984.770000000186	1.86855588482515e-16	4.5579184093400734e-17	nan	nan	nan	nan	1.215976103314413e-16	1.0501679184671464e-17	1.0154681785146051e-16	1.4854556240487946e-17	1.2549493467439788e-16	1.103204334136612e-17	1.1260558146577818e-16	1.1118265355677612e-17	1.1260163339502272e-16	1.4781170403283243e-17
57984.82000000019	1.7983748169805302e-16	4.6862119767457295e-17	nan	nan	nan	nan	1.137627306316256e-16	2.0290087546621512e-17	9.717530565831334e-17	3.38238303551064e-17	1.2073930943059851e-16	1.3283904604473379e-17	1.0513797552591873e-16	1.811287301491211e-17	1.080722351240644e-16	1.4311503500562665e-17
57984.87000000019	1.7257191252831497e-16	4.788649442256873e-17	nan	nan	nan	nan	1.059671292406769e-16	2.2346457532225454e-17	9.261408930021755e-17	4.620487105289671e-17	1.1614387806895618e-16	1.37436704353186e-17	1.0057638136372047e-16	1.961235786057639e-17	1.0396235401482746e-16	1.3999731671116186e-17
57984.920000000195	1.6510341469551543e-16	4.8648565787170887e-17	nan	nan	nan	nan	9.796090687081289e-17	1.6557300861982716e-17	8.800277688472699e-17	4.637719329745609e-17	1.1236672026677648e-16	1.1140231674852814e-17	1.0056200728358128e-16	1.5330744790911815e-17	1.0024184771020195e-16	1.390782816267606e-17
57984.9700000002	1.5747352314253118e-16	4.914526830694186e-17	nan	nan	nan	nan	8.947300590321485e-17	7.17813653962403e-18	8.345527204141948e-17	3.493088027272203e-17	1.1006821535498846e-16	6.5419433448330446e-18	1.068610032285159e-16	7.591021191523793e-18	9.688202825280891e-17	1.4118039690991064e-17
57985.0200000002	1.4972111050480407e-16	4.9374084505179e-17	nan	nan	nan	nan	8.157925452414126e-17	5.49450507267181e-18	7.906464727487895e-17	2.3805984335565562e-17	1.094846537145834e-16	7.215994116042662e-18	1.1761703630392682e-16	3.454822109423276e-18	9.385539058932458e-17	1.469395200804421e-17
57985.0700000002	1.41882708388118e-16	4.933295006657401e-17	nan	nan	nan	nan	7.539520518482152e-17	1.4442855355266286e-17	7.490279980622148e-17	4.434269673489738e-17	1.090277629823368e-16	1.3255296397882492e-17	1.2226718004858858e-16	1.507219226167182e-17	9.113478816012041e-17	1.55483955701534e-17
57985.120000000206	1.3399281509271292e-16	4.9020188526006535e-17	nan	nan	nan	nan	7.084892064160783e-17	2.6129631823367427e-17	7.101029638481406e-17	7.548654647035762e-17	1.0834540615018939e-16	1.8195797252434423e-17	1.2080082835953661e-16	2.4550084013587095e-17	8.869368707031209e-17	1.653547960881429e-17
57985.17000000021	1.2608419136196858e-16	4.843447282958424e-17	nan	nan	nan	nan	6.77485295780684e-17	3.466002019112196e-17	6.741238047643549e-17	1.0609798416158214e-16	1.0735617356430564e-16	2.0638151129543985e-17	1.1494101466908953e-16	2.966721572472094e-17	8.650633952898463e-17	1.7534963772301303e-17
57985.22000000021	1.1818814567856663e-16	4.757481214905589e-17	nan	nan	nan	nan	6.583138600161299e-17	3.755377659499457e-17	6.412532792634599e-17	1.3395761442631602e-16	1.0595402927242024e-16	2.0216173143085928e-17	1.0622783649984484e-16	2.955996258090098e-17	8.45476204602306e-17	1.8459217953375786e-17
57985.270000000215	1.1033481058237058e-16	4.644056329815365e-17	nan	nan	nan	nan	6.48536894568324e-17	3.391116354580967e-17	6.115790774361835e-17	1.582154218288428e-16	1.0400581325883128e-16	1.6992650242261505e-17	9.607216781706883e-17	2.4028976147071295e-17	8.279286347001968e-17	1.9250000573386136e-17
57985.32000000022	1.0255341144206848e-16	4.503146702230858e-17	nan	nan	nan	nan	6.458478554269954e-17	2.4078674317333466e-17	5.851251989766466e-17	1.7845156799920662e-16	1.0134812975909087e-16	1.1575712161247315e-17	8.580581939295436e-17	1.3721308739113095e-17	8.121769687826116e-17	1.987333092892129e-17
57985.37000000022	9.487252907670625e-17	4.334771041555088e-17	nan	nan	nan	nan	6.480164763591243e-17	1.247474658751292e-17	5.618604454580819e-17	1.9444310191699104e-16	9.778915079923983e-17	6.732276714463266e-18	7.672714426836784e-17	7.267536932867716e-18	7.979787890689519e-17	2.031554988821902e-17
57985.420000000224	8.732035759346137e-17	4.139001789786839e-17	nan	nan	nan	nan	6.528243681394972e-17	1.9405744743192026e-17	5.417042945956466e-17	2.0606760684811594e-16	9.401253937488569e-17	9.454606180157714e-18	6.96624770636278e-17	1.8932411433671644e-17	7.850913110361322e-17	2.0581254532629892e-17
57985.47000000023	7.992495878423281e-17	3.915977478943905e-17	nan	nan	nan	nan	6.579460309284632e-17	3.2164139484860377e-17	5.245303540852442e-17	2.132518357853675e-16	9.099500327944592e-17	1.504037521829254e-17	6.439523121391042e-17	2.87350605931527e-17	7.732696906489806e-17	2.0692980392933703e-17
57985.52000000023	7.271451440575906e-17	3.6659189980302376e-17	nan	nan	nan	nan	6.609319673095035e-17	4.005890482649407e-17	5.1016752736581204e-17	2.1594119416218184e-16	8.86207435408126e-17	1.8842451476258494e-17	6.060263472212292e-17	3.3832553472988666e-17	7.622652950135416e-17	2.0692237275714467e-17
57985.57000000023	6.571757765594093e-17	3.3891508450406504e-17	nan	nan	nan	nan	6.591808135002248e-17	4.16055428889836e-17	4.983989617809328e-17	2.1408130284432433e-16	8.674393785101613e-17	1.9899537960246675e-17	5.79933629110985e-17	3.373467052728659e-17	7.518239266267459e-17	2.06412112097711e-17
57985.620000000235	5.896332515276558e-17	3.086129265675677e-17	nan	nan	nan	nan	6.498751459393416e-17	3.6683396235702596e-17	4.889587897143391e-17	2.0760777550682027e-16	8.521734391476051e-17	1.8079510037757257e-17	5.62987771495155e-17	2.847043810967418e-17	7.416839910890776e-17	2.062383884684798e-17
57985.67000000024	5.248181072172144e-17	2.757480983610257e-17	nan	nan	nan	nan	6.299125386984006e-17	2.606152060937865e-17	4.815266139872657e-17	1.9644240745644423e-16	8.388890974825595e-17	1.3862360926283611e-17	5.526459236963177e-17	1.858412690250294e-17	7.315745977877048e-17	2.074402366527024e-17
57985.72000000024	4.630422230278131e-17	2.4040606862187364e-17	nan	nan	nan	nan	5.958307597061143e-17	1.2798771948112151e-17	4.7571962879522214e-17	1.8049509564256682e-16	8.259820887460136e-17	9.368215487197854e-18	5.4642768503109007e-17	6.858231050918316e-18	7.212135826442165e-17	2.1118094664571012e-17
57985.770000000244	4.046314329899532e-17	2.0270481405426765e-17	nan	nan	nan	nan	5.4431513266223336e-17	1.3583557209616544e-17	4.7108220537902604e-17	1.5967160812281372e-16	8.11864516170254e-17	1.0382690316436203e-17	5.4199556264936746e-17	1.3007759722195852e-17	7.103222984422992e-17	2.1853873855733664e-17
57985.82000000025	3.49928197054693e-17	1.6281489768278953e-17	nan	nan	nan	nan	4.80367692580924e-17	2.117458956431573e-17	4.670727060821708e-17	1.338880793119445e-16	7.962178376109629e-17	1.3961458776709547e-17	5.381113073753984e-17	2.2089505840301722e-17	6.988590962582985e-17	2.2951810023178795e-17
57985.87000000025	2.992943438008935e-17	1.210148828283502e-17	nan	nan	nan	nan	4.154025564266159e-17	2.147719307750413e-17	4.630472199890311e-17	1.0309410428151316e-16	7.794008104353823e-17	1.513639637809988e-17	5.339355026974796e-17	2.547713742790902e-17	6.869610566795275e-17	2.4328218577930756e-17
57985.92000000025	2.5311389845869827e-17	7.792154944552862e-18	nan	nan	nan	nan	3.60910974409487e-17	1.442100510695664e-17	4.5823983641461647e-17	6.730857544568208e-17	7.616292245438782e-17	1.2682929377017214e-17	5.284678006523049e-17	2.2391033216657463e-17	6.747559786187677e-17	2.5897561002634643e-17
57985.970000000256	2.117960104935717e-17	3.6399944270117004e-18	nan	nan	nan	nan	3.285788058175459e-17	4.4313434510894545e-18	4.5173898744580264e-17	2.6692672747304774e-17	7.429730607024795e-17	6.599956143188743e-18	5.2051179406298235e-17	1.2935295551982714e-17	6.623585768616231e-17	2.758442380659085e-17
57986.02000000026	1.7576764726818982e-17	2.921545839334721e-18	nan	nan	nan	nan	3.11651169838166e-17	3.4391823679540963e-18	4.4248538743772574e-17	1.802493661467038e-17	7.23371028769166e-17	5.6387149985736504e-18	5.0864092984837184e-17	5.598828484741496e-18	6.498715755157785e-17	2.932699783971415e-17
57986.07000000026	1.4508457762295774e-17	6.6494652090761846e-18	nan	nan	nan	nan	2.7594075685466356e-17	1.1200841987661224e-17	4.302301867982389e-17	5.941031074339687e-17	7.030116996478626e-17	1.5855168049764855e-17	4.9216324232897935e-17	2.1354244667793812e-17	6.37386709957207e-17	3.1076693494482346e-17
57986.120000000265	1.1931169983639285e-17	1.0483611903060802e-17	nan	nan	nan	nan	2.4321423196978944e-17	2.810041431834879e-17	4.158337726839244e-17	9.589302149406601e-17	6.82457953624509e-17	2.6258712378484607e-17	4.72353682970734e-17	3.685480866902813e-17	6.249856435741065e-17	3.2796188232210604e-17
57986.17000000027	9.800852723131648e-18	1.3966495337142084e-17	nan	nan	nan	nan	2.1544423371096163e-17	4.7360366316364516e-17	4.000636539132219e-17	1.2725441332079534e-16	6.621916109461142e-17	3.595370664505786e-17	4.505403080219759e-17	5.01688432136671e-17	6.127408051085708e-17	3.445716677820563e-17
57986.22000000027	8.076159215539536e-18	1.702423598208455e-17	nan	nan	nan	nan	1.920114921822562e-17	6.653064050642332e-17	3.8353487338257085e-17	1.5345665561457914e-16	6.425949166643748e-17	4.46398863183215e-17	4.2784863674353085e-17	6.077998447748789e-17	6.007161519266177e-17	3.603828333363939e-17
57986.27000000027	6.718204881429088e-18	1.962808724268923e-17	nan	nan	nan	nan	1.723707783624407e-17	8.439160397731779e-17	3.6673394805303316e-17	1.7454017458798871e-16	6.239632731081772e-17	5.214436388352607e-17	4.052459089778826e-17	6.840784892657875e-17	5.88967864106887e-17	3.7523496200878984e-17
57986.320000000276	5.6903391100977e-18	2.1761667490084607e-17	nan	nan	nan	nan	1.560410459115035e-17	1.0021294456828256e-16	3.5003886065404125e-17	1.9058531713862083e-16	6.065156951979781e-17	5.83587125577063e-17	3.8358024517390195e-17	7.289715572212916e-17	5.775449738246385e-17	3.8900766139375686e-17
57986.37000000028	4.957927489059466e-18	2.3414036294223535e-17	nan	nan	nan	nan	1.425965775397427e-17	1.1352738935861215e-16	3.3373562139587516e-17	2.0168853106014028e-16	5.90403203931771e-17	6.321303864352596e-17	3.636157559919107e-17	7.417459088587876e-17	5.66489934118581e-17	4.0161058594049153e-17
57986.42000000028	4.488143470701995e-18	2.457747436377003e-17	nan	nan	nan	nan	1.3165899102402455e-17	1.2402479860452563e-16	3.1803183557731893e-17	2.0794804719918196e-16	5.75715333745301e-17	6.666103196429461e-17	3.460645457521121e-17	7.222980045525934e-17	5.558391307613147e-17	4.1297583643095066e-17
57986.470000000285	4.249768506214207e-18	2.524655216541873e-17	nan	nan	nan	nan	1.2288997272564054e-17	1.3149279490385164e-16	3.030676403218596e-17	2.0945710198366762e-16	5.624848929042123e-17	6.867038438612186e-17	3.3161647301233126e-17	6.711259903550209e-17	5.456233406079563e-17	4.230521654986062e-17
57986.52000000029	4.2129997123240135e-18	2.5417669166085698e-17	nan	nan	nan	nan	1.1598461719460772e-17	1.3578035869541644e-16	2.889243092096729e-17	2.063039096573283e-16	5.506910820038774e-17	6.921650620897533e-17	3.2096747061934835e-17	5.894633817487679e-17	5.35868139469975e-17	4.31800540050407e-17
57986.57000000029	4.3492641679015136e-18	2.508881366811145e-17	nan	nan	nan	nan	1.1066526028838274e-17	1.3677458063249858e-16	2.7563076589893702e-17	1.9857847644864666e-16	5.402610434546017e-17	6.827854582524328e-17	3.148471852525965e-17	4.7965187353432365e-17	5.2659426225055836e-17	4.391907220588589e-17
57986.620000000294	4.631038965242921e-18	2.4259454358248882e-17	nan	nan	nan	nan	1.0667570031649002e-17	1.3438582445543718e-16	2.6316819569451398e-17	1.8638728311199822e-16	5.3106988396691987e-17	6.583718590720539e-17	3.140466717510293e-17	3.460922083454655e-17	5.1781791778238455e-17	4.4519861747119996e-17
57986.6700000003	5.0316761649070375e-18	2.2930531960853363e-17	nan	nan	nan	nan	1.0377570714456948e-17	1.2853880895989501e-16	2.5147289628735567e-17	1.6987811870644677e-16	5.229391819974107e-17	6.187395164632835e-17	3.194468697415522e-17	1.9899524335402304e-17	5.095510605269109e-17	4.4980420967053223e-17
57986.7200000003	5.525231823473945e-18	2.1104548543076504e-17	nan	nan	nan	nan	1.0173572302711007e-17	1.1916828471728022e-16	2.4043746450898555e-17	1.4927937498880604e-16	5.156339623568138e-17	5.637195189669309e-17	3.3204859899348105e-17	9.315500004980248e-18	5.018016210245599e-17	4.5298994306559543e-17
57986.7700000003	6.086298280586169e-18	1.8785783387380573e-17	nan	nan	nan	nan	1.003316612388455e-17	1.0621868565911703e-16	2.2991037394860976e-17	1.2496189041387545e-16	5.0885809021184244e-17	4.931814996579978e-17	3.511157446200619e-17	1.585907675071921e-17	4.945736967262281e-17	4.547394582698012e-17
57986.820000000305	6.689838905190989e-18	1.5980739194119703e-17	nan	nan	nan	nan	9.93397093667841e-18	8.96476674412661e-17	2.196939577441152e-17	9.753952521788866e-17	5.022480060201017e-17	4.0707521971623224e-17	3.6846675376681043e-17	2.162954974068201e-17	4.878677045867786e-17	4.550366065468319e-17
57986.87000000031	7.311024511080605e-18	1.2699201802900348e-17	nan	nan	nan	nan	9.853104341437544e-18	6.943407784813788e-17	2.095407708933425e-17	6.804502768523429e-17	4.9536469100330725e-17	3.0550191335174065e-17	3.7387277240604735e-17	2.1393541169651446e-17	4.8168049655937375e-17	4.538646905015493e-17
57986.92000000031	7.925070658673155e-18	8.957797825022779e-18	nan	nan	nan	nan	9.766635663696091e-18	4.559283206943794e-17	1.99148266164376e-17	3.8282388039294914e-17	4.876837190484354e-17	1.8887013256240027e-17	3.565961516833703e-17	1.557385463057346e-17	4.760054388942958e-17	4.512058924122664e-17
57986.970000000314	8.507075063496829e-18	4.802370234279753e-18	nan	nan	nan	nan	9.649010323286542e-18	1.8223697832063254e-17	1.8815167623581632e-17	1.1772509619715863e-17	4.7858321486274364e-17	5.913135313807851e-18	3.0502608081376326e-17	6.4970405858474664e-18	4.7083245591600905e-17	4.4704086261661313e-17
57987.02000000032	9.031854332074673e-18	1.1652745227863657e-18	nan	nan	nan	nan	nan	nan	nan	nan	4.6738709021774563e-17	8.59467749957665e-18	2.302995283683887e-17	6.2723506845096856e-18	4.661480387264278e-17	4.413484490739442e-17
57987.07000000032	9.479393512376187e-18	4.987017841361486e-18	nan	nan	nan	nan	nan	nan	nan	nan	4.541552602795525e-17	2.148284288328398e-17	1.8369145115196927e-17	1.8178220195397284e-17	4.6193521905938125e-17	4.341055564757106e-17
57987.12000000032	9.851564454436213e-18	9.662806611269609e-18	nan	nan	nan	nan	nan	nan	nan	nan	4.394880147388539e-17	3.3084615270660926e-17	1.6301698050991455e-17	2.754211267493674e-17	4.581735082899706e-17	4.252871297683361e-17
57987.170000000326	1.0155283273468394e-17	1.4261628613151845e-17	nan	nan	nan	nan	nan	nan	nan	nan	4.238957469810483e-17	4.3273623714273783e-17	1.6158625156651975e-17	3.2535547873453613e-17	4.54838801381617e-17	4.1486626337520574e-17
57987.22000000033	1.0396936020575022e-17	1.8732138895762632e-17	nan	nan	nan	nan	nan	nan	nan	nan	4.0779695655572963e-17	5.201466951013729e-17	1.7331311199221844e-17	3.228196693120166e-17	4.5190324533195255e-17	4.028144445559469e-17
57987.27000000033	1.0582415959240919e-17	2.3053590011061556e-17	nan	nan	nan	nan	nan	nan	nan	nan	3.915311573477622e-17	5.929853285666544e-17	1.9250987994917532e-17	2.6399017006979843e-17	4.4933507145511153e-17	3.8910194835067743e-17
57987.320000000334	1.0717158349938564e-17	2.7213188720448686e-17	nan	nan	nan	nan	nan	nan	nan	nan	3.753698891388109e-17	6.512854440825804e-17	2.1369181062016313e-17	1.5176293546767854e-17	4.470983906111536e-17	3.7369841425905056e-17
57987.37000000034	1.0806172903687186e-17	3.120225513458045e-17	nan	nan	nan	nan	nan	nan	nan	nan	3.595260549028527e-17	6.951340428565807e-17	nan	nan	4.4515295026220686e-17	3.565736544882475e-17
57987.42000000034	1.085407405525587e-17	3.501490545440389e-17	nan	nan	nan	nan	nan	nan	nan	nan	3.4416177493095906e-17	7.246246547477047e-17	nan	nan	4.4345385199800725e-17	3.376987765998162e-17
57987.47000000034	1.0865109197175325e-17	3.864736300043895e-17	nan	nan	nan	nan	nan	nan	nan	nan	3.293949209518326e-17	7.398254610195957e-17	nan	nan	4.419512279298078e-17	3.1704776262140174e-17
57987.520000000346	1.0843185006794614e-17	4.2097501572990453e-17	nan	nan	nan	nan	nan	nan	nan	nan	3.15304468338816e-17	7.40758735248554e-17	nan	nan	4.405898740995786e-17	2.9459976018574736e-17
57987.57000000035	1.079189199023533e-17	4.5364504159319963e-17	nan	nan	nan	nan	nan	nan	nan	nan	3.019347818504531e-17	7.273895359823489e-17	nan	nan	4.393088387898761e-17	2.703425737687237e-17
57987.62000000035	1.0714527359238084e-17	4.8448592081105835e-17	nan	nan	nan	nan	nan	nan	nan	nan	2.892989297587121e-17	6.996226419590835e-17	nan	nan	4.380409633471767e-17	2.4427835666311575e-17
57987.670000000355	1.06141163495203e-17	5.1350803194652506e-17	nan	nan	nan	nan	nan	nan	nan	nan	2.773811023283057e-17	6.573075285381644e-17	nan	nan	4.36712372846524e-17	2.164337336289153e-17
57987.72000000036	1.0493432082353444e-17	5.407280703088931e-17	nan	nan	nan	nan	nan	nan	nan	nan	2.6613819310170787e-17	6.002519979632287e-17	nan	nan	4.352419136264201e-17	1.8687984422172293e-17
57987.77000000036	1.0355014064577862e-17	5.66167490704833e-17	nan	nan	nan	nan	nan	nan	nan	nan	2.555005850194869e-17	5.2824620289101974e-17	nan	nan	4.3354053440849154e-17	1.5577758045105864e-17
57987.82000000036	1.020118541619512e-17	5.898511865501139e-17	nan	nan	nan	nan	nan	nan	nan	nan	2.453721677846356e-17	4.4110114304401807e-17	nan	nan	4.315106073848982e-17	1.2349760235989607e-17
57987.87000000037	1.0034068908970409e-17	6.118063642212183e-17	nan	nan	nan	nan	nan	nan	nan	nan	2.3562959779625628e-17	3.3871359595080234e-17	nan	nan	4.2904518530598225e-17	9.101090282356377e-18
57987.92000000037	9.855601894131906e-18	6.320615806669804e-17	nan	nan	nan	nan	nan	nan	nan	nan	2.261207971752549e-17	2.212159632659061e-17	nan	nan	4.260271902294864e-17	6.150049954848225e-18
57987.97000000037	9.667550192234294e-18	6.506459187484295e-17	nan	nan	nan	nan	nan	nan	nan	nan	2.1666267363074377e-17	8.996745764908964e-18	nan	nan	4.2232852919881197e-17	4.669695598096287e-18
57988.020000000375	9.471521013554898e-18	6.675882795541373e-17	nan	nan	nan	nan	nan	nan	nan	nan	2.070429715776553e-17	6.3368759745424655e-18	nan	nan	4.1785550902669206e-17	6.1286978767455216e-18
57988.07000000038	9.268974972976e-18	6.829167746104269e-17	nan	nan	nan	nan	nan	nan	nan	nan	1.972040365504888e-17	2.003030755776639e-17	nan	nan	4.1268736045713963e-17	9.042915964546013e-18
57988.12000000038	9.061237259174449e-18	6.966582038036676e-17	nan	nan	nan	nan	nan	nan	nan	nan	1.8730051007518e-17	3.2902079497574364e-17	nan	nan	4.069377268945583e-17	1.2233677876200041e-17
57988.170000000384	8.849508014062775e-18	7.088376071663295e-17	nan	nan	nan	nan	nan	nan	nan	nan	1.774712560389121e-17	4.470864137427951e-17	nan	nan	4.007092628413636e-17	1.5381581841287374e-17
57988.22000000039	8.634871974787796e-18	7.19477880590434e-17	nan	nan	nan	nan	nan	nan	nan	nan	1.6782769472257397e-17	5.544103591750776e-17	nan	nan	3.9409453209356387e-17	1.838914205109821e-17
57988.27000000039	8.41830742718639e-18	7.285994471201774e-17	nan	nan	nan	nan	nan	nan	nan	nan	1.584581277156066e-17	6.512813415415165e-17	nan	nan	3.8717683385323244e-17	2.1218930855829934e-17
57988.32000000039	8.200694516400744e-18	7.36219976811333e-17	nan	nan	nan	nan	nan	nan	nan	nan	1.4943145545964814e-17	7.381639410335212e-17	nan	nan	3.80030961830805e-17	2.3854404896786392e-17
57988.370000000396	7.9828229573593e-18	7.423541492820889e-17	nan	nan	nan	nan	nan	nan	nan	nan	1.4080036660244878e-17	8.156175797907425e-17	nan	nan	3.7272390102590024e-17	2.6287882051610682e-17
57988.4200000004	7.765399185018015e-18	7.470134540593364e-17	nan	nan	nan	nan	nan	nan	nan	nan	1.3260406816584373e-17	8.842477042563835e-17	nan	nan	3.6531546651630594e-17	2.851601624888168e-17
57988.4700000004	7.549052981623087e-18	7.502060246782294e-17	nan	nan	nan	nan	nan	nan	nan	nan	1.2487061658108769e-17	9.446725454453182e-17	nan	nan	3.5785888824900746e-17	3.053779643378233e-17
57988.520000000404	7.334343615784216e-18	7.519365032469621e-17	nan	nan	nan	nan	nan	nan	nan	nan	1.1761890176951723e-17	9.974996142090797e-17	nan	nan	3.504013455129281e-17	3.235353856883706e-17
57988.57000000041	7.121765525829373e-18	7.522059328641559e-17	nan	nan	nan	nan	nan	nan	nan	nan	1.1086032951173878e-17	1.0433089201859213e-16	nan	nan	3.4298445447877197e-17	3.396432068786048e-17
57988.62000000041	6.911753577739828e-18	7.510116758906972e-17	nan	nan	nan	nan	nan	nan	nan	nan	1.0460024123516106e-17	1.0826410206201928e-16	nan	nan	3.3564471191543964e-17	3.537163779520075e-17
57988.67000000041	6.704687925922583e-18	7.483473566462749e-17	nan	nan	nan	nan	nan	nan	nan	nan	9.883910495195548e-18	1.115988588460325e-16	nan	nan	3.2841389793352706e-17	3.6577176562711856e-17
57988.720000000416	6.500898503166779e-18	7.442028276364578e-17	nan	nan	nan	nan	nan	nan	nan	nan	9.357350630350431e-18	1.1437905491171966e-16	nan	nan	3.2131944036300807e-17	3.7582661099238334e-17
57988.77000000042	6.300669164332621e-18	7.385641589307405e-17	nan	nan	nan	nan	nan	nan	nan	nan	8.879696442940131e-18	1.1664280795324173e-16	nan	nan	3.14384743143101e-17	3.838974432895005e-17
57988.82000000042	6.104241506638548e-18	7.314136508166104e-17	nan	nan	nan	nan	nan	nan	nan	nan	8.450059360436594e-18	1.1842219384475665e-16	nan	nan	3.0762948088629407e-17	3.8999930854274255e-17
57988.870000000425	5.911818387828413e-18	7.227298703599372e-17	nan	nan	nan	nan	nan	nan	nan	nan	8.067362820799611e-18	1.197430727196162e-16	nan	nan	3.0106986157441697e-17	3.941452308249853e-17
57988.92000000043	5.723567162015909e-18	7.124877130184185e-17	nan	nan	nan	nan	nan	nan	nan	nan	7.730382554973544e-18	1.206249780260188e-16	nan	nan	2.9471885915141766e-17	3.9634585666634017e-17
57988.97000000043	5.539622651606295e-18	7.00658490993337e-17	nan	nan	nan	nan	nan	nan	nan	nan	7.437775831003378e-18	1.210810463494708e-16	nan	nan	2.885864175940984e-17	3.966092524237071e-17
57989.02000000043	5.3600898723849344e-18	6.872100505772492e-17	nan	nan	nan	nan	nan	nan	nan	nan	7.188100582846952e-18	1.2111797217315393e-16	nan	nan	2.826796278675179e-17	3.9494083663323914e-17
57989.070000000436	5.185046527626664e-18	6.721069213744602e-17	nan	nan	nan	nan	nan	nan	nan	nan	6.979825112455498e-18	1.2073597711163613e-16	nan	nan	2.770028790051236e-17	3.91343437697613e-17
57989.12000000044	5.014545285920544e-18	6.553105009523576e-17	nan	nan	nan	nan	nan	nan	nan	nan	6.811328833421706e-18	1.199287878645119e-16	nan	nan	2.7155798439407372e-17	3.858174734741978e-17
57989.17000000044	4.8486158563107915e-18	6.367792792429935e-17	nan	nan	nan	nan	nan	nan	nan	nan	6.680894314418949e-18	1.1868362149406264e-16	nan	nan	2.6634428419276076e-17	3.783612544521102e-17
57989.220000000445	4.6872668733251515e-18	6.164691078782941e-17	nan	nan	nan	nan	nan	nan	nan	nan	6.5866906769226976e-18	1.1698118090088935e-16	nan	nan	2.613587246594579e-17	3.689714168949795e-17
57989.27000000045	4.530487603490645e-18	5.9433352063855e-17	nan	nan	nan	nan	nan	nan	nan	nan	6.526748200580305e-18	1.1479566781051193e-16	nan	nan	2.5659591502745244e-17	3.576434970809976e-17
57989.32000000045	4.3782494840200924e-18	5.703241123628922e-17	nan	nan	nan	nan	nan	nan	nan	nan	6.498923787399932e-18	1.1209482546233546e-16	nan	nan	2.520481624222618e-17	3.4437266306821735e-17
57989.370000000454	4.230507503486435e-18	5.44390985071714e-17	nan	nan	nan	nan	nan	nan	nan	nan	6.500856728980525e-18	1.0884002881783272e-16	nan	nan	2.477054851797753e-17	3.291546268373478e-17
57989.42000000046	4.0872014334823095e-18	5.164832717772894e-17	nan	nan	nan	nan	nan	nan	nan	nan	6.529914005555664e-18	1.0498644685184164e-16	nan	nan	2.435556047896946e-17	3.119867681132444e-17
57989.47000000046	3.9482569194854974e-18	4.8654975066779877e-17	nan	nan	nan	nan	nan	nan	nan	nan	6.583124117802676e-18	1.0048330984112539e-16	nan	nan	2.3958391655574816e-17	2.9286951324364393e-17
57989.52000000046	3.813586438413969e-18	4.5453956533250394e-17	nan	nan	nan	nan	nan	nan	nan	nan	6.657098208112613e-18	9.527432516700306e-17	nan	nan	2.3577343893208884e-17	2.7180803144557368e-17
57989.570000000465	3.683090129654029e-18	4.2040307103959736e-17	nan	nan	nan	nan	nan	nan	nan	nan	6.747936963010988e-18	8.929829892211041e-17	nan	nan	2.3210474136336693e-17	2.4881434370499907e-17
57989.62000000047	3.5566565056766594e-18	3.8409283408555607e-17	nan	nan	nan	nan	nan	nan	nan	nan	6.8511214980222795e-18	8.249003893421618e-17	nan	nan	2.285558503234705e-17	2.2391000437101203e-17
57989.67000000047	3.434163047721563e-18	3.455648240888391e-17	nan	nan	nan	nan	nan	nan	nan	nan	6.961386105443672e-18	7.478163995893899e-17	nan	nan	2.2510213311414787e-17	1.9712966093436443e-17
57989.720000000474	3.3154766914173018e-18	3.0477986646409806e-17	nan	nan	nan	nan	nan	nan	nan	nan	7.072570388715049e-18	6.610428806241745e-17	nan	nan	2.217161588489479e-17	1.6852617721636726e-17
57989.77000000048	3.2004542066224682e-18	2.6170549089621243e-17	nan	nan	nan	nan	nan	nan	nan	nan	7.17744790825575e-18	5.639077897035492e-17	nan	nan	2.1836753590941258e-17	1.3817918618195487e-17
57989.82000000048	3.088942475209629e-18	2.1631851756700723e-17	nan	nan	nan	nan	nan	nan	nan	nan	7.267528016032146e-18	4.557905874306429e-17	nan	nan	2.150227250184919e-17	1.0621351833173831e-17
57989.87000000048	2.9807786699709805e-18	1.6860949118822286e-17	nan	nan	nan	nan	nan	nan	nan	nan	7.332827052201047e-18	3.361743461447547e-17	nan	nan	2.1164482692997528e-17	7.285828501528231e-18
57989.920000000486	2.8757903372993066e-18	1.185939428899013e-17	nan	nan	nan	nan	nan	nan	nan	nan	7.36160450853166e-18	2.0474110841883808e-17	nan	nan	2.081933435815668e-17	3.880067685755327e-18
57989.97000000049	2.7737953857870708e-18	6.636799293994585e-18	nan	nan	nan	nan	nan	nan	nan	nan	7.340059120510609e-18	6.197336896557528e-18	nan	nan	2.0462391140228395e-17	1.3190145052880965e-18
57990.02000000049	2.674601982388867e-18	1.353645887773215e-18	nan	nan	nan	nan	nan	nan	nan	nan	nan	nan	nan	nan	2.0090271348602668e-17	3.7618776628193364e-18
57990.070000000494	nan	nan	nan	nan	nan	nan	nan	nan	nan	nan	nan	nan	nan	nan	1.9705041625165683e-17	6.852883863146749e-18
57990.1200000005	nan	nan	nan	nan	nan	nan	nan	nan	nan	nan	nan	nan	nan	nan	1.9309824233591377e-17	9.670444041516172e-18
57990.1700000005	nan	nan	nan	nan	nan	nan	nan	nan	nan	nan	nan	nan	nan	nan	1.8907356825399298e-17	1.2148737235884226e-17
57990.2200000005	nan	nan	nan	nan	nan	nan	nan	nan	nan	nan	nan	nan	nan	nan	1.8500020148636652e-17	1.4266900189535735e-17
57990.270000000506	nan	nan	nan	nan	nan	nan	nan	nan	nan	nan	nan	nan	nan	nan	1.808986305664674e-17	1.601369298941402e-17
57990.32000000051	nan	nan	nan	nan	nan	nan	nan	nan	nan	nan	nan	nan	nan	nan	1.7678624977038187e-17	1.738177947377569e-17
57990.37000000051	nan	nan	nan	nan	nan	nan	nan	nan	nan	nan	nan	nan	nan	nan	1.726775598610739e-17	1.8366065068360994e-17
57990.420000000515	nan	nan	nan	nan	nan	nan	nan	nan	nan	nan	nan	nan	nan	nan	1.685843461990088e-17	1.8963012262076643e-17
57990.47000000052	nan	nan	nan	nan	nan	nan	nan	nan	nan	nan	nan	nan	nan	nan	1.645158353976067e-17	1.9170296532478762e-17
57990.52000000052	nan	nan	nan	nan	nan	nan	nan	nan	nan	nan	nan	nan	nan	nan	1.604788315750395e-17	1.8986624020096008e-17
57990.57000000052	nan	nan	nan	nan	nan	nan	nan	nan	nan	nan	nan	nan	nan	nan	1.5647783313282323e-17	1.8411650681535866e-17
57990.62000000053	nan	nan	nan	nan	nan	nan	nan	nan	nan	nan	nan	nan	nan	nan	1.525151308758147e-17	1.7445982323511408e-17
57990.67000000053	nan	nan	nan	nan	nan	nan	nan	nan	nan	nan	nan	nan	nan	nan	1.4859088817697914e-17	1.609125443015615e-17
57990.72000000053	nan	nan	nan	nan	nan	nan	nan	nan	nan	nan	nan	nan	nan	nan	1.4470320378308125e-17	1.4350311160827528e-17
57990.770000000535	nan	nan	nan	nan	nan	nan	nan	nan	nan	nan	nan	nan	nan	nan	1.40848157753682e-17	1.2227550726031326e-17
57990.82000000054	nan	nan	nan	nan	nan	nan	nan	nan	nan	nan	nan	nan	nan	nan	1.370198409249655e-17	9.729681164189584e-18
57990.87000000054	nan	nan	nan	nan	nan	nan	nan	nan	nan	nan	nan	nan	nan	nan	1.332103681914306e-17	6.868078792293002e-18
57990.920000000544	nan	nan	nan	nan	nan	nan	nan	nan	nan	nan	nan	nan	nan	nan	1.2940987580184481e-17	3.673111950229432e-18
57990.97000000055	nan	nan	nan	nan	nan	nan	nan	nan	nan	nan	nan	nan	nan	nan	1.2560650277056382e-17	8.097454586064683e-19
57991.02000000055	nan	nan	nan	nan	nan	nan	nan	nan	nan	nan	nan	nan	nan	nan	nan	nan
57991.07000000055	nan	nan	nan	nan	nan	nan	nan	nan	nan	nan	nan	nan	nan	nan	nan	nan
57991.120000000556	nan	nan	nan	nan	nan	nan	nan	nan	nan	nan	nan	nan	nan	nan	nan	nan
57991.17000000056	nan	nan	nan	nan	nan	nan	nan	nan	nan	nan	nan	nan	nan	nan	nan	nan
57991.22000000056	nan	nan	nan	nan	nan	nan	nan	nan	nan	nan	nan	nan	nan	nan	nan	nan
57991.270000000564	nan	nan	nan	nan	nan	nan	nan	nan	nan	nan	nan	nan	nan	nan	nan	nan
57991.32000000057	nan	nan	nan	nan	nan	nan	nan	nan	nan	nan	nan	nan	nan	nan	nan	nan
57991.37000000057	nan	nan	nan	nan	nan	nan	nan	nan	nan	nan	nan	nan	nan	nan	nan	nan
57991.42000000057	nan	nan	nan	nan	nan	nan	nan	nan	nan	nan	nan	nan	nan	nan	nan	nan
57991.470000000576	nan	nan	nan	nan	nan	nan	nan	nan	nan	nan	nan	nan	nan	nan	nan	nan
57991.52000000058	nan	nan	nan	nan	nan	nan	nan	nan	nan	nan	nan	nan	nan	nan	nan	nan
57991.57000000058	nan	nan	nan	nan	nan	nan	nan	nan	nan	nan	nan	nan	nan	nan	nan	nan
57991.620000000585	nan	nan	nan	nan	nan	nan	nan	nan	nan	nan	nan	nan	nan	nan	nan	nan
57991.67000000059	nan	nan	nan	nan	nan	nan	nan	nan	nan	nan	nan	nan	nan	nan	nan	nan
57991.72000000059	nan	nan	nan	nan	nan	nan	nan	nan	nan	nan	nan	nan	nan	nan	nan	nan
57991.77000000059	nan	nan	nan	nan	nan	nan	nan	nan	nan	nan	nan	nan	nan	nan	nan	nan
57991.820000000596	nan	nan	nan	nan	nan	nan	nan	nan	nan	nan	nan	nan	nan	nan	nan	nan
57991.8700000006	nan	nan	nan	nan	nan	nan	nan	nan	nan	nan	nan	nan	nan	nan	nan	nan
57991.9200000006	nan	nan	nan	nan	nan	nan	nan	nan	nan	nan	nan	nan	nan	nan	nan	nan
57991.970000000605	nan	nan	nan	nan	nan	nan	nan	nan	nan	nan	nan	nan	nan	nan	nan	nan
