#wls	flux	fluxerr
1.584409E+03	1.984365E-03	8.341529E-04
1.624020E+03	2.053804E-03	8.628548E-04
1.663630E+03	2.121978E-03	8.909791E-04
1.703240E+03	2.187976E-03	9.181430E-04
1.742850E+03	2.251653E-03	9.442854E-04
1.782461E+03	2.311957E-03	9.689661E-04
1.822071E+03	2.368196E-03	9.918959E-04
1.861681E+03	2.420016E-03	1.012929E-03
1.901291E+03	2.466210E-03	1.031562E-03
1.940902E+03	2.506136E-03	1.047531E-03
1.980512E+03	2.538748E-03	1.060403E-03
2.020122E+03	2.563392E-03	1.069909E-03
2.059732E+03	2.578725E-03	1.075498E-03
2.099342E+03	2.583710E-03	1.076743E-03
2.138953E+03	2.577316E-03	1.073226E-03
2.178563E+03	2.557972E-03	1.064305E-03
2.218173E+03	2.524399E-03	1.049459E-03
2.257783E+03	2.476358E-03	1.028606E-03
2.297394E+03	2.414507E-03	1.002035E-03
2.337004E+03	2.341035E-03	9.706700E-04
2.376614E+03	2.257750E-03	9.352740E-04
2.416224E+03	2.166259E-03	8.965259E-04
2.455835E+03	2.068269E-03	8.551432E-04
2.495445E+03	1.964841E-03	8.115737E-04
2.535055E+03	1.857233E-03	7.663469E-04
2.574665E+03	1.746548E-03	7.199247E-04
2.614276E+03	1.633971E-03	6.728022E-04
2.653886E+03	1.520511E-03	6.254005E-04
2.693496E+03	1.407220E-03	5.781555E-04
2.733106E+03	1.295117E-03	5.314888E-04
2.772716E+03	1.185182E-03	4.858039E-04
2.812327E+03	1.078375E-03	4.414937E-04
2.851937E+03	9.756459E-04	3.989457E-04
2.891547E+03	8.778674E-04	3.585130E-04
2.931157E+03	7.858203E-04	3.205097E-04
2.970768E+03	7.001201E-04	2.851804E-04
2.980670E+03	6.797593E-04	2.767945E-04
2.990573E+03	6.598112E-04	2.685817E-04
3.000475E+03	6.403068E-04	2.605545E-04
3.010378E+03	6.212311E-04	2.527065E-04
3.020280E+03	6.025977E-04	2.450433E-04
3.030183E+03	5.844171E-04	2.375688E-04
3.040086E+03	5.666625E-04	2.302721E-04
3.049988E+03	5.493681E-04	2.231670E-04
3.059891E+03	5.325073E-04	2.162424E-04
3.069793E+03	5.160992E-04	2.095059E-04
3.079696E+03	5.001292E-04	2.029515E-04
3.089598E+03	4.845941E-04	1.965778E-04
3.099501E+03	4.695089E-04	1.903906E-04
3.109403E+03	4.548503E-04	1.843804E-04
3.119306E+03	4.406395E-04	1.785556E-04
3.129209E+03	4.268461E-04	1.729036E-04
3.139111E+03	4.134890E-04	1.674321E-04
3.149014E+03	4.005468E-04	1.621322E-04
3.158916E+03	3.880283E-04	1.570073E-04
3.168819E+03	3.759200E-04	1.520516E-04
3.178721E+03	3.642218E-04	1.472652E-04
3.188624E+03	3.529262E-04	1.426448E-04
3.198526E+03	3.420264E-04	1.381874E-04
3.208429E+03	3.315089E-04	1.338875E-04
3.218332E+03	3.213776E-04	1.297464E-04
3.228234E+03	3.116187E-04	1.257586E-04
3.238137E+03	3.022295E-04	1.219226E-04
3.248039E+03	2.931965E-04	1.182330E-04
3.257942E+03	2.845115E-04	1.146862E-04
3.267844E+03	2.761705E-04	1.112806E-04
3.277747E+03	2.681603E-04	1.080106E-04
3.287650E+03	2.604768E-04	1.048745E-04
3.297552E+03	2.531103E-04	1.018682E-04
3.307455E+03	2.460452E-04	9.898534E-05
3.317357E+03	2.392802E-04	9.622522E-05
3.327260E+03	2.328027E-04	9.358270E-05
3.337162E+03	2.266046E-04	9.105435E-05
3.347065E+03	2.206773E-04	8.863662E-05
3.356967E+03	2.150067E-04	8.632370E-05
3.366870E+03	2.095908E-04	8.411473E-05
3.376773E+03	2.044187E-04	8.200518E-05
3.386675E+03	1.994802E-04	7.999082E-05
3.396578E+03	1.947681E-04	7.806877E-05
3.406480E+03	1.902750E-04	7.623585E-05
3.416383E+03	1.859898E-04	7.448754E-05
3.426285E+03	1.819079E-04	7.282195E-05
3.436188E+03	1.780188E-04	7.123474E-05
3.446090E+03	1.743165E-04	6.972348E-05
3.455993E+03	1.707936E-04	6.828501E-05
3.465896E+03	1.674425E-04	6.691633E-05
3.475798E+03	1.642565E-04	6.561459E-05
3.485701E+03	1.612289E-04	6.437710E-05
3.495603E+03	1.583518E-04	6.320062E-05
3.505506E+03	1.556178E-04	6.208211E-05
3.515408E+03	1.530217E-04	6.101941E-05
3.525311E+03	1.505568E-04	6.000980E-05
3.535213E+03	1.482184E-04	5.905136E-05
3.545116E+03	1.459991E-04	5.814107E-05
3.555019E+03	1.438949E-04	5.727727E-05
3.564921E+03	1.419006E-04	5.645783E-05
3.574824E+03	1.400139E-04	5.568182E-05
3.584726E+03	1.382287E-04	5.494671E-05
3.594629E+03	1.365418E-04	5.425118E-05
3.604531E+03	1.349461E-04	5.359243E-05
3.614434E+03	1.334391E-04	5.296933E-05
3.624337E+03	1.320168E-04	5.238031E-05
3.634239E+03	1.306756E-04	5.182386E-05
3.644142E+03	1.294131E-04	5.129904E-05
3.654044E+03	1.282272E-04	5.080488E-05
3.663947E+03	1.271143E-04	5.034001E-05
3.673849E+03	1.260735E-04	4.990401E-05
3.683752E+03	1.251016E-04	4.949556E-05
3.693654E+03	1.241988E-04	4.911467E-05
3.703557E+03	1.233629E-04	4.876051E-05
3.713460E+03	1.225918E-04	4.843219E-05
3.723362E+03	1.218848E-04	4.812933E-05
3.733265E+03	1.212417E-04	4.785191E-05
3.743167E+03	1.206605E-04	4.759907E-05
3.753070E+03	1.201414E-04	4.737081E-05
3.762972E+03	1.196822E-04	4.716627E-05
3.772875E+03	1.192819E-04	4.698504E-05
3.782777E+03	1.189406E-04	4.682709E-05
3.792680E+03	1.186582E-04	4.669238E-05
3.802583E+03	1.184327E-04	4.658006E-05
3.812485E+03	1.182651E-04	4.649050E-05
3.822388E+03	1.181524E-04	4.642248E-05
3.832290E+03	1.180965E-04	4.637673E-05
3.842193E+03	1.180945E-04	4.635205E-05
3.852095E+03	1.181483E-04	4.634916E-05
3.861998E+03	1.182558E-04	4.636724E-05
3.871900E+03	1.184171E-04	4.640624E-05
3.881803E+03	1.186310E-04	4.646574E-05
3.891706E+03	1.188977E-04	4.654568E-05
3.901608E+03	1.192160E-04	4.664564E-05
3.911511E+03	1.195870E-04	4.676595E-05
3.921413E+03	1.200085E-04	4.690580E-05
3.931316E+03	1.204807E-04	4.706515E-05
3.941218E+03	1.210025E-04	4.724359E-05
3.951121E+03	1.215748E-04	4.744142E-05
3.961024E+03	1.221966E-04	4.765826E-05
3.970926E+03	1.228671E-04	4.789369E-05
3.980829E+03	1.235851E-04	4.814728E-05
3.990731E+03	1.243518E-04	4.841941E-05
4.000634E+03	1.251652E-04	4.870927E-05
4.010536E+03	1.260262E-04	4.901724E-05
4.020439E+03	1.269330E-04	4.934254E-05
4.030341E+03	1.278856E-04	4.968517E-05
4.040244E+03	1.288842E-04	5.004513E-05
4.050147E+03	1.299279E-04	5.042205E-05
4.060049E+03	1.310157E-04	5.081553E-05
4.069952E+03	1.321467E-04	5.122522E-05
4.079854E+03	1.333222E-04	5.165155E-05
4.089757E+03	1.345403E-04	5.209375E-05
4.099659E+03	1.358012E-04	5.255187E-05
4.109562E+03	1.371030E-04	5.302515E-05
4.119464E+03	1.384459E-04	5.351366E-05
4.129367E+03	1.398302E-04	5.401744E-05
4.139270E+03	1.412540E-04	5.453576E-05
4.149172E+03	1.427175E-04	5.506868E-05
4.159075E+03	1.442189E-04	5.561543E-05
4.168977E+03	1.457584E-04	5.617611E-05
4.178880E+03	1.473341E-04	5.674992E-05
4.188782E+03	1.489462E-04	5.733695E-05
4.198685E+03	1.505928E-04	5.793641E-05
4.208587E+03	1.522730E-04	5.854791E-05
4.218490E+03	1.539846E-04	5.917063E-05
4.228393E+03	1.557279E-04	5.980461E-05
4.238295E+03	1.575007E-04	6.044900E-05
4.248198E+03	1.593018E-04	6.110337E-05
4.258100E+03	1.611290E-04	6.176678E-05
4.268003E+03	1.629798E-04	6.243827E-05
4.277905E+03	1.648529E-04	6.311733E-05
4.287808E+03	1.667470E-04	6.380342E-05
4.297711E+03	1.686592E-04	6.449548E-05
4.307613E+03	1.705881E-04	6.519291E-05
4.317516E+03	1.725307E-04	6.589455E-05
4.327418E+03	1.744867E-04	6.660028E-05
4.337321E+03	1.764543E-04	6.730940E-05
4.347223E+03	1.784360E-04	6.802287E-05
4.357126E+03	1.804302E-04	6.874000E-05
4.367028E+03	1.824378E-04	6.946123E-05
4.376931E+03	1.844587E-04	7.018643E-05
4.386834E+03	1.864956E-04	7.091665E-05
4.396736E+03	1.885469E-04	7.165125E-05
4.406639E+03	1.906125E-04	7.239017E-05
4.416541E+03	1.926937E-04	7.313393E-05
4.426444E+03	1.947907E-04	7.388254E-05
4.436346E+03	1.969035E-04	7.463603E-05
4.446249E+03	1.990303E-04	7.539368E-05
4.456151E+03	2.011730E-04	7.615623E-05
4.466054E+03	2.033304E-04	7.692316E-05
4.475957E+03	2.055022E-04	7.769439E-05
4.485859E+03	2.076890E-04	7.847008E-05
4.495762E+03	2.098875E-04	7.924903E-05
4.505664E+03	2.121000E-04	8.003207E-05
4.515567E+03	2.143247E-04	8.081851E-05
4.525469E+03	2.165624E-04	8.160866E-05
4.535372E+03	2.188097E-04	8.240119E-05
4.545274E+03	2.210695E-04	8.319719E-05
4.555177E+03	2.233383E-04	8.399534E-05
4.565080E+03	2.256191E-04	8.479675E-05
4.574982E+03	2.279087E-04	8.560022E-05
4.584885E+03	2.302081E-04	8.640614E-05
4.594787E+03	2.325163E-04	8.721404E-05
4.604690E+03	2.348367E-04	8.802527E-05
4.614592E+03	2.371664E-04	8.883871E-05
4.624495E+03	2.395090E-04	8.965570E-05
4.634398E+03	2.418639E-04	9.047601E-05
4.644300E+03	2.442311E-04	9.129956E-05
4.654203E+03	2.466144E-04	9.212784E-05
4.664105E+03	2.490113E-04	9.295988E-05
4.674008E+03	2.514242E-04	9.379656E-05
4.683910E+03	2.538506E-04	9.463693E-05
4.693813E+03	2.562929E-04	9.548187E-05
4.703715E+03	2.587465E-04	9.632967E-05
4.713618E+03	2.612137E-04	9.718114E-05
4.723521E+03	2.636925E-04	9.803553E-05
4.733423E+03	2.661850E-04	9.889367E-05
4.743326E+03	2.686892E-04	9.975473E-05
4.753228E+03	2.712052E-04	1.006188E-04
4.763131E+03	2.737329E-04	1.014858E-04
4.773033E+03	2.762726E-04	1.023558E-04
4.782936E+03	2.788245E-04	1.032289E-04
4.792838E+03	2.813858E-04	1.041040E-04
4.802741E+03	2.839593E-04	1.049823E-04
4.812644E+03	2.865451E-04	1.058636E-04
4.822546E+03	2.891403E-04	1.067470E-04
4.832449E+03	2.917449E-04	1.076323E-04
4.842351E+03	2.943612E-04	1.085206E-04
4.852254E+03	2.969836E-04	1.094096E-04
4.862156E+03	2.996171E-04	1.103012E-04
4.872059E+03	3.022585E-04	1.111942E-04
4.881961E+03	3.049040E-04	1.120873E-04
4.891864E+03	3.075559E-04	1.129813E-04
4.901767E+03	3.102132E-04	1.138757E-04
4.911669E+03	3.128714E-04	1.147690E-04
4.921572E+03	3.155326E-04	1.156619E-04
4.931474E+03	3.181890E-04	1.165516E-04
4.941377E+03	3.208445E-04	1.174394E-04
4.951279E+03	3.234946E-04	1.183238E-04
4.961182E+03	3.261333E-04	1.192025E-04
4.971085E+03	3.287617E-04	1.200761E-04
4.980987E+03	3.313735E-04	1.209420E-04
4.990890E+03	3.339658E-04	1.217994E-04
5.000792E+03	3.365352E-04	1.226471E-04
5.010695E+03	3.390782E-04	1.234836E-04
5.020597E+03	3.415877E-04	1.243066E-04
5.030500E+03	3.440631E-04	1.251158E-04
5.040402E+03	3.464969E-04	1.259085E-04
5.050305E+03	3.488845E-04	1.266831E-04
5.060208E+03	3.512178E-04	1.274366E-04
5.070110E+03	3.534956E-04	1.281688E-04
5.080013E+03	3.557059E-04	1.288752E-04
5.089915E+03	3.578507E-04	1.295567E-04
5.099818E+03	3.599175E-04	1.302089E-04
5.109720E+03	3.619047E-04	1.308311E-04
5.119623E+03	3.638035E-04	1.314203E-04
5.129525E+03	3.656046E-04	1.319732E-04
5.139428E+03	3.673062E-04	1.324893E-04
5.149331E+03	3.688991E-04	1.329652E-04
5.159233E+03	3.703781E-04	1.333993E-04
5.169136E+03	3.717374E-04	1.337895E-04
5.179038E+03	3.729684E-04	1.341329E-04
5.188941E+03	3.740656E-04	1.344275E-04
5.198843E+03	3.750206E-04	1.346705E-04
5.208746E+03	3.758319E-04	1.348615E-04
5.218648E+03	3.764914E-04	1.349977E-04
5.228551E+03	3.769952E-04	1.350777E-04
5.238454E+03	3.773392E-04	1.351003E-04
5.248356E+03	3.775166E-04	1.350632E-04
5.258259E+03	3.775246E-04	1.349654E-04
5.268161E+03	3.773612E-04	1.348066E-04
5.278064E+03	3.770249E-04	1.345861E-04
5.287966E+03	3.765113E-04	1.343027E-04
5.297869E+03	3.758243E-04	1.339578E-04
5.307772E+03	3.749653E-04	1.335521E-04
5.317674E+03	3.739360E-04	1.330864E-04
5.327577E+03	3.727361E-04	1.325606E-04
5.337479E+03	3.713774E-04	1.319791E-04
5.347382E+03	3.698612E-04	1.313426E-04
5.357284E+03	3.682012E-04	1.306560E-04
5.367187E+03	3.664013E-04	1.299207E-04
5.377089E+03	3.644736E-04	1.291413E-04
5.386992E+03	3.624277E-04	1.283212E-04
5.396895E+03	3.602814E-04	1.274667E-04
5.406797E+03	3.580425E-04	1.265808E-04
5.416700E+03	3.557195E-04	1.256666E-04
5.426602E+03	3.533183E-04	1.247261E-04
5.436505E+03	3.508531E-04	1.237645E-04
5.446407E+03	3.483312E-04	1.227844E-04
5.456310E+03	3.457641E-04	1.217899E-04
5.466212E+03	3.431637E-04	1.207851E-04
5.476115E+03	3.405419E-04	1.197744E-04
5.486018E+03	3.379113E-04	1.187622E-04
5.495920E+03	3.352873E-04	1.177538E-04
5.505823E+03	3.326820E-04	1.167536E-04
5.515725E+03	3.301138E-04	1.157679E-04
5.525628E+03	3.275906E-04	1.147996E-04
5.535530E+03	3.251331E-04	1.138558E-04
5.545433E+03	3.227477E-04	1.129387E-04
5.555335E+03	3.204506E-04	1.120540E-04
5.565238E+03	3.182569E-04	1.112068E-04
5.575141E+03	3.161704E-04	1.103984E-04
5.585043E+03	3.142115E-04	1.096358E-04
5.594946E+03	3.123852E-04	1.089208E-04
5.604848E+03	3.106969E-04	1.082550E-04
5.614751E+03	3.091633E-04	1.076442E-04
5.624653E+03	3.077842E-04	1.070882E-04
5.634556E+03	3.065687E-04	1.065901E-04
5.644459E+03	3.055246E-04	1.061525E-04
5.654361E+03	3.046561E-04	1.057766E-04
5.664264E+03	3.039668E-04	1.054637E-04
5.674166E+03	3.034595E-04	1.052146E-04
5.684069E+03	3.031403E-04	1.050312E-04
5.693971E+03	3.030142E-04	1.049152E-04
5.703874E+03	3.030773E-04	1.048650E-04
5.713776E+03	3.033404E-04	1.048844E-04
5.723679E+03	3.037986E-04	1.049714E-04
5.733582E+03	3.044601E-04	1.051288E-04
5.743484E+03	3.053229E-04	1.053558E-04
5.753387E+03	3.063913E-04	1.056536E-04
5.763289E+03	3.076665E-04	1.060227E-04
5.773192E+03	3.091537E-04	1.064647E-04
5.783094E+03	3.108502E-04	1.069784E-04
5.792997E+03	3.127574E-04	1.075642E-04
5.802899E+03	3.148796E-04	1.082236E-04
5.812802E+03	3.172216E-04	1.089581E-04
5.822705E+03	3.197773E-04	1.097653E-04
5.832607E+03	3.225548E-04	1.106480E-04
5.842510E+03	3.255510E-04	1.116050E-04
5.852412E+03	3.287702E-04	1.126377E-04
5.862315E+03	3.322126E-04	1.137460E-04
5.872217E+03	3.358748E-04	1.149285E-04
5.882120E+03	3.397597E-04	1.161863E-04
5.892022E+03	3.438666E-04	1.175190E-04
5.901925E+03	3.481906E-04	1.189247E-04
5.911828E+03	3.527376E-04	1.204054E-04
5.921730E+03	3.574971E-04	1.219575E-04
5.931633E+03	3.624702E-04	1.235811E-04
5.941535E+03	3.676531E-04	1.252749E-04
5.951438E+03	3.730371E-04	1.270360E-04
5.961340E+03	3.786210E-04	1.288637E-04
5.971243E+03	3.843898E-04	1.307530E-04
5.981146E+03	3.903447E-04	1.327041E-04
5.991048E+03	3.964689E-04	1.347113E-04
6.000951E+03	4.027571E-04	1.367729E-04
6.010853E+03	4.091943E-04	1.388835E-04
6.020756E+03	4.157689E-04	1.410394E-04
6.030658E+03	4.224635E-04	1.432346E-04
6.040561E+03	4.292589E-04	1.454625E-04
6.050463E+03	4.361455E-04	1.477199E-04
6.060366E+03	4.430916E-04	1.499962E-04
6.070269E+03	4.500851E-04	1.522873E-04
6.080171E+03	4.570974E-04	1.545834E-04
6.090074E+03	4.641099E-04	1.568785E-04
6.099976E+03	4.710806E-04	1.591584E-04
6.109879E+03	4.779952E-04	1.614184E-04
6.119781E+03	4.848162E-04	1.636458E-04
6.129684E+03	4.915178E-04	1.658322E-04
6.139586E+03	4.980693E-04	1.679673E-04
6.149489E+03	5.044664E-04	1.700497E-04
6.159392E+03	5.107142E-04	1.720815E-04
6.169294E+03	5.168206E-04	1.740652E-04
6.179197E+03	5.227956E-04	1.760045E-04
6.189099E+03	5.286315E-04	1.778970E-04
6.199002E+03	5.343566E-04	1.797521E-04
6.208904E+03	5.399598E-04	1.815664E-04
6.218807E+03	5.454591E-04	1.833460E-04
6.228709E+03	5.508676E-04	1.850954E-04
6.238612E+03	5.561771E-04	1.868120E-04
6.248515E+03	5.614028E-04	1.885009E-04
6.258417E+03	5.665534E-04	1.901651E-04
6.268320E+03	5.716387E-04	1.918080E-04
6.278222E+03	5.766534E-04	1.934279E-04
6.288125E+03	5.816079E-04	1.950282E-04
6.298027E+03	5.865060E-04	1.966103E-04
6.307930E+03	5.913507E-04	1.981753E-04
6.317833E+03	5.961379E-04	1.997217E-04
6.327735E+03	6.008624E-04	2.012479E-04
6.337638E+03	6.055187E-04	2.027522E-04
6.347540E+03	6.101103E-04	2.042356E-04
6.357443E+03	6.146315E-04	2.056964E-04
6.367345E+03	6.190581E-04	2.071264E-04
6.377248E+03	6.234196E-04	2.085356E-04
6.387150E+03	6.277189E-04	2.099250E-04
6.397053E+03	6.319685E-04	2.112987E-04
6.406956E+03	6.361911E-04	2.126645E-04
6.416858E+03	6.403805E-04	2.140202E-04
6.426761E+03	6.445603E-04	2.153737E-04
6.436663E+03	6.487347E-04	2.167265E-04
6.446566E+03	6.529182E-04	2.180834E-04
6.456468E+03	6.570947E-04	2.194390E-04
6.466371E+03	6.612987E-04	2.208049E-04
6.476273E+03	6.655142E-04	2.221758E-04
6.486176E+03	6.697555E-04	2.235564E-04
6.496079E+03	6.740265E-04	2.249479E-04
6.505981E+03	6.783204E-04	2.263483E-04
6.515884E+03	6.826513E-04	2.277621E-04
6.525786E+03	6.870228E-04	2.291906E-04
6.535689E+03	6.914273E-04	2.306313E-04
6.545591E+03	6.958676E-04	2.320850E-04
6.555494E+03	7.003462E-04	2.335526E-04
6.565396E+03	7.048775E-04	2.350390E-04
6.575299E+03	7.094405E-04	2.365371E-04
6.585202E+03	7.140489E-04	2.380515E-04
6.595104E+03	7.187046E-04	2.395828E-04
6.605007E+03	7.233975E-04	2.411277E-04
6.614909E+03	7.281409E-04	2.426906E-04
6.624812E+03	7.329240E-04	2.442679E-04
6.634714E+03	7.377600E-04	2.458641E-04
6.644617E+03	7.426249E-04	2.474711E-04
6.654520E+03	7.475316E-04	2.490932E-04
6.664422E+03	7.524938E-04	2.507350E-04
6.674325E+03	7.574857E-04	2.523880E-04
6.684227E+03	7.625205E-04	2.540564E-04
6.694130E+03	7.675849E-04	2.557360E-04
6.704032E+03	7.726921E-04	2.574311E-04
6.713935E+03	7.778282E-04	2.591370E-04
6.723837E+03	7.829925E-04	2.608536E-04
6.733740E+03	7.881983E-04	2.625853E-04
6.743643E+03	7.934164E-04	2.643224E-04
6.753545E+03	7.986746E-04	2.660741E-04
6.763448E+03	8.039426E-04	2.678304E-04
6.773350E+03	8.092482E-04	2.696005E-04
6.783253E+03	8.145604E-04	2.713741E-04
6.793155E+03	8.198769E-04	2.731505E-04
6.803058E+03	8.252110E-04	2.749340E-04
6.812960E+03	8.305605E-04	2.767241E-04
6.822863E+03	8.358917E-04	2.785093E-04
6.832766E+03	8.412331E-04	2.802994E-04
6.842668E+03	8.465661E-04	2.820880E-04
6.852571E+03	8.519037E-04	2.838795E-04
6.862473E+03	8.572108E-04	2.856622E-04
6.872376E+03	8.624998E-04	2.874402E-04
6.882278E+03	8.677676E-04	2.892126E-04
6.892181E+03	8.729938E-04	2.909725E-04
6.902083E+03	8.781917E-04	2.927244E-04
6.911986E+03	8.833580E-04	2.944672E-04
6.921889E+03	8.884724E-04	2.961941E-04
6.931791E+03	8.935313E-04	2.979039E-04
6.941694E+03	8.985316E-04	2.995956E-04
6.951596E+03	9.034877E-04	3.012740E-04
6.961499E+03	9.083614E-04	3.029263E-04
6.971401E+03	9.131861E-04	3.045638E-04
6.981304E+03	9.179233E-04	3.061735E-04
6.991207E+03	9.225890E-04	3.077608E-04
7.001109E+03	9.271630E-04	3.093190E-04
7.011012E+03	9.316627E-04	3.108538E-04
7.020914E+03	9.360866E-04	3.123647E-04
7.030817E+03	9.404154E-04	3.138454E-04
7.040719E+03	9.446293E-04	3.152892E-04
7.050622E+03	9.487663E-04	3.167087E-04
7.060524E+03	9.528068E-04	3.180975E-04
7.070427E+03	9.567519E-04	3.194558E-04
7.080330E+03	9.606015E-04	3.207837E-04
7.090232E+03	9.643370E-04	3.220750E-04
7.100135E+03	9.679790E-04	3.233364E-04
7.110037E+03	9.715083E-04	3.245616E-04
7.119940E+03	9.749261E-04	3.257510E-04
7.129842E+03	9.782540E-04	3.269117E-04
7.139745E+03	9.814727E-04	3.280374E-04
7.149647E+03	9.846044E-04	3.291354E-04
7.159550E+03	9.876086E-04	3.301922E-04
7.169453E+03	9.905076E-04	3.312152E-04
7.179355E+03	9.933021E-04	3.322046E-04
7.189258E+03	9.959929E-04	3.331607E-04
7.199160E+03	9.985811E-04	3.340839E-04
7.209063E+03	1.001067E-03	3.349743E-04
7.218965E+03	1.003431E-03	3.358251E-04
7.228868E+03	1.005693E-03	3.366433E-04
7.238770E+03	1.007855E-03	3.374291E-04
7.248673E+03	1.009916E-03	3.381828E-04
7.258576E+03	1.011856E-03	3.388969E-04
7.268478E+03	1.013696E-03	3.395789E-04
7.278381E+03	1.015458E-03	3.402365E-04
7.288283E+03	1.017100E-03	3.408549E-04
7.298186E+03	1.018645E-03	3.414418E-04
7.308088E+03	1.020091E-03	3.419974E-04
7.317991E+03	1.021465E-03	3.425298E-04
7.327894E+03	1.022744E-03	3.430317E-04
7.337796E+03	1.023954E-03	3.435115E-04
7.347699E+03	1.025119E-03	3.439775E-04
7.357601E+03	1.026218E-03	3.444230E-04
7.367504E+03	1.027302E-03	3.448644E-04
7.377406E+03	1.028326E-03	3.452870E-04
7.387309E+03	1.029317E-03	3.456999E-04
7.397211E+03	1.030255E-03	3.460961E-04
7.407114E+03	1.031166E-03	3.464847E-04
7.417017E+03	1.032006E-03	3.468506E-04
7.426919E+03	1.032803E-03	3.472031E-04
7.436822E+03	1.033558E-03	3.475430E-04
7.446724E+03	1.034251E-03	3.478632E-04
7.456627E+03	1.034933E-03	3.481811E-04
7.466529E+03	1.035559E-03	3.484812E-04
7.476432E+03	1.036155E-03	3.487725E-04
7.486334E+03	1.036699E-03	3.490476E-04
7.496237E+03	1.037218E-03	3.493154E-04
7.506140E+03	1.037689E-03	3.495682E-04
7.516042E+03	1.038139E-03	3.498147E-04
7.525945E+03	1.038542E-03	3.500470E-04
7.535847E+03	1.038901E-03	3.502651E-04
7.545750E+03	1.039239E-03	3.504775E-04
7.555652E+03	1.039534E-03	3.506760E-04
7.565555E+03	1.039783E-03	3.508603E-04
7.575457E+03	1.040011E-03	3.510385E-04
7.585360E+03	1.040193E-03	3.512019E-04
7.595263E+03	1.040351E-03	3.513585E-04
7.605165E+03	1.040435E-03	3.514905E-04
7.615068E+03	1.040491E-03	3.516144E-04
7.624970E+03	1.040519E-03	3.517295E-04
7.634873E+03	1.040490E-03	3.518261E-04
7.644775E+03	1.040427E-03	3.519120E-04
7.654678E+03	1.040301E-03	3.519773E-04
7.664581E+03	1.040109E-03	3.520210E-04
7.674483E+03	1.039872E-03	3.520504E-04
7.684386E+03	1.039588E-03	3.520644E-04
7.694288E+03	1.039252E-03	3.520617E-04
7.704191E+03	1.038834E-03	3.520318E-04
7.714093E+03	1.038356E-03	3.519822E-04
7.723996E+03	1.037814E-03	3.519115E-04
7.733898E+03	1.037204E-03	3.518181E-04
7.743801E+03	1.036521E-03	3.517005E-04
7.753704E+03	1.035760E-03	3.515573E-04
7.763606E+03	1.034945E-03	3.513959E-04
7.773509E+03	1.034044E-03	3.512058E-04
7.783411E+03	1.033053E-03	3.509857E-04
7.793314E+03	1.031968E-03	3.507339E-04
7.803216E+03	1.030839E-03	3.504678E-04
7.813119E+03	1.029610E-03	3.501677E-04
7.823021E+03	1.028304E-03	3.498418E-04
7.832924E+03	1.026890E-03	3.494797E-04
7.842827E+03	1.025423E-03	3.490994E-04
7.852729E+03	1.023899E-03	3.487001E-04
7.862632E+03	1.022262E-03	3.482627E-04
7.872534E+03	1.020594E-03	3.478149E-04
7.882437E+03	1.018868E-03	3.473471E-04
7.892339E+03	1.017083E-03	3.468595E-04
7.902242E+03	1.015267E-03	3.463615E-04
7.912144E+03	1.013394E-03	3.458442E-04
7.922047E+03	1.011438E-03	3.452986E-04
7.931950E+03	1.009457E-03	3.447444E-04
7.941852E+03	1.007369E-03	3.441539E-04
7.951755E+03	1.005262E-03	3.435566E-04
7.961657E+03	1.003055E-03	3.429253E-04
7.971560E+03	1.000808E-03	3.422802E-04
7.981462E+03	9.984694E-04	3.416037E-04
7.991365E+03	9.960997E-04	3.409166E-04
8.001268E+03	9.936483E-04	3.402013E-04
8.011170E+03	9.911483E-04	3.394693E-04
8.021073E+03	9.885775E-04	3.387129E-04
8.030975E+03	9.859693E-04	3.379435E-04
8.040878E+03	9.833298E-04	3.371632E-04
8.050780E+03	9.806097E-04	3.363551E-04
8.060683E+03	9.778706E-04	3.355402E-04
8.070585E+03	9.750911E-04	3.347113E-04
8.080488E+03	9.722777E-04	3.338705E-04
8.090391E+03	9.694091E-04	3.330104E-04
8.100293E+03	9.665468E-04	3.321523E-04
8.110196E+03	9.636423E-04	3.312794E-04
8.120098E+03	9.607290E-04	3.304032E-04
8.130001E+03	9.578130E-04	3.295258E-04
8.139903E+03	9.548737E-04	3.286401E-04
8.149806E+03	9.519165E-04	3.277480E-04
8.159708E+03	9.489747E-04	3.268608E-04
8.169611E+03	9.460542E-04	3.259807E-04
8.179514E+03	9.431061E-04	3.250908E-04
8.189416E+03	9.401899E-04	3.242117E-04
8.199319E+03	9.372842E-04	3.233358E-04
8.209221E+03	9.343940E-04	3.224650E-04
8.219124E+03	9.315239E-04	3.216009E-04
8.229026E+03	9.286793E-04	3.207454E-04
8.238929E+03	9.258640E-04	3.198996E-04
8.248831E+03	9.230829E-04	3.190655E-04
8.258734E+03	9.203399E-04	3.182443E-04
8.268637E+03	9.176389E-04	3.174374E-04
8.278539E+03	9.149571E-04	3.166369E-04
8.288442E+03	9.123244E-04	3.158532E-04
8.298344E+03	9.097444E-04	3.150876E-04
8.308247E+03	9.071934E-04	3.143318E-04
8.318149E+03	9.047008E-04	3.135962E-04
8.328052E+03	9.022428E-04	3.128724E-04
8.337955E+03	8.998487E-04	3.121706E-04
8.347857E+03	8.974940E-04	3.114824E-04
8.357760E+03	8.951809E-04	3.108086E-04
8.367662E+03	8.929380E-04	3.101591E-04
8.377565E+03	8.907404E-04	3.095252E-04
8.387467E+03	8.885902E-04	3.089078E-04
8.397370E+03	8.864889E-04	3.083075E-04
8.407272E+03	8.844381E-04	3.077247E-04
8.417175E+03	8.824390E-04	3.071599E-04
8.427078E+03	8.804667E-04	3.066045E-04
8.436980E+03	8.785756E-04	3.060774E-04
8.446883E+03	8.767400E-04	3.055699E-04
8.456785E+03	8.749353E-04	3.050732E-04
8.466688E+03	8.731888E-04	3.045969E-04
8.476590E+03	8.714754E-04	3.041324E-04
8.486493E+03	8.698226E-04	3.036892E-04
8.496395E+03	8.682051E-04	3.032585E-04
8.506298E+03	8.666508E-04	3.028502E-04
8.516201E+03	8.651340E-04	3.024552E-04
8.526103E+03	8.636564E-04	3.020742E-04
8.536006E+03	8.622184E-04	3.017074E-04
8.545908E+03	8.608218E-04	3.013554E-04
8.555811E+03	8.594943E-04	3.010279E-04
8.565713E+03	8.581838E-04	3.007067E-04
8.575616E+03	8.569179E-04	3.004016E-04
8.585518E+03	8.556713E-04	3.001037E-04
8.595421E+03	8.544985E-04	2.998320E-04
8.605324E+03	8.533203E-04	2.995590E-04
8.615226E+03	8.522187E-04	2.993133E-04
8.625129E+03	8.511135E-04	2.990669E-04
8.635031E+03	8.500599E-04	2.988391E-04
8.644934E+03	8.490048E-04	2.986114E-04
8.654836E+03	8.480030E-04	2.984029E-04
8.664739E+03	8.470285E-04	2.982047E-04
8.674642E+03	8.460543E-04	2.980072E-04
8.684544E+03	8.450812E-04	2.978107E-04
8.694447E+03	8.441366E-04	2.976249E-04
8.704349E+03	8.431931E-04	2.974401E-04
8.714252E+03	8.422510E-04	2.972564E-04
8.724154E+03	8.413095E-04	2.970737E-04
8.734057E+03	8.403405E-04	2.968819E-04
8.743959E+03	8.393427E-04	2.966807E-04
8.753862E+03	8.383149E-04	2.964696E-04
8.763765E+03	8.372271E-04	2.962379E-04
8.773667E+03	8.361340E-04	2.960050E-04
8.783570E+03	8.350048E-04	2.957601E-04
8.793472E+03	8.338945E-04	2.955225E-04
8.803375E+03	8.327720E-04	2.952814E-04
8.813277E+03	8.316637E-04	2.950459E-04
8.823180E+03	8.305387E-04	2.948053E-04
8.833082E+03	8.294813E-04	2.945894E-04
8.842985E+03	8.284323E-04	2.943772E-04
8.852888E+03	8.274197E-04	2.941786E-04
8.862790E+03	8.264726E-04	2.940040E-04
8.872693E+03	8.255606E-04	2.938426E-04
8.882595E+03	8.246828E-04	2.936940E-04
8.892498E+03	8.238683E-04	2.935687E-04
8.902400E+03	8.231160E-04	2.934661E-04
8.912303E+03	8.224250E-04	2.933861E-04
8.951913E+03	8.203359E-04	2.933138E-04
8.991523E+03	8.193725E-04	2.936554E-04
9.031134E+03	8.196548E-04	2.944554E-04
9.070744E+03	8.211586E-04	2.957073E-04
9.110354E+03	8.239199E-04	2.974261E-04
9.149964E+03	8.279054E-04	2.996021E-04
9.189575E+03	8.330456E-04	3.022123E-04
9.229185E+03	8.392713E-04	3.052338E-04
9.268795E+03	8.464736E-04	3.086289E-04
9.308405E+03	8.544964E-04	3.123424E-04
9.348016E+03	8.632233E-04	3.163332E-04
9.387626E+03	8.724460E-04	3.205257E-04
9.427236E+03	8.818974E-04	3.248223E-04
9.466846E+03	8.914581E-04	3.291785E-04
9.506456E+03	9.008595E-04	3.334946E-04
9.546067E+03	9.098257E-04	3.376669E-04
9.585677E+03	9.181982E-04	3.416343E-04
9.625287E+03	9.255864E-04	3.452487E-04
9.664897E+03	9.319150E-04	3.484784E-04
9.704508E+03	9.367426E-04	3.511543E-04
9.744118E+03	9.400445E-04	3.532622E-04
9.783728E+03	9.415578E-04	3.546981E-04
9.823338E+03	9.411931E-04	3.554228E-04
9.862949E+03	9.386719E-04	3.553251E-04
9.902559E+03	9.340548E-04	3.544217E-04
9.942169E+03	9.272167E-04	3.526589E-04
9.981779E+03	9.183174E-04	3.500913E-04
1.002139E+04	9.072378E-04	3.466678E-04
1.006100E+04	8.941420E-04	3.424453E-04
1.010061E+04	8.792308E-04	3.374956E-04
1.014022E+04	8.625588E-04	3.318350E-04
1.017983E+04	8.444519E-04	3.255848E-04
1.021944E+04	8.249015E-04	3.187384E-04
