#wls	flux	fluxerr
1.584409E+03	5.191790E-03	1.264481E-03
1.624020E+03	5.342636E-03	1.301198E-03
1.663630E+03	5.483648E-03	1.335516E-03
1.703240E+03	5.613735E-03	1.367170E-03
1.742850E+03	5.729512E-03	1.395336E-03
1.782461E+03	5.830761E-03	1.419960E-03
1.822071E+03	5.913965E-03	1.440187E-03
1.861681E+03	5.978263E-03	1.455807E-03
1.901291E+03	6.021724E-03	1.466349E-03
1.940902E+03	6.041569E-03	1.471137E-03
1.980512E+03	6.037125E-03	1.470008E-03
2.020122E+03	6.006508E-03	1.462504E-03
2.059732E+03	5.948224E-03	1.448261E-03
2.099342E+03	5.861254E-03	1.427032E-03
2.138953E+03	5.744409E-03	1.398528E-03
2.178563E+03	5.595947E-03	1.362327E-03
2.218173E+03	5.414445E-03	1.318082E-03
2.257783E+03	5.200927E-03	1.266045E-03
2.297394E+03	4.959779E-03	1.207284E-03
2.337004E+03	4.698367E-03	1.143594E-03
2.376614E+03	4.422565E-03	1.076404E-03
2.416224E+03	4.137681E-03	1.007010E-03
2.455835E+03	3.847571E-03	9.363482E-04
2.495445E+03	3.556225E-03	8.653920E-04
2.535055E+03	3.266865E-03	7.949253E-04
2.574665E+03	2.982771E-03	7.257471E-04
2.614276E+03	2.706566E-03	6.584955E-04
2.653886E+03	2.440659E-03	5.937571E-04
2.693496E+03	2.187184E-03	5.320506E-04
2.733106E+03	1.947756E-03	4.737688E-04
2.772716E+03	1.723733E-03	4.192420E-04
2.812327E+03	1.516111E-03	3.687118E-04
2.851937E+03	1.325626E-03	3.223565E-04
2.891547E+03	1.152724E-03	2.802841E-04
2.931157E+03	9.974753E-04	2.425108E-04
2.970768E+03	8.595990E-04	2.089675E-04
2.980670E+03	8.277732E-04	2.012253E-04
2.990573E+03	7.969633E-04	1.937303E-04
3.000475E+03	7.671850E-04	1.864864E-04
3.010378E+03	7.383821E-04	1.794800E-04
3.020280E+03	7.105660E-04	1.727138E-04
3.030183E+03	6.837135E-04	1.661822E-04
3.040086E+03	6.578150E-04	1.598827E-04
3.049988E+03	6.328190E-04	1.538029E-04
3.059891E+03	6.087419E-04	1.479468E-04
3.069793E+03	5.855340E-04	1.423022E-04
3.079696E+03	5.631955E-04	1.368691E-04
3.089598E+03	5.417011E-04	1.316415E-04
3.099501E+03	5.210159E-04	1.266108E-04
3.109403E+03	5.011364E-04	1.217762E-04
3.119306E+03	4.820288E-04	1.171294E-04
3.129209E+03	4.636787E-04	1.126669E-04
3.139111E+03	4.460619E-04	1.083828E-04
3.149014E+03	4.291556E-04	1.042716E-04
3.158916E+03	4.129445E-04	1.003295E-04
3.168819E+03	3.974057E-04	9.655102E-05
3.178721E+03	3.825101E-04	9.292901E-05
3.188624E+03	3.682499E-04	8.946156E-05
3.198526E+03	3.545966E-04	8.614175E-05
3.208429E+03	3.415360E-04	8.296611E-05
3.218332E+03	3.290466E-04	7.992942E-05
3.228234E+03	3.171036E-04	7.702563E-05
3.238137E+03	3.056976E-04	7.425247E-05
3.248039E+03	2.947991E-04	7.160273E-05
3.257942E+03	2.843990E-04	6.907421E-05
3.267844E+03	2.744781E-04	6.666222E-05
3.277747E+03	2.650100E-04	6.436035E-05
3.287650E+03	2.559852E-04	6.216630E-05
3.297552E+03	2.473861E-04	6.007576E-05
3.307455E+03	2.391922E-04	5.808375E-05
3.317357E+03	2.313873E-04	5.618632E-05
3.327260E+03	2.239557E-04	5.437965E-05
3.337162E+03	2.168821E-04	5.266004E-05
3.347065E+03	2.101517E-04	5.102386E-05
3.356967E+03	2.037502E-04	4.946765E-05
3.366870E+03	1.976611E-04	4.798741E-05
3.376773E+03	1.918690E-04	4.657935E-05
3.386675E+03	1.863663E-04	4.524164E-05
3.396578E+03	1.811338E-04	4.396960E-05
3.406480E+03	1.761623E-04	4.276103E-05
3.416383E+03	1.714389E-04	4.161275E-05
3.426285E+03	1.669532E-04	4.052223E-05
3.436188E+03	1.626913E-04	3.948613E-05
3.446090E+03	1.586424E-04	3.850176E-05
3.455993E+03	1.547977E-04	3.756704E-05
3.465896E+03	1.511456E-04	3.667914E-05
3.475798E+03	1.476787E-04	3.583621E-05
3.485701E+03	1.443832E-04	3.503496E-05
3.495603E+03	1.412528E-04	3.427382E-05
3.505506E+03	1.382771E-04	3.355026E-05
3.515408E+03	1.354476E-04	3.286224E-05
3.525311E+03	1.327567E-04	3.220788E-05
3.535213E+03	1.301945E-04	3.158478E-05
3.545116E+03	1.277569E-04	3.099197E-05
3.555019E+03	1.254363E-04	3.042759E-05
3.564921E+03	1.232257E-04	2.988990E-05
3.574824E+03	1.211219E-04	2.937818E-05
3.584726E+03	1.191173E-04	2.889055E-05
3.594629E+03	1.172072E-04	2.842586E-05
3.604531E+03	1.153868E-04	2.798298E-05
3.614434E+03	1.136519E-04	2.756087E-05
3.624337E+03	1.119984E-04	2.715851E-05
3.634239E+03	1.104224E-04	2.677497E-05
3.644142E+03	1.089210E-04	2.640956E-05
3.654044E+03	1.074918E-04	2.606166E-05
3.663947E+03	1.061310E-04	2.573038E-05
3.673849E+03	1.048391E-04	2.541581E-05
3.683752E+03	1.036116E-04	2.511689E-05
3.693654E+03	1.024479E-04	2.483345E-05
3.703557E+03	1.013455E-04	2.456491E-05
3.713460E+03	1.003031E-04	2.431089E-05
3.723362E+03	9.932060E-05	2.407143E-05
3.733265E+03	9.839404E-05	2.384553E-05
3.743167E+03	9.752352E-05	2.363323E-05
3.753070E+03	9.670835E-05	2.343435E-05
3.762972E+03	9.594533E-05	2.324812E-05
3.772875E+03	9.523456E-05	2.307455E-05
3.782777E+03	9.457530E-05	2.291348E-05
3.792680E+03	9.396524E-05	2.276433E-05
3.802583E+03	9.340289E-05	2.262675E-05
3.812485E+03	9.288910E-05	2.250093E-05
3.822388E+03	9.242084E-05	2.238615E-05
3.832290E+03	9.199816E-05	2.228240E-05
3.842193E+03	9.161966E-05	2.218936E-05
3.852095E+03	9.128468E-05	2.210686E-05
3.861998E+03	9.099250E-05	2.203471E-05
3.871900E+03	9.074107E-05	2.197244E-05
3.881803E+03	9.052979E-05	2.191988E-05
3.891706E+03	9.035872E-05	2.187705E-05
3.901608E+03	9.022662E-05	2.184365E-05
3.911511E+03	9.013217E-05	2.181935E-05
3.921413E+03	9.007487E-05	2.180404E-05
3.931316E+03	9.005344E-05	2.179740E-05
3.941218E+03	9.006744E-05	2.179932E-05
3.951121E+03	9.011638E-05	2.180969E-05
3.961024E+03	9.019979E-05	2.182838E-05
3.970926E+03	9.031588E-05	2.185497E-05
3.980829E+03	9.046421E-05	2.188934E-05
3.990731E+03	9.064438E-05	2.193140E-05
4.000634E+03	9.085609E-05	2.198106E-05
4.010536E+03	9.109833E-05	2.203809E-05
4.020439E+03	9.137002E-05	2.210223E-05
4.030341E+03	9.167092E-05	2.217341E-05
4.040244E+03	9.200005E-05	2.225139E-05
4.050147E+03	9.235715E-05	2.233611E-05
4.060049E+03	9.274134E-05	2.242735E-05
4.069952E+03	9.315238E-05	2.252506E-05
4.079854E+03	9.358937E-05	2.262902E-05
4.089757E+03	9.405139E-05	2.273899E-05
4.099659E+03	9.453834E-05	2.285496E-05
4.109562E+03	9.504933E-05	2.297672E-05
4.119464E+03	9.558423E-05	2.310421E-05
4.129367E+03	9.614148E-05	2.323707E-05
4.139270E+03	9.672097E-05	2.337527E-05
4.149172E+03	9.732111E-05	2.351842E-05
4.159075E+03	9.794262E-05	2.366670E-05
4.168977E+03	9.858390E-05	2.381972E-05
4.178880E+03	9.924488E-05	2.397745E-05
4.188782E+03	9.992329E-05	2.413935E-05
4.198685E+03	1.006198E-04	2.430557E-05
4.208587E+03	1.013320E-04	2.447555E-05
4.218490E+03	1.020607E-04	2.464946E-05
4.228393E+03	1.028035E-04	2.482673E-05
4.238295E+03	1.035586E-04	2.500693E-05
4.248198E+03	1.043270E-04	2.519028E-05
4.258100E+03	1.051052E-04	2.537595E-05
4.268003E+03	1.058941E-04	2.556415E-05
4.277905E+03	1.066902E-04	2.575404E-05
4.287808E+03	1.074943E-04	2.594581E-05
4.297711E+03	1.083047E-04	2.613904E-05
4.307613E+03	1.091196E-04	2.633330E-05
4.317516E+03	1.099389E-04	2.652857E-05
4.327418E+03	1.107616E-04	2.672461E-05
4.337321E+03	1.115886E-04	2.692164E-05
4.347223E+03	1.124181E-04	2.711919E-05
4.357126E+03	1.132518E-04	2.731771E-05
4.367028E+03	1.140898E-04	2.751721E-05
4.376931E+03	1.149322E-04	2.771769E-05
4.386834E+03	1.157790E-04	2.791918E-05
4.396736E+03	1.166313E-04	2.812194E-05
4.406639E+03	1.174883E-04	2.832577E-05
4.416541E+03	1.183511E-04	2.853094E-05
4.426444E+03	1.192200E-04	2.873751E-05
4.436346E+03	1.200952E-04	2.894553E-05
4.446249E+03	1.209760E-04	2.915483E-05
4.456151E+03	1.218625E-04	2.936546E-05
4.466054E+03	1.227542E-04	2.957725E-05
4.475957E+03	1.236523E-04	2.979052E-05
4.485859E+03	1.245550E-04	3.000484E-05
4.495762E+03	1.254627E-04	3.022027E-05
4.505664E+03	1.263757E-04	3.043691E-05
4.515567E+03	1.272921E-04	3.065431E-05
4.525469E+03	1.282135E-04	3.087283E-05
4.535372E+03	1.291380E-04	3.109203E-05
4.545274E+03	1.300661E-04	3.131200E-05
4.555177E+03	1.309959E-04	3.153232E-05
4.565080E+03	1.319291E-04	3.175338E-05
4.574982E+03	1.328650E-04	3.197502E-05
4.584885E+03	1.338020E-04	3.219683E-05
4.594787E+03	1.347406E-04	3.241894E-05
4.604690E+03	1.356814E-04	3.264152E-05
4.614592E+03	1.366241E-04	3.286445E-05
4.624495E+03	1.375669E-04	3.308735E-05
4.634398E+03	1.385132E-04	3.331098E-05
4.644300E+03	1.394638E-04	3.353557E-05
4.654203E+03	1.404173E-04	3.376078E-05
4.664105E+03	1.413747E-04	3.398684E-05
4.674008E+03	1.423371E-04	3.421402E-05
4.683910E+03	1.433020E-04	3.444167E-05
4.693813E+03	1.442703E-04	3.467009E-05
4.703715E+03	1.452408E-04	3.489895E-05
4.713618E+03	1.462148E-04	3.512853E-05
4.723521E+03	1.471922E-04	3.535884E-05
4.733423E+03	1.481717E-04	3.558957E-05
4.743326E+03	1.491547E-04	3.582104E-05
4.753228E+03	1.501399E-04	3.605296E-05
4.763131E+03	1.511288E-04	3.628565E-05
4.773033E+03	1.521201E-04	3.651882E-05
4.782936E+03	1.531139E-04	3.675249E-05
4.792838E+03	1.541103E-04	3.698668E-05
4.802741E+03	1.551109E-04	3.722178E-05
4.812644E+03	1.561143E-04	3.745745E-05
4.822546E+03	1.571207E-04	3.769373E-05
4.832449E+03	1.581287E-04	3.793029E-05
4.842351E+03	1.591412E-04	3.816785E-05
4.852254E+03	1.601571E-04	3.840607E-05
4.862156E+03	1.611762E-04	3.864497E-05
4.872059E+03	1.621970E-04	3.888417E-05
4.881961E+03	1.632211E-04	3.912404E-05
4.891864E+03	1.642468E-04	3.936420E-05
4.901767E+03	1.652741E-04	3.960462E-05
4.911669E+03	1.663044E-04	3.984564E-05
4.921572E+03	1.673360E-04	4.008686E-05
4.931474E+03	1.683687E-04	4.032823E-05
4.941377E+03	1.694007E-04	4.056930E-05
4.951279E+03	1.704333E-04	4.081041E-05
4.961182E+03	1.714663E-04	4.105149E-05
4.971085E+03	1.724977E-04	4.129206E-05
4.980987E+03	1.735271E-04	4.153203E-05
4.990890E+03	1.745542E-04	4.177132E-05
5.000792E+03	1.755768E-04	4.200941E-05
5.010695E+03	1.765962E-04	4.224661E-05
5.020597E+03	1.776119E-04	4.248281E-05
5.030500E+03	1.786201E-04	4.271707E-05
5.040402E+03	1.796219E-04	4.294970E-05
5.050305E+03	1.806169E-04	4.318056E-05
5.060208E+03	1.816029E-04	4.340913E-05
5.070110E+03	1.825793E-04	4.363528E-05
5.080013E+03	1.835456E-04	4.385889E-05
5.089915E+03	1.845013E-04	4.407984E-05
5.099818E+03	1.854440E-04	4.429754E-05
5.109720E+03	1.863749E-04	4.451230E-05
5.119623E+03	1.872897E-04	4.472311E-05
5.129525E+03	1.881896E-04	4.493020E-05
5.139428E+03	1.890719E-04	4.513297E-05
5.149331E+03	1.899357E-04	4.533120E-05
5.159233E+03	1.907801E-04	4.552467E-05
5.169136E+03	1.916040E-04	4.571311E-05
5.179038E+03	1.924025E-04	4.589537E-05
5.188941E+03	1.931781E-04	4.607205E-05
5.198843E+03	1.939275E-04	4.624235E-05
5.208746E+03	1.946494E-04	4.640597E-05
5.218648E+03	1.953403E-04	4.656208E-05
5.228551E+03	1.959987E-04	4.671031E-05
5.238454E+03	1.966231E-04	4.685031E-05
5.248356E+03	1.972118E-04	4.698171E-05
5.258259E+03	1.977633E-04	4.710414E-05
5.268161E+03	1.982742E-04	4.721679E-05
5.278064E+03	1.987472E-04	4.732027E-05
5.287966E+03	1.991768E-04	4.741335E-05
5.297869E+03	1.995620E-04	4.749575E-05
5.307772E+03	1.999057E-04	4.756817E-05
5.317674E+03	2.002030E-04	4.762945E-05
5.327577E+03	2.004571E-04	4.768037E-05
5.337479E+03	2.006655E-04	4.772033E-05
5.347382E+03	2.008297E-04	4.774969E-05
5.357284E+03	2.009474E-04	4.776793E-05
5.367187E+03	2.010226E-04	4.777598E-05
5.377089E+03	2.010533E-04	4.777338E-05
5.386992E+03	2.010417E-04	4.776066E-05
5.396895E+03	2.009842E-04	4.773698E-05
5.406797E+03	2.008834E-04	4.770295E-05
5.416700E+03	2.007380E-04	4.765827E-05
5.426602E+03	2.005468E-04	4.760267E-05
5.436505E+03	2.003128E-04	4.753685E-05
5.446407E+03	2.000331E-04	4.746017E-05
5.456310E+03	1.997071E-04	4.737244E-05
5.466212E+03	1.993360E-04	4.727399E-05
5.476115E+03	1.989173E-04	4.716424E-05
5.486018E+03	1.984547E-04	4.704405E-05
5.495920E+03	1.979438E-04	4.691237E-05
5.505823E+03	1.973903E-04	4.677060E-05
5.515725E+03	1.967939E-04	4.661866E-05
5.525628E+03	1.961545E-04	4.645651E-05
5.535530E+03	1.954738E-04	4.628459E-05
5.545433E+03	1.947536E-04	4.610334E-05
5.555335E+03	1.939937E-04	4.591269E-05
5.565238E+03	1.931999E-04	4.571404E-05
5.575141E+03	1.923699E-04	4.550684E-05
5.585043E+03	1.915093E-04	4.529244E-05
5.594946E+03	1.906160E-04	4.507030E-05
5.604848E+03	1.896953E-04	4.484175E-05
5.614751E+03	1.887488E-04	4.460714E-05
5.624653E+03	1.877763E-04	4.436639E-05
5.634556E+03	1.867809E-04	4.412031E-05
5.644459E+03	1.857643E-04	4.386924E-05
5.654361E+03	1.847297E-04	4.361398E-05
5.664264E+03	1.836785E-04	4.335488E-05
5.674166E+03	1.826102E-04	4.309179E-05
5.684069E+03	1.815301E-04	4.282596E-05
5.693971E+03	1.804394E-04	4.255769E-05
5.703874E+03	1.793376E-04	4.228687E-05
5.713776E+03	1.782280E-04	4.201428E-05
5.723679E+03	1.771138E-04	4.174069E-05
5.733582E+03	1.759965E-04	4.146642E-05
5.743484E+03	1.748756E-04	4.119138E-05
5.753387E+03	1.737543E-04	4.091634E-05
5.763289E+03	1.726362E-04	4.064208E-05
5.773192E+03	1.715226E-04	4.036898E-05
5.783094E+03	1.704131E-04	4.009693E-05
5.792997E+03	1.693112E-04	3.982673E-05
5.802899E+03	1.682184E-04	3.955874E-05
5.812802E+03	1.671381E-04	3.929376E-05
5.822705E+03	1.660717E-04	3.903215E-05
5.832607E+03	1.650190E-04	3.877382E-05
5.842510E+03	1.639834E-04	3.851955E-05
5.852412E+03	1.629643E-04	3.826925E-05
5.862315E+03	1.619686E-04	3.802453E-05
5.872217E+03	1.609922E-04	3.778440E-05
5.882120E+03	1.600383E-04	3.754960E-05
5.892022E+03	1.591097E-04	3.732082E-05
5.901925E+03	1.582059E-04	3.709789E-05
5.911828E+03	1.573277E-04	3.688105E-05
5.921730E+03	1.564780E-04	3.667093E-05
5.931633E+03	1.556557E-04	3.646730E-05
5.941535E+03	1.548635E-04	3.627076E-05
5.951438E+03	1.540985E-04	3.608062E-05
5.961340E+03	1.533648E-04	3.589788E-05
5.971243E+03	1.526594E-04	3.572178E-05
5.981146E+03	1.519864E-04	3.555330E-05
5.991048E+03	1.513407E-04	3.539125E-05
6.000951E+03	1.507262E-04	3.523654E-05
6.010853E+03	1.501416E-04	3.508881E-05
6.020756E+03	1.495869E-04	3.494810E-05
6.030658E+03	1.490587E-04	3.481360E-05
6.040561E+03	1.485607E-04	3.468616E-05
6.050463E+03	1.480876E-04	3.456455E-05
6.060366E+03	1.476428E-04	3.444956E-05
6.070269E+03	1.472211E-04	3.433994E-05
6.080171E+03	1.468221E-04	3.423564E-05
6.090074E+03	1.464440E-04	3.413619E-05
6.099976E+03	1.460865E-04	3.404154E-05
6.109879E+03	1.457438E-04	3.395034E-05
6.119781E+03	1.454156E-04	3.386249E-05
6.129684E+03	1.450996E-04	3.377748E-05
6.139586E+03	1.447953E-04	3.369517E-05
6.149489E+03	1.445021E-04	3.361544E-05
6.159392E+03	1.442232E-04	3.353900E-05
6.169294E+03	1.439635E-04	3.346701E-05
6.179197E+03	1.437243E-04	3.339978E-05
6.189099E+03	1.435088E-04	3.333802E-05
6.199002E+03	1.433202E-04	3.328250E-05
6.208904E+03	1.431601E-04	3.323353E-05
6.218807E+03	1.430317E-04	3.319189E-05
6.228709E+03	1.429366E-04	3.315793E-05
6.238612E+03	1.428762E-04	3.313198E-05
6.248515E+03	1.428543E-04	3.311489E-05
6.258417E+03	1.428705E-04	3.310658E-05
6.268320E+03	1.429287E-04	3.310791E-05
6.278222E+03	1.430265E-04	3.311838E-05
6.288125E+03	1.431661E-04	3.313841E-05
6.298027E+03	1.433473E-04	3.316797E-05
6.307930E+03	1.435720E-04	3.320751E-05
6.317833E+03	1.438382E-04	3.325656E-05
6.327735E+03	1.441461E-04	3.331510E-05
6.337638E+03	1.444934E-04	3.338265E-05
6.347540E+03	1.448761E-04	3.345823E-05
6.357443E+03	1.452918E-04	3.354132E-05
6.367345E+03	1.457405E-04	3.363187E-05
6.377248E+03	1.462220E-04	3.372986E-05
6.387150E+03	1.467363E-04	3.383524E-05
6.397053E+03	1.472855E-04	3.394849E-05
6.406956E+03	1.478716E-04	3.407011E-05
6.416858E+03	1.484949E-04	3.420011E-05
6.426761E+03	1.491531E-04	3.433796E-05
6.436663E+03	1.498509E-04	3.448472E-05
6.446566E+03	1.505884E-04	3.464043E-05
6.456468E+03	1.513635E-04	3.480458E-05
6.466371E+03	1.521786E-04	3.497773E-05
6.476273E+03	1.530343E-04	3.515995E-05
6.486176E+03	1.539280E-04	3.535070E-05
6.496079E+03	1.548603E-04	3.555004E-05
6.505981E+03	1.558361E-04	3.575915E-05
6.515884E+03	1.568485E-04	3.597637E-05
6.525786E+03	1.579026E-04	3.620289E-05
6.535689E+03	1.589989E-04	3.643880E-05
6.545591E+03	1.601324E-04	3.668297E-05
6.555494E+03	1.613088E-04	3.693664E-05
6.565396E+03	1.625230E-04	3.719867E-05
6.575299E+03	1.637807E-04	3.747035E-05
6.585202E+03	1.650769E-04	3.775052E-05
6.595104E+03	1.664147E-04	3.803984E-05
6.605007E+03	1.677944E-04	3.833840E-05
6.614909E+03	1.692135E-04	3.864562E-05
6.624812E+03	1.706724E-04	3.896155E-05
6.634714E+03	1.721743E-04	3.928694E-05
6.644617E+03	1.737167E-04	3.962117E-05
6.654520E+03	1.753000E-04	3.996433E-05
6.664422E+03	1.769245E-04	4.031647E-05
6.674325E+03	1.785905E-04	4.067768E-05
6.684227E+03	1.802986E-04	4.104802E-05
6.694130E+03	1.820490E-04	4.142758E-05
6.704032E+03	1.838390E-04	4.181568E-05
6.713935E+03	1.856722E-04	4.221315E-05
6.723837E+03	1.875490E-04	4.262006E-05
6.733740E+03	1.894665E-04	4.303574E-05
6.743643E+03	1.914284E-04	4.346102E-05
6.753545E+03	1.934318E-04	4.389521E-05
6.763448E+03	1.954770E-04	4.433837E-05
6.773350E+03	1.975644E-04	4.479057E-05
6.783253E+03	1.996942E-04	4.525186E-05
6.793155E+03	2.018707E-04	4.572317E-05
6.803058E+03	2.040868E-04	4.620289E-05
6.812960E+03	2.063466E-04	4.669192E-05
6.822863E+03	2.086504E-04	4.719033E-05
6.832766E+03	2.109947E-04	4.769730E-05
6.842668E+03	2.133837E-04	4.821376E-05
6.852571E+03	2.158178E-04	4.873981E-05
6.862473E+03	2.182933E-04	4.927456E-05
6.872376E+03	2.208104E-04	4.981805E-05
6.882278E+03	2.233735E-04	5.037127E-05
6.892181E+03	2.259787E-04	5.093332E-05
6.902083E+03	2.286263E-04	5.150421E-05
6.911986E+03	2.313163E-04	5.208399E-05
6.921889E+03	2.340489E-04	5.267264E-05
6.931791E+03	2.368197E-04	5.326918E-05
6.941694E+03	2.396380E-04	5.387566E-05
6.951596E+03	2.424946E-04	5.449001E-05
6.961499E+03	2.453942E-04	5.511328E-05
6.971401E+03	2.483321E-04	5.574437E-05
6.981304E+03	2.513081E-04	5.638323E-05
6.991207E+03	2.543271E-04	5.703096E-05
7.001109E+03	2.573841E-04	5.768639E-05
7.011012E+03	2.604735E-04	5.834830E-05
7.020914E+03	2.636056E-04	5.901892E-05
7.030817E+03	2.667752E-04	5.969712E-05
7.040719E+03	2.699763E-04	6.038151E-05
7.050622E+03	2.732139E-04	6.107320E-05
7.060524E+03	2.764823E-04	6.177092E-05
7.070427E+03	2.797866E-04	6.247577E-05
7.080330E+03	2.831207E-04	6.318638E-05
7.090232E+03	2.864894E-04	6.390384E-05
7.100135E+03	2.898811E-04	6.462550E-05
7.110037E+03	2.933001E-04	6.535233E-05
7.119940E+03	2.967524E-04	6.608566E-05
7.129842E+03	3.002246E-04	6.682250E-05
7.139745E+03	3.037160E-04	6.756266E-05
7.149647E+03	3.072318E-04	6.830729E-05
7.159550E+03	3.107708E-04	6.905615E-05
7.169453E+03	3.143256E-04	6.980753E-05
7.179355E+03	3.179020E-04	7.056277E-05
7.189258E+03	3.214916E-04	7.131993E-05
7.199160E+03	3.250932E-04	7.207879E-05
7.209063E+03	3.287123E-04	7.284055E-05
7.218965E+03	3.323408E-04	7.360340E-05
7.228868E+03	3.359839E-04	7.436851E-05
7.238770E+03	3.396331E-04	7.513396E-05
7.248673E+03	3.432871E-04	7.589946E-05
7.258576E+03	3.469588E-04	7.666789E-05
7.268478E+03	3.506322E-04	7.743568E-05
7.278381E+03	3.543211E-04	7.820587E-05
7.288283E+03	3.580162E-04	7.897645E-05
7.298186E+03	3.617242E-04	7.974884E-05
7.308088E+03	3.654528E-04	8.052476E-05
7.317991E+03	3.691927E-04	8.130215E-05
7.327894E+03	3.729599E-04	8.208452E-05
7.337796E+03	3.767545E-04	8.287188E-05
7.347699E+03	3.805849E-04	8.366608E-05
7.357601E+03	3.844516E-04	8.446721E-05
7.367504E+03	3.883551E-04	8.527538E-05
7.377406E+03	3.923050E-04	8.609265E-05
7.387309E+03	3.962840E-04	8.691522E-05
7.397211E+03	4.002925E-04	8.774318E-05
7.407114E+03	4.043214E-04	8.857454E-05
7.417017E+03	4.083804E-04	8.941138E-05
7.426919E+03	4.124603E-04	9.025171E-05
7.436822E+03	4.165520E-04	9.109351E-05
7.446724E+03	4.206552E-04	9.193671E-05
7.456627E+03	4.247701E-04	9.278138E-05
7.466529E+03	4.288865E-04	9.362525E-05
7.476432E+03	4.330144E-04	9.447055E-05
7.486334E+03	4.371330E-04	9.531271E-05
7.496237E+03	4.412632E-04	9.615630E-05
7.506140E+03	4.453939E-04	9.699891E-05
7.516042E+03	4.495247E-04	9.784043E-05
7.525945E+03	4.536438E-04	9.867832E-05
7.535847E+03	4.577617E-04	9.951488E-05
7.545750E+03	4.618768E-04	1.003497E-04
7.555652E+03	4.659882E-04	1.011827E-04
7.565555E+03	4.700827E-04	1.020110E-04
7.575457E+03	4.741693E-04	1.028364E-04
7.585360E+03	4.782345E-04	1.036562E-04
7.595263E+03	4.822990E-04	1.044748E-04
7.605165E+03	4.863241E-04	1.052837E-04
7.615068E+03	4.903424E-04	1.060902E-04
7.624970E+03	4.943387E-04	1.068910E-04
7.634873E+03	4.982968E-04	1.076824E-04
7.644775E+03	5.022248E-04	1.084664E-04
7.654678E+03	5.061184E-04	1.092419E-04
7.664581E+03	5.099733E-04	1.100082E-04
7.674483E+03	5.137847E-04	1.107641E-04
7.684386E+03	5.175613E-04	1.115115E-04
7.694288E+03	5.212717E-04	1.122438E-04
7.704191E+03	5.249375E-04	1.129656E-04
7.714093E+03	5.285544E-04	1.136761E-04
7.723996E+03	5.320894E-04	1.143680E-04
7.733898E+03	5.355795E-04	1.150495E-04
7.743801E+03	5.390062E-04	1.157165E-04
7.753704E+03	5.423506E-04	1.163652E-04
7.763606E+03	5.456367E-04	1.170005E-04
7.773509E+03	5.488462E-04	1.176187E-04
7.783411E+03	5.519898E-04	1.182221E-04
7.793314E+03	5.550638E-04	1.188099E-04
7.803216E+03	5.580805E-04	1.193848E-04
7.813119E+03	5.610213E-04	1.199428E-04
7.823021E+03	5.638993E-04	1.204868E-04
7.832924E+03	5.667279E-04	1.210197E-04
7.842827E+03	5.694902E-04	1.215378E-04
7.852729E+03	5.722159E-04	1.220477E-04
7.862632E+03	5.749050E-04	1.225492E-04
7.872534E+03	5.775733E-04	1.230458E-04
7.882437E+03	5.802376E-04	1.235411E-04
7.892339E+03	5.828667E-04	1.240284E-04
7.902242E+03	5.854944E-04	1.245150E-04
7.912144E+03	5.881060E-04	1.249977E-04
7.922047E+03	5.907034E-04	1.254770E-04
7.931950E+03	5.932560E-04	1.259464E-04
7.941852E+03	5.957652E-04	1.264061E-04
7.951755E+03	5.982338E-04	1.268570E-04
7.961657E+03	6.006472E-04	1.272957E-04
7.971560E+03	6.030083E-04	1.277231E-04
7.981462E+03	6.053200E-04	1.281398E-04
7.991365E+03	6.075513E-04	1.285392E-04
8.001268E+03	6.097399E-04	1.289293E-04
8.011170E+03	6.118551E-04	1.293037E-04
8.021073E+03	6.139180E-04	1.296669E-04
8.030975E+03	6.159154E-04	1.300161E-04
8.040878E+03	6.178517E-04	1.303523E-04
8.050780E+03	6.197133E-04	1.306727E-04
8.060683E+03	6.215406E-04	1.309858E-04
8.070585E+03	6.233032E-04	1.312852E-04
8.080488E+03	6.250239E-04	1.315758E-04
8.090391E+03	6.266898E-04	1.318549E-04
8.100293E+03	6.283065E-04	1.321237E-04
8.110196E+03	6.298975E-04	1.323871E-04
8.120098E+03	6.314510E-04	1.326428E-04
8.130001E+03	6.329540E-04	1.328879E-04
8.139903E+03	6.344494E-04	1.331316E-04
8.149806E+03	6.359249E-04	1.333713E-04
8.159708E+03	6.373874E-04	1.336085E-04
8.169611E+03	6.388247E-04	1.338406E-04
8.179514E+03	6.402617E-04	1.340728E-04
8.189416E+03	6.417053E-04	1.343066E-04
8.199319E+03	6.431438E-04	1.345396E-04
8.209221E+03	6.446026E-04	1.347772E-04
8.219124E+03	6.460886E-04	1.350207E-04
8.229026E+03	6.475902E-04	1.352677E-04
8.238929E+03	6.491137E-04	1.355196E-04
8.248831E+03	6.506850E-04	1.357818E-04
8.258734E+03	6.522909E-04	1.360516E-04
8.268637E+03	6.539574E-04	1.363343E-04
8.278539E+03	6.556708E-04	1.366271E-04
8.288442E+03	6.574368E-04	1.369313E-04
8.298344E+03	6.592606E-04	1.372479E-04
8.308247E+03	6.611469E-04	1.375778E-04
8.318149E+03	6.631001E-04	1.379220E-04
8.328052E+03	6.651439E-04	1.382855E-04
8.337955E+03	6.672427E-04	1.386608E-04
8.347857E+03	6.694189E-04	1.390526E-04
8.357760E+03	6.716755E-04	1.394615E-04
8.367662E+03	6.740148E-04	1.398880E-04
8.377565E+03	6.764388E-04	1.403325E-04
8.387467E+03	6.789493E-04	1.407953E-04
8.397370E+03	6.815267E-04	1.412726E-04
8.407272E+03	6.841924E-04	1.417686E-04
8.417175E+03	6.869266E-04	1.422792E-04
8.427078E+03	6.897499E-04	1.428088E-04
8.436980E+03	6.926417E-04	1.433531E-04
8.446883E+03	6.956224E-04	1.439164E-04
8.456785E+03	6.986709E-04	1.444942E-04
8.466688E+03	7.017859E-04	1.450863E-04
8.476590E+03	7.049884E-04	1.456971E-04
8.486493E+03	7.082336E-04	1.463174E-04
8.496395E+03	7.115634E-04	1.469558E-04
8.506298E+03	7.149548E-04	1.476075E-04
8.516201E+03	7.184054E-04	1.482722E-04
8.526103E+03	7.218911E-04	1.489448E-04
8.536006E+03	7.254536E-04	1.496340E-04
8.545908E+03	7.290453E-04	1.503300E-04
8.555811E+03	7.326857E-04	1.510368E-04
8.565713E+03	7.363480E-04	1.517490E-04
8.575616E+03	7.400747E-04	1.524753E-04
8.585518E+03	7.437917E-04	1.532006E-04
8.595421E+03	7.475406E-04	1.539333E-04
8.605324E+03	7.512926E-04	1.546677E-04
8.615226E+03	7.550656E-04	1.554074E-04
8.625129E+03	7.588055E-04	1.561414E-04
8.635031E+03	7.625530E-04	1.568781E-04
8.644934E+03	7.662768E-04	1.576110E-04
8.654836E+03	7.699685E-04	1.583385E-04
8.664739E+03	7.735943E-04	1.590537E-04
8.674642E+03	7.771694E-04	1.597598E-04
8.684544E+03	7.806838E-04	1.604547E-04
8.694447E+03	7.841013E-04	1.611311E-04
8.704349E+03	7.874359E-04	1.617919E-04
8.714252E+03	7.906503E-04	1.624295E-04
8.724154E+03	7.937578E-04	1.630467E-04
8.734057E+03	7.966930E-04	1.636300E-04
8.743959E+03	7.994952E-04	1.641877E-04
8.753862E+03	8.020980E-04	1.647060E-04
8.763765E+03	8.045412E-04	1.651934E-04
8.773667E+03	8.067574E-04	1.656359E-04
8.783570E+03	8.088155E-04	1.660477E-04
8.793472E+03	8.106485E-04	1.664152E-04
8.803375E+03	8.122729E-04	1.667417E-04
8.813277E+03	8.136784E-04	1.670253E-04
8.823180E+03	8.148857E-04	1.672701E-04
8.833082E+03	8.158894E-04	1.674751E-04
8.842985E+03	8.166585E-04	1.676340E-04
8.852888E+03	8.172536E-04	1.677592E-04
8.862790E+03	8.176205E-04	1.678397E-04
8.872693E+03	8.178237E-04	1.678885E-04
8.882595E+03	8.178410E-04	1.679012E-04
8.892498E+03	8.177092E-04	1.678854E-04
8.902400E+03	8.174063E-04	1.678363E-04
8.912303E+03	8.170006E-04	1.677680E-04
8.951913E+03	8.140428E-04	1.672395E-04
8.991523E+03	8.096994E-04	1.664545E-04
9.031134E+03	8.045070E-04	1.655211E-04
9.070744E+03	7.990240E-04	1.645519E-04
9.110354E+03	7.937195E-04	1.636414E-04
9.149964E+03	7.890343E-04	1.628790E-04
9.189575E+03	7.853374E-04	1.623396E-04
9.229185E+03	7.828642E-04	1.620712E-04
9.268795E+03	7.818407E-04	1.621202E-04
9.308405E+03	7.822432E-04	1.624820E-04
9.348016E+03	7.840739E-04	1.631571E-04
9.387626E+03	7.871094E-04	1.640997E-04
9.427236E+03	7.912254E-04	1.652840E-04
9.466846E+03	7.961711E-04	1.666581E-04
9.506456E+03	8.017527E-04	1.681814E-04
9.546067E+03	8.077832E-04	1.698146E-04
9.585677E+03	8.140720E-04	1.715174E-04
9.625287E+03	8.203676E-04	1.732361E-04
9.664897E+03	8.264780E-04	1.749295E-04
9.704508E+03	8.321195E-04	1.765362E-04
9.744118E+03	8.371523E-04	1.780251E-04
9.783728E+03	8.414685E-04	1.793715E-04
9.823338E+03	8.447788E-04	1.805117E-04
9.862949E+03	8.470581E-04	1.814379E-04
9.902559E+03	8.481672E-04	1.821182E-04
9.942169E+03	8.479257E-04	1.825109E-04
9.981779E+03	8.463473E-04	1.826163E-04
1.002139E+04	8.434384E-04	1.824331E-04
1.006100E+04	8.393296E-04	1.819868E-04
1.010061E+04	8.340143E-04	1.812735E-04
1.014022E+04	8.275519E-04	1.803039E-04
1.017983E+04	8.201524E-04	1.791214E-04
1.021944E+04	8.118484E-04	1.777313E-04
