#wls	flux	fluxerr
1.584409E+03	2.837576E-03	3.431314E-04
1.624020E+03	2.937030E-03	3.551308E-04
1.663630E+03	3.034048E-03	3.668331E-04
1.703240E+03	3.127650E-03	3.781198E-04
1.742850E+03	3.217077E-03	3.888991E-04
1.782461E+03	3.301166E-03	3.990305E-04
1.822071E+03	3.378977E-03	4.084005E-04
1.861681E+03	3.449500E-03	4.168872E-04
1.901291E+03	3.511351E-03	4.243232E-04
1.940902E+03	3.563413E-03	4.305741E-04
1.980512E+03	3.604552E-03	4.355029E-04
2.020122E+03	3.633639E-03	4.389736E-04
2.059732E+03	3.649308E-03	4.408217E-04
2.099342E+03	3.650579E-03	4.409290E-04
2.138953E+03	3.636089E-03	4.391317E-04
2.178563E+03	3.604742E-03	4.352978E-04
2.218173E+03	3.554859E-03	4.292254E-04
2.257783E+03	3.485341E-03	4.207826E-04
2.297394E+03	3.397858E-03	4.101718E-04
2.337004E+03	3.294832E-03	3.976862E-04
2.376614E+03	3.178156E-03	3.835550E-04
2.416224E+03	3.049323E-03	3.679591E-04
2.455835E+03	2.909718E-03	3.510663E-04
2.495445E+03	2.760940E-03	3.330703E-04
2.535055E+03	2.604402E-03	3.141420E-04
2.574665E+03	2.441858E-03	2.944935E-04
2.614276E+03	2.274916E-03	2.743193E-04
2.653886E+03	2.105126E-03	2.538068E-04
2.693496E+03	1.934332E-03	2.331784E-04
2.733106E+03	1.764220E-03	2.126377E-04
2.772716E+03	1.596492E-03	1.923901E-04
2.812327E+03	1.432794E-03	1.726340E-04
2.851937E+03	1.274767E-03	1.535670E-04
2.891547E+03	1.124140E-03	1.353973E-04
2.931157E+03	9.826192E-04	1.183301E-04
2.970768E+03	8.514875E-04	1.025195E-04
2.980670E+03	8.204270E-04	9.877511E-05
2.990573E+03	7.901069E-04	9.512015E-05
3.000475E+03	7.604910E-04	9.155029E-05
3.010378E+03	7.315997E-04	8.806797E-05
3.020280E+03	7.034657E-04	8.467711E-05
3.030183E+03	6.760561E-04	8.137377E-05
3.040086E+03	6.494010E-04	7.816152E-05
3.049988E+03	6.234981E-04	7.504010E-05
3.059891E+03	5.983461E-04	7.200935E-05
3.069793E+03	5.739448E-04	6.906921E-05
3.079696E+03	5.503167E-04	6.622239E-05
3.089598E+03	5.274480E-04	6.346722E-05
3.099501E+03	5.053468E-04	6.080467E-05
3.109403E+03	4.840098E-04	5.823431E-05
3.119306E+03	4.634314E-04	5.575546E-05
3.129209E+03	4.436141E-04	5.336843E-05
3.139111E+03	4.245561E-04	5.107297E-05
3.149014E+03	4.062304E-04	4.886581E-05
3.158916E+03	3.886472E-04	4.674820E-05
3.168819E+03	3.717839E-04	4.471738E-05
3.178721E+03	3.556307E-04	4.277218E-05
3.188624E+03	3.401698E-04	4.091043E-05
3.198526E+03	3.253771E-04	3.912922E-05
3.208429E+03	3.112504E-04	3.742829E-05
3.218332E+03	2.977534E-04	3.580324E-05
3.228234E+03	2.848808E-04	3.425346E-05
3.238137E+03	2.726111E-04	3.277631E-05
3.248039E+03	2.609139E-04	3.136815E-05
3.257942E+03	2.497809E-04	3.002797E-05
3.267844E+03	2.391822E-04	2.875216E-05
3.277747E+03	2.291004E-04	2.753862E-05
3.287650E+03	2.195145E-04	2.638481E-05
3.297552E+03	2.104065E-04	2.528857E-05
3.307455E+03	2.017528E-04	2.424704E-05
3.317357E+03	1.935329E-04	2.325777E-05
3.327260E+03	1.857281E-04	2.231849E-05
3.337162E+03	1.783216E-04	2.142716E-05
3.347065E+03	1.712924E-04	2.058128E-05
3.356967E+03	1.646231E-04	1.977873E-05
3.366870E+03	1.582966E-04	1.901745E-05
3.376773E+03	1.522946E-04	1.829525E-05
3.386675E+03	1.466018E-04	1.761027E-05
3.396578E+03	1.412034E-04	1.696073E-05
3.406480E+03	1.360837E-04	1.634472E-05
3.416383E+03	1.312292E-04	1.576065E-05
3.426285E+03	1.266258E-04	1.520681E-05
3.436188E+03	1.222601E-04	1.468157E-05
3.446090E+03	1.181197E-04	1.418345E-05
3.455993E+03	1.141914E-04	1.371085E-05
3.465896E+03	1.104656E-04	1.326262E-05
3.475798E+03	1.069306E-04	1.283735E-05
3.485701E+03	1.035746E-04	1.243363E-05
3.495603E+03	1.003857E-04	1.205000E-05
3.505506E+03	9.735582E-05	1.168551E-05
3.515408E+03	9.447463E-05	1.133891E-05
3.525311E+03	9.173069E-05	1.100882E-05
3.535213E+03	8.911628E-05	1.069432E-05
3.545116E+03	8.662341E-05	1.039444E-05
3.555019E+03	8.424379E-05	1.010819E-05
3.564921E+03	8.196905E-05	9.834559E-06
3.574824E+03	7.979447E-05	9.572976E-06
3.584726E+03	7.771411E-05	9.322728E-06
3.594629E+03	7.572235E-05	9.083141E-06
3.604531E+03	7.381730E-05	8.853983E-06
3.614434E+03	7.199491E-05	8.634768E-06
3.624337E+03	7.025188E-05	8.425099E-06
3.634239E+03	6.858562E-05	8.224662E-06
3.644142E+03	6.699343E-05	8.033133E-06
3.654044E+03	6.547207E-05	7.850122E-06
3.663947E+03	6.402004E-05	7.675445E-06
3.673849E+03	6.263352E-05	7.508644E-06
3.683752E+03	6.131049E-05	7.349476E-06
3.693654E+03	6.004933E-05	7.197746E-06
3.703557E+03	5.884599E-05	7.052965E-06
3.713460E+03	5.769992E-05	6.915065E-06
3.723362E+03	5.660725E-05	6.783583E-06
3.733265E+03	5.556702E-05	6.658402E-06
3.743167E+03	5.457688E-05	6.539238E-06
3.753070E+03	5.363459E-05	6.425824E-06
3.762972E+03	5.273846E-05	6.317953E-06
3.772875E+03	5.188643E-05	6.215380E-06
3.782777E+03	5.107689E-05	6.117909E-06
3.792680E+03	5.030837E-05	6.025364E-06
3.802583E+03	4.957907E-05	5.937528E-06
3.812485E+03	4.888762E-05	5.854235E-06
3.822388E+03	4.823275E-05	5.775333E-06
3.832290E+03	4.761288E-05	5.700632E-06
3.842193E+03	4.702685E-05	5.629991E-06
3.852095E+03	4.647360E-05	5.563283E-06
3.861998E+03	4.595169E-05	5.500335E-06
3.871900E+03	4.546018E-05	5.441034E-06
3.881803E+03	4.499776E-05	5.385220E-06
3.891706E+03	4.456389E-05	5.332830E-06
3.901608E+03	4.415733E-05	5.283714E-06
3.911511E+03	4.377721E-05	5.237767E-06
3.921413E+03	4.342211E-05	5.194819E-06
3.931316E+03	4.309189E-05	5.154851E-06
3.941218E+03	4.278511E-05	5.117691E-06
3.951121E+03	4.250106E-05	5.083253E-06
3.961024E+03	4.223870E-05	5.051413E-06
3.970926E+03	4.199770E-05	5.022129E-06
3.980829E+03	4.177674E-05	4.995245E-06
3.990731E+03	4.157555E-05	4.970726E-06
4.000634E+03	4.139290E-05	4.948425E-06
4.010536E+03	4.122853E-05	4.928310E-06
4.020439E+03	4.108129E-05	4.910244E-06
4.030341E+03	4.095066E-05	4.894163E-06
4.040244E+03	4.083618E-05	4.880012E-06
4.050147E+03	4.073737E-05	4.867733E-06
4.060049E+03	4.065319E-05	4.857201E-06
4.069952E+03	4.058323E-05	4.848368E-06
4.079854E+03	4.052679E-05	4.841148E-06
4.089757E+03	4.048351E-05	4.835497E-06
4.099659E+03	4.045307E-05	4.831379E-06
4.109562E+03	4.043454E-05	4.828681E-06
4.119464E+03	4.042791E-05	4.827401E-06
4.129367E+03	4.043231E-05	4.827434E-06
4.139270E+03	4.044749E-05	4.828753E-06
4.149172E+03	4.047322E-05	4.831326E-06
4.159075E+03	4.050870E-05	4.835059E-06
4.168977E+03	4.055369E-05	4.839924E-06
4.178880E+03	4.060775E-05	4.845867E-06
4.188782E+03	4.067102E-05	4.852904E-06
4.198685E+03	4.074245E-05	4.860910E-06
4.208587E+03	4.082226E-05	4.869910E-06
4.218490E+03	4.090968E-05	4.879813E-06
4.228393E+03	4.100500E-05	4.890652E-06
4.238295E+03	4.110717E-05	4.902302E-06
4.248198E+03	4.121611E-05	4.914755E-06
4.258100E+03	4.133183E-05	4.928009E-06
4.268003E+03	4.145329E-05	4.941940E-06
4.277905E+03	4.158077E-05	4.956584E-06
4.287808E+03	4.171295E-05	4.971779E-06
4.297711E+03	4.185012E-05	4.987564E-06
4.307613E+03	4.199056E-05	5.003730E-06
4.317516E+03	4.213426E-05	5.020278E-06
4.327418E+03	4.228211E-05	5.037312E-06
4.337321E+03	4.243413E-05	5.054835E-06
4.347223E+03	4.259061E-05	5.072881E-06
4.357126E+03	4.275153E-05	5.091449E-06
4.367028E+03	4.291622E-05	5.110456E-06
4.376931E+03	4.308539E-05	5.129989E-06
4.386834E+03	4.325834E-05	5.149964E-06
4.396736E+03	4.343512E-05	5.170385E-06
4.406639E+03	4.361541E-05	5.191216E-06
4.416541E+03	4.379927E-05	5.212463E-06
4.426444E+03	4.398606E-05	5.234048E-06
4.436346E+03	4.417622E-05	5.256025E-06
4.446249E+03	4.436909E-05	5.278314E-06
4.456151E+03	4.456446E-05	5.300892E-06
4.466054E+03	4.476284E-05	5.323818E-06
4.475957E+03	4.496330E-05	5.346980E-06
4.485859E+03	4.516603E-05	5.370402E-06
4.495762E+03	4.537132E-05	5.394119E-06
4.505664E+03	4.557869E-05	5.418072E-06
4.515567E+03	4.578847E-05	5.442301E-06
4.525469E+03	4.600030E-05	5.466762E-06
4.535372E+03	4.621455E-05	5.491500E-06
4.545274E+03	4.643126E-05	5.516519E-06
4.555177E+03	4.665052E-05	5.541830E-06
4.565080E+03	4.687198E-05	5.567390E-06
4.574982E+03	4.709650E-05	5.593303E-06
4.584885E+03	4.732338E-05	5.619484E-06
4.594787E+03	4.755308E-05	5.645986E-06
4.604690E+03	4.778570E-05	5.672824E-06
4.614592E+03	4.802089E-05	5.699954E-06
4.624495E+03	4.825955E-05	5.727484E-06
4.634398E+03	4.850093E-05	5.755324E-06
4.644300E+03	4.874552E-05	5.783532E-06
4.654203E+03	4.899427E-05	5.812219E-06
4.664105E+03	4.924683E-05	5.841345E-06
4.674008E+03	4.950377E-05	5.870977E-06
4.683910E+03	4.976561E-05	5.901175E-06
4.693813E+03	5.003247E-05	5.931955E-06
4.703715E+03	5.030451E-05	5.963335E-06
4.713618E+03	5.058272E-05	5.995430E-06
4.723521E+03	5.086636E-05	6.028156E-06
4.733423E+03	5.115649E-05	6.061633E-06
4.743326E+03	5.145325E-05	6.095880E-06
4.753228E+03	5.175633E-05	6.130861E-06
4.763131E+03	5.206683E-05	6.166703E-06
4.773033E+03	5.238447E-05	6.203374E-06
4.782936E+03	5.270946E-05	6.240897E-06
4.792838E+03	5.304200E-05	6.279297E-06
4.802741E+03	5.338234E-05	6.318602E-06
4.812644E+03	5.373167E-05	6.358952E-06
4.822546E+03	5.408880E-05	6.400206E-06
4.832449E+03	5.445502E-05	6.442516E-06
4.842351E+03	5.483005E-05	6.485849E-06
4.852254E+03	5.521475E-05	6.530304E-06
4.862156E+03	5.560888E-05	6.575853E-06
4.872059E+03	5.601274E-05	6.622532E-06
4.881961E+03	5.642714E-05	6.670434E-06
4.891864E+03	5.685132E-05	6.719469E-06
4.901767E+03	5.728611E-05	6.769735E-06
4.911669E+03	5.773177E-05	6.821262E-06
4.921572E+03	5.818858E-05	6.874081E-06
4.931474E+03	5.865625E-05	6.928157E-06
4.941377E+03	5.913502E-05	6.983519E-06
4.951279E+03	5.962568E-05	7.040258E-06
4.961182E+03	6.012731E-05	7.098266E-06
4.971085E+03	6.064126E-05	7.157699E-06
4.980987E+03	6.116656E-05	7.218444E-06
4.990890E+03	6.170337E-05	7.280517E-06
5.000792E+03	6.225246E-05	7.344009E-06
5.010695E+03	6.281334E-05	7.408861E-06
5.020597E+03	6.338618E-05	7.475093E-06
5.030500E+03	6.397045E-05	7.542639E-06
5.040402E+03	6.456683E-05	7.611581E-06
5.050305E+03	6.517543E-05	7.681929E-06
5.060208E+03	6.579506E-05	7.753542E-06
5.070110E+03	6.642634E-05	7.826493E-06
5.080013E+03	6.706935E-05	7.900790E-06
5.089915E+03	6.772408E-05	7.976430E-06
5.099818E+03	6.838996E-05	8.053346E-06
5.109720E+03	6.906698E-05	8.131535E-06
5.119623E+03	6.975455E-05	8.210926E-06
5.129525E+03	7.045403E-05	8.291678E-06
5.139428E+03	7.116417E-05	8.373645E-06
5.149331E+03	7.188501E-05	8.456829E-06
5.159233E+03	7.261665E-05	8.541240E-06
5.169136E+03	7.335988E-05	8.626971E-06
5.179038E+03	7.411331E-05	8.713857E-06
5.188941E+03	7.487700E-05	8.801905E-06
5.198843E+03	7.565246E-05	8.891289E-06
5.208746E+03	7.643744E-05	8.981746E-06
5.218648E+03	7.723345E-05	9.073450E-06
5.228551E+03	7.803968E-05	9.166307E-06
5.238454E+03	7.885604E-05	9.260304E-06
5.248356E+03	7.968320E-05	9.355519E-06
5.258259E+03	8.051950E-05	9.451755E-06
5.268161E+03	8.136551E-05	9.549079E-06
5.278064E+03	8.222107E-05	9.647471E-06
5.287966E+03	8.308594E-05	9.746901E-06
5.297869E+03	8.396065E-05	9.847431E-06
5.307772E+03	8.484321E-05	9.948826E-06
5.317674E+03	8.573407E-05	1.005114E-05
5.327577E+03	8.663272E-05	1.015430E-05
5.337479E+03	8.753775E-05	1.025816E-05
5.347382E+03	8.845026E-05	1.036284E-05
5.357284E+03	8.936865E-05	1.046814E-05
5.367187E+03	9.029128E-05	1.057388E-05
5.377089E+03	9.121720E-05	1.067994E-05
5.386992E+03	9.214643E-05	1.078633E-05
5.396895E+03	9.307605E-05	1.089271E-05
5.406797E+03	9.400594E-05	1.099905E-05
5.416700E+03	9.493494E-05	1.110522E-05
5.426602E+03	9.585993E-05	1.121086E-05
5.436505E+03	9.677954E-05	1.131581E-05
5.446407E+03	9.769334E-05	1.142002E-05
5.456310E+03	9.859883E-05	1.152319E-05
5.466212E+03	9.949340E-05	1.162501E-05
5.476115E+03	1.003743E-04	1.172518E-05
5.486018E+03	1.012417E-04	1.182371E-05
5.495920E+03	1.020907E-04	1.192002E-05
5.505823E+03	1.029201E-04	1.201399E-05
5.515725E+03	1.037270E-04	1.210526E-05
5.525628E+03	1.045090E-04	1.219357E-05
5.535530E+03	1.052639E-04	1.227866E-05
5.545433E+03	1.059884E-04	1.236015E-05
5.555335E+03	1.066813E-04	1.243788E-05
5.565238E+03	1.073389E-04	1.251146E-05
5.575141E+03	1.079580E-04	1.258048E-05
5.585043E+03	1.085385E-04	1.264495E-05
5.594946E+03	1.090770E-04	1.270448E-05
5.604848E+03	1.095702E-04	1.275870E-05
5.614751E+03	1.100174E-04	1.280751E-05
5.624653E+03	1.104180E-04	1.285084E-05
5.634556E+03	1.107680E-04	1.288826E-05
5.644459E+03	1.110673E-04	1.291973E-05
5.654361E+03	1.113159E-04	1.294527E-05
5.664264E+03	1.115116E-04	1.296462E-05
5.674166E+03	1.116548E-04	1.297785E-05
5.684069E+03	1.117439E-04	1.298476E-05
5.693971E+03	1.117796E-04	1.298545E-05
5.703874E+03	1.117618E-04	1.297990E-05
5.713776E+03	1.116917E-04	1.296825E-05
5.723679E+03	1.115669E-04	1.295025E-05
5.733582E+03	1.113914E-04	1.292635E-05
5.743484E+03	1.111631E-04	1.289632E-05
5.753387E+03	1.108838E-04	1.286037E-05
5.763289E+03	1.105543E-04	1.281860E-05
5.773192E+03	1.101755E-04	1.277111E-05
5.783094E+03	1.097497E-04	1.271818E-05
5.792997E+03	1.092782E-04	1.265997E-05
5.802899E+03	1.087624E-04	1.259664E-05
5.812802E+03	1.082029E-04	1.252827E-05
5.822705E+03	1.076040E-04	1.245535E-05
5.832607E+03	1.069666E-04	1.237800E-05
5.842510E+03	1.062943E-04	1.229663E-05
5.852412E+03	1.055881E-04	1.221137E-05
5.862315E+03	1.048517E-04	1.212265E-05
5.872217E+03	1.040876E-04	1.203077E-05
5.882120E+03	1.032983E-04	1.193600E-05
5.892022E+03	1.024862E-04	1.183864E-05
5.901925E+03	1.016538E-04	1.173896E-05
5.911828E+03	1.008044E-04	1.163737E-05
5.921730E+03	9.993804E-05	1.153385E-05
5.931633E+03	9.905919E-05	1.142895E-05
5.941535E+03	9.816875E-05	1.132274E-05
5.951438E+03	9.726876E-05	1.121549E-05
5.961340E+03	9.636225E-05	1.110752E-05
5.971243E+03	9.544875E-05	1.099881E-05
5.981146E+03	9.453231E-05	1.088979E-05
5.991048E+03	9.361227E-05	1.078042E-05
6.000951E+03	9.269134E-05	1.067099E-05
6.010853E+03	9.177100E-05	1.056168E-05
6.020756E+03	9.085152E-05	1.045252E-05
6.030658E+03	8.993424E-05	1.034366E-05
6.040561E+03	8.902035E-05	1.023525E-05
6.050463E+03	8.811103E-05	1.012741E-05
6.060366E+03	8.720737E-05	1.002027E-05
6.070269E+03	8.631035E-05	9.913954E-06
6.080171E+03	8.542088E-05	9.808552E-06
6.090074E+03	8.453984E-05	9.704169E-06
6.099976E+03	8.366908E-05	9.601018E-06
6.109879E+03	8.281034E-05	9.499296E-06
6.119781E+03	8.196532E-05	9.399199E-06
6.129684E+03	8.113455E-05	9.300785E-06
6.139586E+03	8.031855E-05	9.204114E-06
6.149489E+03	7.951671E-05	9.109112E-06
6.159392E+03	7.872944E-05	9.015829E-06
6.169294E+03	7.795706E-05	8.924297E-06
6.179197E+03	7.719889E-05	8.834437E-06
6.189099E+03	7.645622E-05	8.746398E-06
6.199002E+03	7.573131E-05	8.660433E-06
6.208904E+03	7.502334E-05	8.576450E-06
6.218807E+03	7.433345E-05	8.494575E-06
6.228709E+03	7.366376E-05	8.415051E-06
6.238612E+03	7.301333E-05	8.337766E-06
6.248515E+03	7.238524E-05	8.263071E-06
6.258417E+03	7.178048E-05	8.191076E-06
6.268320E+03	7.119800E-05	8.121659E-06
6.278222E+03	7.064082E-05	8.055162E-06
6.288125E+03	7.010984E-05	7.991684E-06
6.298027E+03	6.960502E-05	7.931218E-06
6.307930E+03	6.912724E-05	7.873863E-06
6.317833E+03	6.867949E-05	7.819952E-06
6.327735E+03	6.826060E-05	7.769352E-06
6.337638E+03	6.787156E-05	7.722171E-06
6.347540E+03	6.751429E-05	7.678625E-06
6.357443E+03	6.718569E-05	7.638355E-06
6.367345E+03	6.688375E-05	7.601131E-06
6.377248E+03	6.660740E-05	7.566827E-06
6.387150E+03	6.635561E-05	7.535324E-06
6.397053E+03	6.612631E-05	7.506383E-06
6.406956E+03	6.591947E-05	7.479999E-06
6.416858E+03	6.573406E-05	7.456050E-06
6.426761E+03	6.557004E-05	7.434532E-06
6.436663E+03	6.542638E-05	7.415323E-06
6.446566E+03	6.530303E-05	7.398415E-06
6.456468E+03	6.519998E-05	7.383805E-06
6.466371E+03	6.511618E-05	7.371370E-06
6.476273E+03	6.505263E-05	7.361224E-06
6.486176E+03	6.500930E-05	7.353357E-06
6.496079E+03	6.498516E-05	7.347651E-06
6.505981E+03	6.498125E-05	7.344222E-06
6.515884E+03	6.499647E-05	7.342943E-06
6.525786E+03	6.503088E-05	7.343816E-06
6.535689E+03	6.508547E-05	7.346953E-06
6.545591E+03	6.515815E-05	7.352113E-06
6.555494E+03	6.525213E-05	7.359657E-06
6.565396E+03	6.536421E-05	7.369219E-06
6.575299E+03	6.549654E-05	7.381042E-06
6.585202E+03	6.564807E-05	7.395001E-06
6.595104E+03	6.581883E-05	7.411100E-06
6.605007E+03	6.600995E-05	7.429461E-06
6.614909E+03	6.622034E-05	7.449961E-06
6.624812E+03	6.645009E-05	7.472604E-06
6.634714E+03	6.669919E-05	7.497388E-06
6.644617E+03	6.696884E-05	7.524444E-06
6.654520E+03	6.725681E-05	7.553520E-06
6.664422E+03	6.756549E-05	7.584880E-06
6.674325E+03	6.789373E-05	7.618392E-06
6.684227E+03	6.824165E-05	7.654067E-06
6.694130E+03	6.860930E-05	7.691906E-06
6.704032E+03	6.899676E-05	7.731917E-06
6.713935E+03	6.940531E-05	7.774238E-06
6.723837E+03	6.983261E-05	7.818606E-06
6.733740E+03	7.027998E-05	7.865164E-06
6.743643E+03	7.074747E-05	7.913916E-06
6.753545E+03	7.123520E-05	7.964870E-06
6.763448E+03	7.174324E-05	8.018033E-06
6.773350E+03	7.227173E-05	8.073414E-06
6.783253E+03	7.282070E-05	8.131017E-06
6.793155E+03	7.338897E-05	8.190704E-06
6.803058E+03	7.397791E-05	8.252626E-06
6.812960E+03	7.458760E-05	8.316789E-06
6.822863E+03	7.521676E-05	8.383044E-06
6.832766E+03	7.586683E-05	8.451551E-06
6.842668E+03	7.653787E-05	8.522312E-06
6.852571E+03	7.722855E-05	8.595175E-06
6.862473E+03	7.793887E-05	8.670139E-06
6.872376E+03	7.867034E-05	8.747365E-06
6.882278E+03	7.942154E-05	8.826694E-06
6.892181E+03	8.019246E-05	8.908121E-06
6.902083E+03	8.098468E-05	8.991818E-06
6.911986E+03	8.179675E-05	9.077619E-06
6.921889E+03	8.262863E-05	9.165519E-06
6.931791E+03	8.347873E-05	9.255335E-06
6.941694E+03	8.435034E-05	9.347431E-06
6.951596E+03	8.524184E-05	9.441621E-06
6.961499E+03	8.615326E-05	9.537907E-06
6.971401E+03	8.708294E-05	9.636102E-06
6.981304E+03	8.803254E-05	9.736384E-06
6.991207E+03	8.900033E-05	9.838560E-06
7.001109E+03	8.998984E-05	9.943017E-06
7.011012E+03	9.099573E-05	1.004916E-05
7.020914E+03	9.202154E-05	1.015738E-05
7.030817E+03	9.306539E-05	1.026746E-05
7.040719E+03	9.412916E-05	1.037961E-05
7.050622E+03	9.520897E-05	1.049339E-05
7.060524E+03	9.630860E-05	1.060922E-05
7.070427E+03	9.742409E-05	1.072667E-05
7.080330E+03	9.855727E-05	1.084592E-05
7.090232E+03	9.970806E-05	1.096697E-05
7.100135E+03	1.008764E-04	1.108980E-05
7.110037E+03	1.020600E-04	1.121417E-05
7.119940E+03	1.032588E-04	1.134005E-05
7.129842E+03	1.044747E-04	1.146767E-05
7.139745E+03	1.057053E-04	1.159674E-05
7.149647E+03	1.069527E-04	1.172751E-05
7.159550E+03	1.082122E-04	1.185945E-05
7.169453E+03	1.094881E-04	1.199303E-05
7.179355E+03	1.107780E-04	1.212797E-05
7.189258E+03	1.120814E-04	1.226423E-05
7.199160E+03	1.133982E-04	1.240180E-05
7.209063E+03	1.147281E-04	1.254063E-05
7.218965E+03	1.160707E-04	1.268069E-05
7.228868E+03	1.174284E-04	1.282222E-05
7.238770E+03	1.187956E-04	1.296462E-05
7.248673E+03	1.201799E-04	1.310871E-05
7.258576E+03	1.215784E-04	1.325418E-05
7.268478E+03	1.229881E-04	1.340070E-05
7.278381E+03	1.244170E-04	1.354912E-05
7.288283E+03	1.258593E-04	1.369883E-05
7.298186E+03	1.273234E-04	1.385073E-05
7.308088E+03	1.288064E-04	1.400450E-05
7.317991E+03	1.303112E-04	1.416045E-05
7.327894E+03	1.318409E-04	1.431892E-05
7.337796E+03	1.333957E-04	1.447992E-05
7.347699E+03	1.349820E-04	1.464415E-05
7.357601E+03	1.366037E-04	1.481201E-05
7.367504E+03	1.382580E-04	1.498321E-05
7.377406E+03	1.399456E-04	1.515780E-05
7.387309E+03	1.416669E-04	1.533583E-05
7.397211E+03	1.434191E-04	1.551700E-05
7.407114E+03	1.451991E-04	1.570096E-05
7.417017E+03	1.470037E-04	1.588734E-05
7.426919E+03	1.488327E-04	1.607615E-05
7.436822E+03	1.506828E-04	1.626700E-05
7.446724E+03	1.525499E-04	1.645946E-05
7.456627E+03	1.544376E-04	1.665391E-05
7.466529E+03	1.563381E-04	1.684951E-05
7.476432E+03	1.582509E-04	1.704620E-05
7.486334E+03	1.601754E-04	1.724391E-05
7.496237E+03	1.621113E-04	1.744261E-05
7.506140E+03	1.640580E-04	1.764224E-05
7.516042E+03	1.660107E-04	1.784228E-05
7.525945E+03	1.679689E-04	1.804267E-05
7.535847E+03	1.699359E-04	1.824377E-05
7.545750E+03	1.719068E-04	1.844504E-05
7.555652E+03	1.738850E-04	1.864686E-05
7.565555E+03	1.758609E-04	1.884819E-05
7.575457E+03	1.778421E-04	1.904986E-05
7.585360E+03	1.798232E-04	1.925127E-05
7.595263E+03	1.818029E-04	1.945230E-05
7.605165E+03	1.837799E-04	1.965281E-05
7.615068E+03	1.857576E-04	1.985315E-05
7.624970E+03	1.877299E-04	2.005268E-05
7.634873E+03	1.896950E-04	2.025121E-05
7.644775E+03	1.916565E-04	2.044913E-05
7.654678E+03	1.936127E-04	2.064625E-05
7.664581E+03	1.955569E-04	2.084187E-05
7.674483E+03	1.974925E-04	2.103634E-05
7.684386E+03	1.994176E-04	2.122948E-05
7.694288E+03	2.013306E-04	2.142110E-05
7.704191E+03	2.032296E-04	2.161102E-05
7.714093E+03	2.051182E-04	2.179962E-05
7.723996E+03	2.069890E-04	2.198612E-05
7.733898E+03	2.088405E-04	2.217036E-05
7.743801E+03	2.106820E-04	2.235333E-05
7.753704E+03	2.125063E-04	2.253427E-05
7.763606E+03	2.143176E-04	2.271365E-05
7.773509E+03	2.161146E-04	2.289130E-05
7.783411E+03	2.178955E-04	2.306707E-05
7.793314E+03	2.196649E-04	2.324142E-05
7.803216E+03	2.214281E-04	2.341494E-05
7.813119E+03	2.231837E-04	2.358747E-05
7.823021E+03	2.249373E-04	2.375961E-05
7.832924E+03	2.266942E-04	2.393192E-05
7.842827E+03	2.284474E-04	2.410366E-05
7.852729E+03	2.302225E-04	2.427753E-05
7.862632E+03	2.320062E-04	2.445215E-05
7.872534E+03	2.338053E-04	2.462821E-05
7.882437E+03	2.356334E-04	2.480714E-05
7.892339E+03	2.374840E-04	2.498827E-05
7.902242E+03	2.393579E-04	2.517168E-05
7.912144E+03	2.412557E-04	2.535742E-05
7.922047E+03	2.431708E-04	2.554481E-05
7.931950E+03	2.450968E-04	2.573315E-05
7.941852E+03	2.470268E-04	2.592176E-05
7.951755E+03	2.489614E-04	2.611067E-05
7.961657E+03	2.508858E-04	2.629835E-05
7.971560E+03	2.528079E-04	2.648562E-05
7.981462E+03	2.547130E-04	2.667094E-05
7.991365E+03	2.566010E-04	2.685433E-05
8.001268E+03	2.584650E-04	2.703504E-05
8.011170E+03	2.603048E-04	2.721309E-05
8.021073E+03	2.621132E-04	2.738772E-05
8.030975E+03	2.638980E-04	2.755975E-05
8.040878E+03	2.656525E-04	2.772848E-05
8.050780E+03	2.673693E-04	2.789316E-05
8.060683E+03	2.690571E-04	2.805470E-05
8.070585E+03	2.707088E-04	2.821238E-05
8.080488E+03	2.723260E-04	2.836637E-05
8.090391E+03	2.739175E-04	2.851759E-05
8.100293E+03	2.754694E-04	2.866459E-05
8.110196E+03	2.769825E-04	2.880750E-05
8.120098E+03	2.784670E-04	2.894735E-05
8.130001E+03	2.799252E-04	2.908440E-05
8.139903E+03	2.813505E-04	2.921798E-05
8.149806E+03	2.827455E-04	2.934838E-05
8.159708E+03	2.841123E-04	2.947580E-05
8.169611E+03	2.854624E-04	2.960145E-05
8.179514E+03	2.867814E-04	2.972384E-05
8.189416E+03	2.880891E-04	2.984505E-05
8.199319E+03	2.893717E-04	2.996363E-05
8.209221E+03	2.906405E-04	3.008078E-05
8.219124E+03	2.918985E-04	3.019680E-05
8.229026E+03	2.931490E-04	3.031205E-05
8.238929E+03	2.943860E-04	3.042589E-05
8.248831E+03	2.956214E-04	3.053959E-05
8.258734E+03	2.968579E-04	3.065342E-05
8.268637E+03	2.980896E-04	3.076676E-05
8.278539E+03	2.993281E-04	3.088082E-05
8.288442E+03	3.005669E-04	3.099495E-05
8.298344E+03	3.018178E-04	3.111035E-05
8.308247E+03	3.030742E-04	3.122636E-05
8.318149E+03	3.043380E-04	3.134316E-05
8.328052E+03	3.056208E-04	3.146197E-05
8.337955E+03	3.069059E-04	3.158106E-05
8.347857E+03	3.082136E-04	3.170252E-05
8.357760E+03	3.095367E-04	3.182562E-05
8.367662E+03	3.108857E-04	3.195143E-05
8.377565E+03	3.122436E-04	3.207823E-05
8.387467E+03	3.136209E-04	3.220709E-05
8.397370E+03	3.150195E-04	3.233820E-05
8.407272E+03	3.164402E-04	3.247164E-05
8.417175E+03	3.178844E-04	3.260758E-05
8.427078E+03	3.193536E-04	3.274616E-05
8.436980E+03	3.208484E-04	3.288746E-05
8.446883E+03	3.223606E-04	3.303063E-05
8.456785E+03	3.239005E-04	3.317673E-05
8.466688E+03	3.254690E-04	3.332585E-05
8.476590E+03	3.270569E-04	3.347708E-05
8.486493E+03	3.286748E-04	3.363147E-05
8.496395E+03	3.303129E-04	3.378805E-05
8.506298E+03	3.319815E-04	3.394786E-05
8.516201E+03	3.336704E-04	3.410988E-05
8.526103E+03	3.353796E-04	3.427410E-05
8.536006E+03	3.371192E-04	3.444156E-05
8.545908E+03	3.388782E-04	3.461115E-05
8.555811E+03	3.406560E-04	3.478281E-05
8.565713E+03	3.424623E-04	3.495752E-05
8.575616E+03	3.442744E-04	3.513300E-05
8.585518E+03	3.461125E-04	3.531131E-05
8.595421E+03	3.479530E-04	3.549002E-05
8.605324E+03	3.498155E-04	3.567117E-05
8.615226E+03	3.516757E-04	3.585228E-05
8.625129E+03	3.535417E-04	3.603418E-05
8.635031E+03	3.554220E-04	3.621774E-05
8.644934E+03	3.572905E-04	3.640032E-05
8.654836E+03	3.591551E-04	3.658273E-05
8.664739E+03	3.610119E-04	3.676458E-05
8.674642E+03	3.628570E-04	3.694549E-05
8.684544E+03	3.646860E-04	3.712502E-05
8.694447E+03	3.665071E-04	3.730400E-05
8.704349E+03	3.682914E-04	3.747952E-05
8.714252E+03	3.700588E-04	3.765360E-05
8.724154E+03	3.718046E-04	3.782578E-05
8.734057E+03	3.735246E-04	3.799564E-05
8.743959E+03	3.752014E-04	3.816143E-05
8.753862E+03	3.768560E-04	3.832528E-05
8.763765E+03	3.784839E-04	3.848675E-05
8.773667E+03	3.800804E-04	3.864538E-05
8.783570E+03	3.816411E-04	3.880072E-05
8.793472E+03	3.831482E-04	3.895099E-05
8.803375E+03	3.846098E-04	3.909699E-05
8.813277E+03	3.860076E-04	3.923690E-05
8.823180E+03	3.873505E-04	3.937164E-05
8.833082E+03	3.886071E-04	3.949800E-05
8.842985E+03	3.898026E-04	3.961856E-05
8.852888E+03	3.909093E-04	3.973052E-05
8.862790E+03	3.919416E-04	3.983537E-05
8.872693E+03	3.929007E-04	3.993320E-05
8.882595E+03	3.937877E-04	4.002414E-05
8.892498E+03	3.945899E-04	4.010690E-05
8.902400E+03	3.953367E-04	4.018448E-05
8.912303E+03	3.960157E-04	4.025558E-05
8.951913E+03	3.980988E-04	4.047992E-05
8.991523E+03	3.993026E-04	4.062144E-05
9.031134E+03	3.997877E-04	4.069611E-05
9.070744E+03	3.996855E-04	4.071690E-05
9.110354E+03	3.991604E-04	4.070013E-05
9.149964E+03	3.983919E-04	4.066367E-05
9.189575E+03	3.975758E-04	4.062716E-05
9.229185E+03	3.969211E-04	4.061162E-05
9.268795E+03	3.965443E-04	4.062875E-05
9.308405E+03	3.965126E-04	4.068528E-05
9.348016E+03	3.968724E-04	4.078586E-05
9.387626E+03	3.975849E-04	4.092643E-05
9.427236E+03	3.986366E-04	4.110555E-05
9.466846E+03	3.999277E-04	4.131285E-05
9.506456E+03	4.013929E-04	4.154151E-05
9.546067E+03	4.029528E-04	4.178318E-05
9.585677E+03	4.045302E-04	4.202971E-05
9.625287E+03	4.060410E-04	4.227216E-05
9.664897E+03	4.073681E-04	4.249808E-05
9.704508E+03	4.083976E-04	4.269527E-05
9.744118E+03	4.090501E-04	4.285501E-05
9.783728E+03	4.092296E-04	4.296681E-05
9.823338E+03	4.088705E-04	4.302327E-05
9.862949E+03	4.079768E-04	4.302426E-05
9.902559E+03	4.065407E-04	4.296839E-05
9.942169E+03	4.045257E-04	4.285128E-05
9.981779E+03	4.020175E-04	4.268146E-05
1.002139E+04	3.990625E-04	4.246335E-05
1.006100E+04	3.956496E-04	4.219531E-05
1.010061E+04	3.919418E-04	4.189432E-05
1.014022E+04	3.879409E-04	4.156023E-05
1.017983E+04	3.836684E-04	4.119503E-05
1.021944E+04	3.791719E-04	4.080355E-05
