#wls	flux	fluxerr
1.584409E+03	5.577157E-03	1.673284E-03
1.624020E+03	5.740732E-03	1.722339E-03
1.663630E+03	5.893662E-03	1.768198E-03
1.703240E+03	6.034728E-03	1.810495E-03
1.742850E+03	6.160233E-03	1.848121E-03
1.782461E+03	6.269883E-03	1.880988E-03
1.822071E+03	6.359844E-03	1.907945E-03
1.861681E+03	6.429109E-03	1.928690E-03
1.901291E+03	6.475552E-03	1.942588E-03
1.940902E+03	6.496109E-03	1.948717E-03
1.980512E+03	6.490007E-03	1.946847E-03
2.020122E+03	6.455158E-03	1.936352E-03
2.059732E+03	6.389925E-03	1.916740E-03
2.099342E+03	6.293184E-03	1.887677E-03
2.138953E+03	6.163656E-03	1.848779E-03
2.178563E+03	5.999502E-03	1.799495E-03
2.218173E+03	5.799252E-03	1.739385E-03
2.257783E+03	5.564118E-03	1.668813E-03
2.297394E+03	5.298929E-03	1.589229E-03
2.337004E+03	5.011729E-03	1.503046E-03
2.376614E+03	4.708970E-03	1.412201E-03
2.416224E+03	4.396502E-03	1.318448E-03
2.455835E+03	4.078631E-03	1.223080E-03
2.495445E+03	3.759800E-03	1.127429E-03
2.535055E+03	3.443630E-03	1.032581E-03
2.574665E+03	3.133785E-03	9.396354E-04
2.614276E+03	2.833215E-03	8.494766E-04
2.653886E+03	2.544612E-03	7.629117E-04
2.693496E+03	2.270338E-03	6.806493E-04
2.733106E+03	2.012174E-03	6.032230E-04
2.772716E+03	1.771588E-03	5.310719E-04
2.812327E+03	1.549617E-03	4.645076E-04
2.851937E+03	1.346985E-03	4.037457E-04
2.891547E+03	1.164066E-03	3.488980E-04
2.931157E+03	1.000806E-03	2.999477E-04
2.970768E+03	8.567547E-04	2.567591E-04
2.980670E+03	8.236490E-04	2.468339E-04
2.990573E+03	7.916580E-04	2.372431E-04
3.000475E+03	7.607941E-04	2.279902E-04
3.010378E+03	7.309975E-04	2.190575E-04
3.020280E+03	7.022761E-04	2.104472E-04
3.030183E+03	6.746024E-04	2.021511E-04
3.040086E+03	6.479639E-04	1.941654E-04
3.049988E+03	6.223048E-04	1.864735E-04
3.059891E+03	5.976384E-04	1.790792E-04
3.069793E+03	5.739111E-04	1.719666E-04
3.079696E+03	5.511189E-04	1.651343E-04
3.089598E+03	5.292333E-04	1.585739E-04
3.099501E+03	5.082156E-04	1.522738E-04
3.109403E+03	4.880583E-04	1.462316E-04
3.119306E+03	4.687242E-04	1.404362E-04
3.129209E+03	4.501951E-04	1.348823E-04
3.139111E+03	4.324433E-04	1.295613E-04
3.149014E+03	4.154423E-04	1.244655E-04
3.158916E+03	3.991733E-04	1.195892E-04
3.168819E+03	3.836099E-04	1.149244E-04
3.178721E+03	3.687200E-04	1.104615E-04
3.188624E+03	3.544916E-04	1.061970E-04
3.198526E+03	3.408937E-04	1.021214E-04
3.208429E+03	3.279079E-04	9.822940E-05
3.218332E+03	3.155110E-04	9.451389E-05
3.228234E+03	3.036745E-04	9.096642E-05
3.238137E+03	2.923864E-04	8.758331E-05
3.248039E+03	2.816154E-04	8.435522E-05
3.257942E+03	2.713497E-04	8.127857E-05
3.267844E+03	2.615681E-04	7.834706E-05
3.277747E+03	2.522429E-04	7.555237E-05
3.287650E+03	2.433629E-04	7.289112E-05
3.297552E+03	2.349092E-04	7.035762E-05
3.307455E+03	2.268602E-04	6.794545E-05
3.317357E+03	2.191989E-04	6.564947E-05
3.327260E+03	2.119087E-04	6.346472E-05
3.337162E+03	2.049737E-04	6.138642E-05
3.347065E+03	1.983785E-04	5.940998E-05
3.356967E+03	1.921084E-04	5.753094E-05
3.366870E+03	1.861467E-04	5.574434E-05
3.376773E+03	1.804776E-04	5.404546E-05
3.386675E+03	1.750933E-04	5.243189E-05
3.396578E+03	1.699746E-04	5.089793E-05
3.406480E+03	1.651122E-04	4.944080E-05
3.416383E+03	1.604932E-04	4.805658E-05
3.426285E+03	1.561071E-04	4.674216E-05
3.436188E+03	1.519403E-04	4.549344E-05
3.446090E+03	1.479820E-04	4.430719E-05
3.455993E+03	1.442234E-04	4.318081E-05
3.465896E+03	1.406533E-04	4.211088E-05
3.475798E+03	1.372639E-04	4.109513E-05
3.485701E+03	1.340422E-04	4.012959E-05
3.495603E+03	1.309818E-04	3.921239E-05
3.505506E+03	1.280724E-04	3.834044E-05
3.515408E+03	1.253059E-04	3.751131E-05
3.525311E+03	1.226748E-04	3.672271E-05
3.535213E+03	1.201693E-04	3.597178E-05
3.545116E+03	1.177856E-04	3.525732E-05
3.555019E+03	1.155161E-04	3.457708E-05
3.564921E+03	1.133540E-04	3.392900E-05
3.574824E+03	1.112960E-04	3.331212E-05
3.584726E+03	1.093349E-04	3.272425E-05
3.594629E+03	1.074658E-04	3.216396E-05
3.604531E+03	1.056842E-04	3.162988E-05
3.614434E+03	1.039859E-04	3.112074E-05
3.624337E+03	1.023667E-04	3.063529E-05
3.634239E+03	1.008228E-04	3.017239E-05
3.644142E+03	9.935125E-05	2.973118E-05
3.654044E+03	9.794944E-05	2.931085E-05
3.663947E+03	9.661382E-05	2.891034E-05
3.673849E+03	9.534435E-05	2.852964E-05
3.683752E+03	9.413675E-05	2.816747E-05
3.693654E+03	9.299025E-05	2.782359E-05
3.703557E+03	9.190227E-05	2.749724E-05
3.713460E+03	9.087125E-05	2.718794E-05
3.723362E+03	8.989709E-05	2.689567E-05
3.733265E+03	8.897583E-05	2.661923E-05
3.743167E+03	8.810741E-05	2.635861E-05
3.753070E+03	8.729097E-05	2.611355E-05
3.762972E+03	8.652347E-05	2.588314E-05
3.772875E+03	8.580482E-05	2.566735E-05
3.782777E+03	8.513419E-05	2.546593E-05
3.792680E+03	8.450937E-05	2.527821E-05
3.802583E+03	8.392883E-05	2.510375E-05
3.812485E+03	8.339318E-05	2.494272E-05
3.822388E+03	8.289966E-05	2.479430E-05
3.832290E+03	8.244814E-05	2.465843E-05
3.842193E+03	8.203725E-05	2.453472E-05
3.852095E+03	8.166628E-05	2.442295E-05
3.861998E+03	8.133453E-05	2.432291E-05
3.871900E+03	8.104003E-05	2.423401E-05
3.881803E+03	8.078213E-05	2.415606E-05
3.891706E+03	8.056092E-05	2.408907E-05
3.901608E+03	8.037510E-05	2.403266E-05
3.911511E+03	8.022346E-05	2.398647E-05
3.921413E+03	8.010546E-05	2.395033E-05
3.931316E+03	8.001995E-05	2.392391E-05
3.941218E+03	7.996645E-05	2.390704E-05
3.951121E+03	7.994443E-05	2.389958E-05
3.961024E+03	7.995350E-05	2.390141E-05
3.970926E+03	7.999191E-05	2.391200E-05
3.980829E+03	8.005929E-05	2.393125E-05
3.990731E+03	8.015526E-05	2.395903E-05
4.000634E+03	8.027943E-05	2.399523E-05
4.010536E+03	8.043084E-05	2.403956E-05
4.020439E+03	8.060856E-05	2.409175E-05
4.030341E+03	8.081229E-05	2.415169E-05
4.040244E+03	8.104110E-05	2.421912E-05
4.050147E+03	8.129474E-05	2.429396E-05
4.060049E+03	8.157235E-05	2.437594E-05
4.069952E+03	8.187373E-05	2.446502E-05
4.079854E+03	8.219797E-05	2.456090E-05
4.089757E+03	8.254431E-05	2.466338E-05
4.099659E+03	8.291254E-05	2.477238E-05
4.109562E+03	8.330187E-05	2.488767E-05
4.119464E+03	8.371220E-05	2.500921E-05
4.129367E+03	8.414205E-05	2.513657E-05
4.139270E+03	8.459134E-05	2.526971E-05
4.149172E+03	8.505863E-05	2.540821E-05
4.159075E+03	8.554448E-05	2.555223E-05
4.168977E+03	8.604755E-05	2.570138E-05
4.178880E+03	8.656770E-05	2.585560E-05
4.188782E+03	8.710286E-05	2.601429E-05
4.198685E+03	8.765362E-05	2.617761E-05
4.208587E+03	8.821795E-05	2.634496E-05
4.218490E+03	8.879638E-05	2.651650E-05
4.228393E+03	8.938686E-05	2.669160E-05
4.238295E+03	8.998788E-05	2.686984E-05
4.248198E+03	9.060008E-05	2.705138E-05
4.258100E+03	9.122053E-05	2.723536E-05
4.268003E+03	9.184991E-05	2.742197E-05
4.277905E+03	9.248517E-05	2.761032E-05
4.287808E+03	9.312701E-05	2.780060E-05
4.297711E+03	9.377376E-05	2.799232E-05
4.307613E+03	9.442391E-05	2.818502E-05
4.317516E+03	9.507725E-05	2.837865E-05
4.327418E+03	9.573293E-05	2.857294E-05
4.337321E+03	9.639162E-05	2.876810E-05
4.347223E+03	9.705167E-05	2.896364E-05
4.357126E+03	9.771453E-05	2.915999E-05
4.367028E+03	9.838018E-05	2.935713E-05
4.376931E+03	9.904865E-05	2.955509E-05
4.386834E+03	9.971993E-05	2.975385E-05
4.396736E+03	1.003949E-04	2.995367E-05
4.406639E+03	1.010727E-04	3.015434E-05
4.416541E+03	1.017545E-04	3.035614E-05
4.426444E+03	1.024404E-04	3.055911E-05
4.436346E+03	1.031304E-04	3.076330E-05
4.446249E+03	1.038240E-04	3.096852E-05
4.456151E+03	1.045214E-04	3.117484E-05
4.466054E+03	1.052220E-04	3.138207E-05
4.475957E+03	1.059269E-04	3.159055E-05
4.485859E+03	1.066346E-04	3.179985E-05
4.495762E+03	1.073455E-04	3.201006E-05
4.505664E+03	1.080600E-04	3.222128E-05
4.515567E+03	1.087766E-04	3.243309E-05
4.525469E+03	1.094965E-04	3.264588E-05
4.535372E+03	1.102185E-04	3.285922E-05
4.545274E+03	1.109429E-04	3.307326E-05
4.555177E+03	1.116683E-04	3.328756E-05
4.565080E+03	1.123963E-04	3.350257E-05
4.574982E+03	1.131263E-04	3.371816E-05
4.584885E+03	1.138571E-04	3.393393E-05
4.594787E+03	1.145892E-04	3.415007E-05
4.604690E+03	1.153234E-04	3.436677E-05
4.614592E+03	1.160593E-04	3.458395E-05
4.624495E+03	1.167957E-04	3.480122E-05
4.634398E+03	1.175354E-04	3.501942E-05
4.644300E+03	1.182792E-04	3.523884E-05
4.654203E+03	1.190261E-04	3.545911E-05
4.664105E+03	1.197770E-04	3.568053E-05
4.674008E+03	1.205330E-04	3.590341E-05
4.683910E+03	1.212917E-04	3.612708E-05
4.693813E+03	1.220544E-04	3.635187E-05
4.703715E+03	1.228199E-04	3.657746E-05
4.713618E+03	1.235894E-04	3.680418E-05
4.723521E+03	1.243629E-04	3.703205E-05
4.733423E+03	1.251394E-04	3.726075E-05
4.743326E+03	1.259200E-04	3.749065E-05
4.753228E+03	1.267039E-04	3.772144E-05
4.763131E+03	1.274921E-04	3.795349E-05
4.773033E+03	1.282837E-04	3.818651E-05
4.782936E+03	1.290789E-04	3.842053E-05
4.792838E+03	1.298778E-04	3.865559E-05
4.802741E+03	1.306816E-04	3.889209E-05
4.812644E+03	1.314895E-04	3.912973E-05
4.822546E+03	1.323016E-04	3.936856E-05
4.832449E+03	1.331167E-04	3.960825E-05
4.842351E+03	1.339376E-04	3.984957E-05
4.852254E+03	1.347630E-04	4.009223E-05
4.862156E+03	1.355933E-04	4.033625E-05
4.872059E+03	1.364273E-04	4.058130E-05
4.881961E+03	1.372663E-04	4.082780E-05
4.891864E+03	1.381091E-04	4.107537E-05
4.901767E+03	1.389559E-04	4.132407E-05
4.911669E+03	1.398080E-04	4.157430E-05
4.921572E+03	1.406643E-04	4.182568E-05
4.931474E+03	1.415246E-04	4.207822E-05
4.941377E+03	1.423878E-04	4.233152E-05
4.951279E+03	1.432550E-04	4.258599E-05
4.961182E+03	1.441264E-04	4.284162E-05
4.971085E+03	1.450004E-04	4.309796E-05
4.980987E+03	1.458771E-04	4.335501E-05
4.990890E+03	1.467561E-04	4.361273E-05
5.000792E+03	1.476361E-04	4.387065E-05
5.010695E+03	1.485183E-04	4.412914E-05
5.020597E+03	1.494024E-04	4.438814E-05
5.030500E+03	1.502854E-04	4.464675E-05
5.040402E+03	1.511684E-04	4.490529E-05
5.050305E+03	1.520512E-04	4.516369E-05
5.060208E+03	1.529320E-04	4.542141E-05
5.070110E+03	1.538103E-04	4.567835E-05
5.080013E+03	1.546859E-04	4.593438E-05
5.089915E+03	1.555582E-04	4.618937E-05
5.099818E+03	1.564252E-04	4.644274E-05
5.109720E+03	1.572881E-04	4.669478E-05
5.119623E+03	1.581431E-04	4.694441E-05
5.129525E+03	1.589912E-04	4.719192E-05
5.139428E+03	1.598300E-04	4.743662E-05
5.149331E+03	1.606591E-04	4.767833E-05
5.159233E+03	1.614775E-04	4.791682E-05
5.169136E+03	1.622846E-04	4.815185E-05
5.179038E+03	1.630762E-04	4.838222E-05
5.188941E+03	1.638547E-04	4.860862E-05
5.198843E+03	1.646175E-04	4.883031E-05
5.208746E+03	1.653637E-04	4.904700E-05
5.218648E+03	1.660908E-04	4.925792E-05
5.228551E+03	1.667976E-04	4.946278E-05
5.238454E+03	1.674832E-04	4.966127E-05
5.248356E+03	1.681465E-04	4.985308E-05
5.258259E+03	1.687866E-04	5.003794E-05
5.268161E+03	1.694008E-04	5.021504E-05
5.278064E+03	1.699914E-04	5.038509E-05
5.287966E+03	1.705542E-04	5.054682E-05
5.297869E+03	1.710882E-04	5.069994E-05
5.307772E+03	1.715960E-04	5.084523E-05
5.317674E+03	1.720732E-04	5.098142E-05
5.327577E+03	1.725228E-04	5.110933E-05
5.337479E+03	1.729421E-04	5.122822E-05
5.347382E+03	1.733323E-04	5.133845E-05
5.357284E+03	1.736913E-04	5.143935E-05
5.367187E+03	1.740219E-04	5.153180E-05
5.377089E+03	1.743222E-04	5.161520E-05
5.386992E+03	1.745935E-04	5.168998E-05
5.396895E+03	1.748322E-04	5.175504E-05
5.406797E+03	1.750398E-04	5.181086E-05
5.416700E+03	1.752146E-04	5.185691E-05
5.426602E+03	1.753549E-04	5.189269E-05
5.436505E+03	1.754624E-04	5.191874E-05
5.446407E+03	1.755339E-04	5.193407E-05
5.456310E+03	1.755678E-04	5.193824E-05
5.466212E+03	1.755643E-04	5.193134E-05
5.476115E+03	1.755204E-04	5.191242E-05
5.486018E+03	1.754383E-04	5.188215E-05
5.495920E+03	1.753130E-04	5.183911E-05
5.505823E+03	1.751487E-04	5.178451E-05
5.515725E+03	1.749443E-04	5.171801E-05
5.525628E+03	1.746986E-04	5.163928E-05
5.535530E+03	1.744124E-04	5.154854E-05
5.545433E+03	1.740863E-04	5.144601E-05
5.555335E+03	1.737193E-04	5.133140E-05
5.565238E+03	1.733160E-04	5.120602E-05
5.575141E+03	1.728736E-04	5.106908E-05
5.585043E+03	1.723965E-04	5.092189E-05
5.594946E+03	1.718820E-04	5.076367E-05
5.604848E+03	1.713348E-04	5.059578E-05
5.614751E+03	1.707558E-04	5.041848E-05
5.624653E+03	1.701442E-04	5.023156E-05
5.634556E+03	1.695028E-04	5.003587E-05
5.644459E+03	1.688327E-04	4.983171E-05
5.654361E+03	1.681367E-04	4.961992E-05
5.664264E+03	1.674159E-04	4.940083E-05
5.674166E+03	1.666697E-04	4.917426E-05
5.684069E+03	1.659028E-04	4.894158E-05
5.693971E+03	1.651164E-04	4.870317E-05
5.703874E+03	1.643098E-04	4.845885E-05
5.713776E+03	1.634861E-04	4.820951E-05
5.723679E+03	1.626484E-04	4.795604E-05
5.733582E+03	1.617978E-04	4.769881E-05
5.743484E+03	1.609339E-04	4.743770E-05
5.753387E+03	1.600599E-04	4.717362E-05
5.763289E+03	1.591788E-04	4.690748E-05
5.773192E+03	1.582919E-04	4.663967E-05
5.783094E+03	1.573988E-04	4.637010E-05
5.792997E+03	1.565028E-04	4.609968E-05
5.802899E+03	1.556052E-04	4.582883E-05
5.812802E+03	1.547091E-04	4.555844E-05
5.822705E+03	1.538158E-04	4.528894E-05
5.832607E+03	1.529251E-04	4.502022E-05
5.842510E+03	1.520400E-04	4.475319E-05
5.852412E+03	1.511601E-04	4.448773E-05
5.862315E+03	1.502919E-04	4.422574E-05
5.872217E+03	1.494314E-04	4.396608E-05
5.882120E+03	1.485818E-04	4.370963E-05
5.892022E+03	1.477458E-04	4.345724E-05
5.901925E+03	1.469230E-04	4.320875E-05
5.911828E+03	1.461144E-04	4.296449E-05
5.921730E+03	1.453229E-04	4.272528E-05
5.931633E+03	1.445477E-04	4.249090E-05
5.941535E+03	1.437916E-04	4.226215E-05
5.951438E+03	1.430520E-04	4.203831E-05
5.961340E+03	1.423332E-04	4.182061E-05
5.971243E+03	1.416327E-04	4.160830E-05
5.981146E+03	1.409546E-04	4.140259E-05
5.991048E+03	1.402946E-04	4.120221E-05
6.000951E+03	1.396565E-04	4.100833E-05
6.010853E+03	1.390395E-04	4.082063E-05
6.020756E+03	1.384439E-04	4.063926E-05
6.030658E+03	1.378671E-04	4.046339E-05
6.040561E+03	1.373126E-04	4.029413E-05
6.050463E+03	1.367760E-04	4.013011E-05
6.060366E+03	1.362609E-04	3.997239E-05
6.070269E+03	1.357625E-04	3.981962E-05
6.080171E+03	1.352810E-04	3.967182E-05
6.090074E+03	1.348151E-04	3.952858E-05
6.099976E+03	1.343647E-04	3.938990E-05
6.109879E+03	1.339249E-04	3.925434E-05
6.119781E+03	1.334956E-04	3.912189E-05
6.129684E+03	1.330752E-04	3.899203E-05
6.139586E+03	1.326635E-04	3.886471E-05
6.149489E+03	1.322602E-04	3.873987E-05
6.159392E+03	1.318684E-04	3.861841E-05
6.169294E+03	1.314930E-04	3.850175E-05
6.179197E+03	1.311354E-04	3.839031E-05
6.189099E+03	1.307988E-04	3.828500E-05
6.199002E+03	1.304862E-04	3.818675E-05
6.208904E+03	1.301992E-04	3.809596E-05
6.218807E+03	1.299410E-04	3.801359E-05
6.228709E+03	1.297131E-04	3.794008E-05
6.238612E+03	1.295170E-04	3.787586E-05
6.248515E+03	1.293561E-04	3.782192E-05
6.258417E+03	1.292303E-04	3.777821E-05
6.268320E+03	1.291430E-04	3.774574E-05
6.278222E+03	1.290924E-04	3.772395E-05
6.288125E+03	1.290801E-04	3.771336E-05
6.298027E+03	1.291063E-04	3.771395E-05
6.307930E+03	1.291727E-04	3.772626E-05
6.317833E+03	1.292775E-04	3.774974E-05
6.327735E+03	1.294208E-04	3.778440E-05
6.337638E+03	1.296007E-04	3.782971E-05
6.347540E+03	1.298136E-04	3.788457E-05
6.357443E+03	1.300573E-04	3.794838E-05
6.367345E+03	1.303320E-04	3.802115E-05
6.377248E+03	1.306374E-04	3.810283E-05
6.387150E+03	1.309735E-04	3.819339E-05
6.397053E+03	1.313422E-04	3.829337E-05
6.406956E+03	1.317455E-04	3.840336E-05
6.416858E+03	1.321834E-04	3.852334E-05
6.426761E+03	1.326540E-04	3.865278E-05
6.436663E+03	1.331614E-04	3.879283E-05
6.446566E+03	1.337057E-04	3.894355E-05
6.456468E+03	1.342851E-04	3.910437E-05
6.466371E+03	1.349017E-04	3.927594E-05
6.476273E+03	1.355558E-04	3.945831E-05
6.486176E+03	1.362455E-04	3.965092E-05
6.496079E+03	1.369710E-04	3.985382E-05
6.505981E+03	1.377368E-04	4.006832E-05
6.515884E+03	1.385366E-04	4.029259E-05
6.525786E+03	1.393751E-04	4.052797E-05
6.535689E+03	1.402526E-04	4.077456E-05
6.545591E+03	1.411649E-04	4.103110E-05
6.555494E+03	1.421168E-04	4.129899E-05
6.565396E+03	1.431039E-04	4.157698E-05
6.575299E+03	1.441313E-04	4.186650E-05
6.585202E+03	1.451945E-04	4.216625E-05
6.595104E+03	1.462962E-04	4.247702E-05
6.605007E+03	1.474368E-04	4.279890E-05
6.614909E+03	1.486142E-04	4.313127E-05
6.624812E+03	1.498287E-04	4.347420E-05
6.634714E+03	1.510830E-04	4.382851E-05
6.644617E+03	1.523751E-04	4.419357E-05
6.654520E+03	1.537053E-04	4.456946E-05
6.664422E+03	1.550738E-04	4.495626E-05
6.674325E+03	1.564812E-04	4.535410E-05
6.684227E+03	1.579276E-04	4.576305E-05
6.694130E+03	1.594136E-04	4.618322E-05
6.704032E+03	1.609367E-04	4.661389E-05
6.713935E+03	1.625001E-04	4.705597E-05
6.723837E+03	1.641041E-04	4.750959E-05
6.733740E+03	1.657462E-04	4.797399E-05
6.743643E+03	1.674298E-04	4.845012E-05
6.753545E+03	1.691523E-04	4.893724E-05
6.763448E+03	1.709140E-04	4.943542E-05
6.773350E+03	1.727152E-04	4.994474E-05
6.783253E+03	1.745563E-04	5.046533E-05
6.793155E+03	1.764409E-04	5.099817E-05
6.803058E+03	1.783629E-04	5.154153E-05
6.812960E+03	1.803259E-04	5.209641E-05
6.822863E+03	1.823301E-04	5.266291E-05
6.832766E+03	1.843727E-04	5.324015E-05
6.842668E+03	1.864571E-04	5.382916E-05
6.852571E+03	1.885840E-04	5.443007E-05
6.862473E+03	1.907499E-04	5.504192E-05
6.872376E+03	1.929552E-04	5.566476E-05
6.882278E+03	1.952037E-04	5.629973E-05
6.892181E+03	1.974921E-04	5.694581E-05
6.902083E+03	1.998205E-04	5.760308E-05
6.911986E+03	2.021891E-04	5.827156E-05
6.921889E+03	2.045982E-04	5.895131E-05
6.931791E+03	2.070438E-04	5.964121E-05
6.941694E+03	2.095341E-04	6.034358E-05
6.951596E+03	2.120613E-04	6.105615E-05
6.961499E+03	2.146294E-04	6.178009E-05
6.971401E+03	2.172343E-04	6.251420E-05
6.981304E+03	2.198759E-04	6.325845E-05
6.991207E+03	2.225585E-04	6.401408E-05
7.001109E+03	2.252779E-04	6.477982E-05
7.011012E+03	2.280292E-04	6.555429E-05
7.020914E+03	2.308214E-04	6.634008E-05
7.030817E+03	2.336498E-04	6.713581E-05
7.040719E+03	2.365094E-04	6.794006E-05
7.050622E+03	2.394048E-04	6.875408E-05
7.060524E+03	2.423306E-04	6.957639E-05
7.070427E+03	2.452916E-04	7.040827E-05
7.080330E+03	2.482821E-04	7.124817E-05
7.090232E+03	2.513070E-04	7.209743E-05
7.100135E+03	2.543553E-04	7.295290E-05
7.110037E+03	2.574315E-04	7.381587E-05
7.119940E+03	2.605405E-04	7.468772E-05
7.129842E+03	2.636707E-04	7.556514E-05
7.139745E+03	2.668212E-04	7.644786E-05
7.149647E+03	2.699967E-04	7.733721E-05
7.159550E+03	2.731963E-04	7.823296E-05
7.169453E+03	2.764136E-04	7.913320E-05
7.179355E+03	2.796531E-04	8.003928E-05
7.189258E+03	2.829081E-04	8.094925E-05
7.199160E+03	2.861773E-04	8.186273E-05
7.209063E+03	2.894657E-04	8.278116E-05
7.218965E+03	2.927660E-04	8.370245E-05
7.228868E+03	2.960833E-04	8.462805E-05
7.238770E+03	2.994101E-04	8.555579E-05
7.248673E+03	3.027449E-04	8.648527E-05
7.258576E+03	3.061000E-04	8.741997E-05
7.268478E+03	3.094606E-04	8.835570E-05
7.278381E+03	3.128395E-04	8.929607E-05
7.288283E+03	3.162286E-04	9.023881E-05
7.298186E+03	3.196339E-04	9.118558E-05
7.308088E+03	3.230622E-04	9.213836E-05
7.317991E+03	3.265051E-04	9.309471E-05
7.327894E+03	3.299772E-04	9.405881E-05
7.337796E+03	3.334782E-04	9.503057E-05
7.347699E+03	3.370157E-04	9.601214E-05
7.357601E+03	3.405900E-04	9.700360E-05
7.367504E+03	3.442014E-04	9.800503E-05
7.377406E+03	3.478581E-04	9.901876E-05
7.387309E+03	3.515449E-04	1.000404E-04
7.397211E+03	3.552611E-04	1.010699E-04
7.407114E+03	3.589992E-04	1.021049E-04
7.417017E+03	3.627670E-04	1.031478E-04
7.426919E+03	3.665561E-04	1.041961E-04
7.436822E+03	3.703572E-04	1.052472E-04
7.446724E+03	3.741698E-04	1.063009E-04
7.456627E+03	3.779935E-04	1.073572E-04
7.466529E+03	3.818184E-04	1.084132E-04
7.476432E+03	3.856527E-04	1.094712E-04
7.486334E+03	3.894768E-04	1.105257E-04
7.496237E+03	3.933085E-04	1.115817E-04
7.506140E+03	3.971368E-04	1.126361E-04
7.516042E+03	4.009608E-04	1.136887E-04
7.525945E+03	4.047693E-04	1.147363E-04
7.535847E+03	4.085702E-04	1.157812E-04
7.545750E+03	4.123620E-04	1.168228E-04
7.555652E+03	4.161428E-04	1.178607E-04
7.565555E+03	4.199006E-04	1.188915E-04
7.575457E+03	4.236433E-04	1.199175E-04
7.585360E+03	4.273581E-04	1.209349E-04
7.595263E+03	4.310636E-04	1.219492E-04
7.605165E+03	4.347257E-04	1.229506E-04
7.615068E+03	4.383737E-04	1.239474E-04
7.624970E+03	4.419939E-04	1.249358E-04
7.634873E+03	4.455727E-04	1.259120E-04
7.644775E+03	4.491176E-04	1.268780E-04
7.654678E+03	4.526258E-04	1.278331E-04
7.664581E+03	4.560937E-04	1.287764E-04
7.674483E+03	4.595186E-04	1.297069E-04
7.684386E+03	4.629088E-04	1.306272E-04
7.694288E+03	4.662371E-04	1.315295E-04
7.704191E+03	4.695239E-04	1.324196E-04
7.714093E+03	4.727664E-04	1.332968E-04
7.723996E+03	4.759366E-04	1.341531E-04
7.733898E+03	4.790683E-04	1.349981E-04
7.743801E+03	4.821464E-04	1.358276E-04
7.753704E+03	4.851547E-04	1.366370E-04
7.763606E+03	4.881162E-04	1.374328E-04
7.773509E+03	4.910151E-04	1.382106E-04
7.783411E+03	4.938625E-04	1.389735E-04
7.793314E+03	4.966558E-04	1.397208E-04
7.803216E+03	4.994067E-04	1.404559E-04
7.813119E+03	5.021004E-04	1.411745E-04
7.823021E+03	5.047486E-04	1.418800E-04
7.832924E+03	5.073645E-04	1.425761E-04
7.842827E+03	5.099335E-04	1.432587E-04
7.852729E+03	5.124830E-04	1.439355E-04
7.862632E+03	5.150137E-04	1.446068E-04
7.872534E+03	5.175400E-04	1.452766E-04
7.882437E+03	5.200774E-04	1.459491E-04
7.892339E+03	5.225988E-04	1.466170E-04
7.902242E+03	5.251343E-04	1.472885E-04
7.912144E+03	5.276711E-04	1.479602E-04
7.922047E+03	5.302118E-04	1.486327E-04
7.931950E+03	5.327281E-04	1.492981E-04
7.941852E+03	5.352217E-04	1.499569E-04
7.951755E+03	5.376952E-04	1.506099E-04
7.961657E+03	5.401353E-04	1.512533E-04
7.971560E+03	5.425443E-04	1.518878E-04
7.981462E+03	5.449248E-04	1.525141E-04
7.991365E+03	5.472485E-04	1.531244E-04
8.001268E+03	5.495496E-04	1.537282E-04
8.011170E+03	5.517993E-04	1.543174E-04
8.021073E+03	5.540170E-04	1.548976E-04
8.030975E+03	5.561901E-04	1.554652E-04
8.040878E+03	5.583220E-04	1.560211E-04
8.050780E+03	5.604004E-04	1.565621E-04
8.060683E+03	5.624615E-04	1.570981E-04
8.070585E+03	5.644769E-04	1.576212E-04
8.080488E+03	5.664674E-04	1.581374E-04
8.090391E+03	5.684206E-04	1.586431E-04
8.100293E+03	5.703414E-04	1.591398E-04
8.110196E+03	5.722510E-04	1.596333E-04
8.120098E+03	5.741374E-04	1.601203E-04
8.130001E+03	5.759887E-04	1.605975E-04
8.139903E+03	5.778438E-04	1.610759E-04
8.149806E+03	5.796906E-04	1.615519E-04
8.159708E+03	5.815346E-04	1.620272E-04
8.169611E+03	5.833642E-04	1.624986E-04
8.179514E+03	5.852014E-04	1.629721E-04
8.189416E+03	5.870513E-04	1.634492E-04
8.199319E+03	5.889027E-04	1.639268E-04
8.209221E+03	5.907775E-04	1.644110E-04
8.219124E+03	5.926813E-04	1.649034E-04
8.229026E+03	5.946017E-04	1.654005E-04
8.238929E+03	5.965440E-04	1.659038E-04
8.248831E+03	5.985307E-04	1.664195E-04
8.258734E+03	6.005489E-04	1.669442E-04
8.268637E+03	6.026215E-04	1.674840E-04
8.278539E+03	6.047348E-04	1.680354E-04
8.288442E+03	6.068939E-04	1.685995E-04
8.298344E+03	6.091025E-04	1.691776E-04
8.308247E+03	6.113646E-04	1.697707E-04
8.318149E+03	6.136842E-04	1.703799E-04
8.328052E+03	6.160828E-04	1.710112E-04
8.337955E+03	6.185275E-04	1.716555E-04
8.347857E+03	6.210395E-04	1.723186E-04
8.357760E+03	6.236210E-04	1.730012E-04
8.367662E+03	6.262753E-04	1.737042E-04
8.377565E+03	6.290042E-04	1.744280E-04
8.387467E+03	6.318098E-04	1.751734E-04
8.397370E+03	6.346751E-04	1.759354E-04
8.407272E+03	6.376200E-04	1.767198E-04
8.417175E+03	6.406264E-04	1.775214E-04
8.427078E+03	6.437144E-04	1.783459E-04
8.436980E+03	6.468647E-04	1.791879E-04
8.446883E+03	6.500975E-04	1.800530E-04
8.456785E+03	6.533929E-04	1.809357E-04
8.466688E+03	6.567498E-04	1.818357E-04
8.476590E+03	6.601878E-04	1.827584E-04
8.486493E+03	6.636656E-04	1.836925E-04
8.496395E+03	6.672218E-04	1.846486E-04
8.506298E+03	6.708343E-04	1.856206E-04
8.516201E+03	6.745010E-04	1.866079E-04
8.526103E+03	6.781985E-04	1.876042E-04
8.536006E+03	6.819654E-04	1.886200E-04
8.545908E+03	6.857561E-04	1.896428E-04
8.555811E+03	6.895882E-04	1.906774E-04
8.565713E+03	6.934357E-04	1.917168E-04
8.575616E+03	6.973374E-04	1.927716E-04
8.585518E+03	7.012223E-04	1.938223E-04
8.595421E+03	7.051290E-04	1.948794E-04
8.605324E+03	7.090286E-04	1.959352E-04
8.615226E+03	7.129372E-04	1.969939E-04
8.625129E+03	7.168020E-04	1.980411E-04
8.635031E+03	7.206610E-04	1.990874E-04
8.644934E+03	7.244828E-04	2.001240E-04
8.654836E+03	7.282588E-04	2.011486E-04
8.664739E+03	7.319558E-04	2.021520E-04
8.674642E+03	7.355874E-04	2.031381E-04
8.684544E+03	7.391433E-04	2.041041E-04
8.694447E+03	7.425890E-04	2.050403E-04
8.704349E+03	7.459369E-04	2.059504E-04
8.714252E+03	7.491510E-04	2.068243E-04
8.724154E+03	7.522444E-04	2.076658E-04
8.734057E+03	7.551551E-04	2.084577E-04
8.743959E+03	7.579202E-04	2.092103E-04
8.753862E+03	7.604771E-04	2.099064E-04
8.763765E+03	7.628642E-04	2.105566E-04
8.773667E+03	7.650181E-04	2.111434E-04
8.783570E+03	7.670050E-04	2.116852E-04
8.793472E+03	7.687620E-04	2.121645E-04
8.803375E+03	7.703052E-04	2.125859E-04
8.813277E+03	7.716259E-04	2.129470E-04
8.823180E+03	7.727432E-04	2.132530E-04
8.833082E+03	7.736515E-04	2.135025E-04
8.842985E+03	7.743214E-04	2.136874E-04
8.852888E+03	7.748079E-04	2.138227E-04
8.862790E+03	7.750589E-04	2.138943E-04
8.872693E+03	7.751334E-04	2.139182E-04
8.882595E+03	7.750081E-04	2.138882E-04
8.892498E+03	7.747174E-04	2.138137E-04
8.902400E+03	7.742388E-04	2.136884E-04
8.912303E+03	7.736369E-04	2.135301E-04
8.951913E+03	7.697096E-04	2.124881E-04
8.991523E+03	7.641154E-04	2.110017E-04
9.031134E+03	7.574668E-04	2.092386E-04
9.070744E+03	7.503918E-04	2.073708E-04
9.110354E+03	7.434022E-04	2.055387E-04
9.149964E+03	7.369489E-04	2.038657E-04
9.189575E+03	7.313883E-04	2.024497E-04
9.229185E+03	7.269438E-04	2.013522E-04
9.268795E+03	7.238402E-04	2.006351E-04
9.308405E+03	7.220993E-04	2.003044E-04
9.348016E+03	7.217957E-04	2.003810E-04
9.387626E+03	7.228120E-04	2.008326E-04
9.427236E+03	7.251204E-04	2.016518E-04
9.466846E+03	7.285591E-04	2.027940E-04
9.506456E+03	7.329993E-04	2.042237E-04
9.546067E+03	7.383119E-04	2.059052E-04
9.585677E+03	7.443680E-04	2.078027E-04
9.625287E+03	7.509914E-04	2.098674E-04
9.664897E+03	7.580579E-04	2.120645E-04
9.704508E+03	7.653416E-04	2.143309E-04
9.744118E+03	7.727252E-04	2.166333E-04
9.783728E+03	7.801000E-04	2.189410E-04
9.823338E+03	7.871780E-04	2.211728E-04
9.862949E+03	7.939102E-04	2.233143E-04
9.902559E+03	8.001309E-04	2.253179E-04
9.942169E+03	8.056121E-04	2.271188E-04
9.981779E+03	8.102730E-04	2.286928E-04
1.002139E+04	8.139862E-04	2.300030E-04
1.006100E+04	8.167189E-04	2.310388E-04
1.010061E+04	8.183051E-04	2.317519E-04
1.014022E+04	8.186623E-04	2.321175E-04
1.017983E+04	8.178825E-04	2.321601E-04
1.021944E+04	8.159111E-04	2.318630E-04
