#wls	flux	fluxerr
1.584409E+03	5.215499E-03	9.164845E-04
1.624020E+03	5.358272E-03	9.396224E-04
1.663630E+03	5.499574E-03	9.623513E-04
1.703240E+03	5.640502E-03	9.848598E-04
1.742850E+03	5.779388E-03	1.006853E-03
1.782461E+03	5.915480E-03	1.028199E-03
1.822071E+03	6.048382E-03	1.048826E-03
1.861681E+03	6.176541E-03	1.068465E-03
1.901291E+03	6.298784E-03	1.086916E-03
1.940902E+03	6.413815E-03	1.103958E-03
1.980512E+03	6.519318E-03	1.119199E-03
2.020122E+03	6.614335E-03	1.132484E-03
2.059732E+03	6.695632E-03	1.143270E-03
2.099342E+03	6.760192E-03	1.151060E-03
2.138953E+03	6.805676E-03	1.155477E-03
2.178563E+03	6.828855E-03	1.156001E-03
2.218173E+03	6.825901E-03	1.152016E-03
2.257783E+03	6.796619E-03	1.143530E-03
2.297394E+03	6.740422E-03	1.130485E-03
2.337004E+03	6.659732E-03	1.113330E-03
2.376614E+03	6.557139E-03	1.092538E-03
2.416224E+03	6.435047E-03	1.068548E-03
2.455835E+03	6.295919E-03	1.041804E-03
2.495445E+03	6.140974E-03	1.012540E-03
2.535055E+03	5.972389E-03	9.811464E-04
2.574665E+03	5.791052E-03	9.477993E-04
2.614276E+03	5.598189E-03	9.127278E-04
2.653886E+03	5.394741E-03	8.761130E-04
2.693496E+03	5.182017E-03	8.381937E-04
2.733106E+03	4.961157E-03	7.991789E-04
2.772716E+03	4.733386E-03	7.592898E-04
2.812327E+03	4.500418E-03	7.188217E-04
2.851937E+03	4.263933E-03	6.780616E-04
2.891547E+03	4.026014E-03	6.373551E-04
2.931157E+03	3.788810E-03	5.970531E-04
2.970768E+03	3.554464E-03	5.574987E-04
2.980670E+03	3.496542E-03	5.477614E-04
2.990573E+03	3.438967E-03	5.380973E-04
3.000475E+03	3.381752E-03	5.285085E-04
3.010378E+03	3.324991E-03	5.190094E-04
3.020280E+03	3.268628E-03	5.095911E-04
3.030183E+03	3.212683E-03	5.002569E-04
3.040086E+03	3.157314E-03	4.910311E-04
3.049988E+03	3.102404E-03	4.818953E-04
3.059891E+03	3.048103E-03	4.728728E-04
3.069793E+03	2.994359E-03	4.639551E-04
3.079696E+03	2.941196E-03	4.551459E-04
3.089598E+03	2.888749E-03	4.464656E-04
3.099501E+03	2.836918E-03	4.378988E-04
3.109403E+03	2.785781E-03	4.294571E-04
3.119306E+03	2.735359E-03	4.211436E-04
3.129209E+03	2.685727E-03	4.129692E-04
3.139111E+03	2.636859E-03	4.049299E-04
3.149014E+03	2.588833E-03	3.970372E-04
3.158916E+03	2.541680E-03	3.892954E-04
3.168819E+03	2.495387E-03	3.817023E-04
3.178721E+03	2.450038E-03	3.742699E-04
3.188624E+03	2.405710E-03	3.670099E-04
3.198526E+03	2.362355E-03	3.599144E-04
3.208429E+03	2.320094E-03	3.530012E-04
3.218332E+03	2.278882E-03	3.462629E-04
3.228234E+03	2.238866E-03	3.397213E-04
3.238137E+03	2.199962E-03	3.333631E-04
3.248039E+03	2.162236E-03	3.271976E-04
3.257942E+03	2.125744E-03	3.212325E-04
3.267844E+03	2.090469E-03	3.154648E-04
3.277747E+03	2.056459E-03	3.099011E-04
3.287650E+03	2.023663E-03	3.045326E-04
3.297552E+03	1.992123E-03	2.993653E-04
3.307455E+03	1.961846E-03	2.943993E-04
3.317357E+03	1.932836E-03	2.896347E-04
3.327260E+03	1.905095E-03	2.850709E-04
3.337162E+03	1.878598E-03	2.807035E-04
3.347065E+03	1.853346E-03	2.765318E-04
3.356967E+03	1.829338E-03	2.725549E-04
3.366870E+03	1.806572E-03	2.687720E-04
3.376773E+03	1.785020E-03	2.651779E-04
3.386675E+03	1.764679E-03	2.617717E-04
3.396578E+03	1.745546E-03	2.585520E-04
3.406480E+03	1.727594E-03	2.555140E-04
3.416383E+03	1.710818E-03	2.526563E-04
3.426285E+03	1.695212E-03	2.499776E-04
3.436188E+03	1.680730E-03	2.474700E-04
3.446090E+03	1.667389E-03	2.451353E-04
3.455993E+03	1.655161E-03	2.429690E-04
3.465896E+03	1.644025E-03	2.409668E-04
3.475798E+03	1.633974E-03	2.391274E-04
3.485701E+03	1.624965E-03	2.374438E-04
3.495603E+03	1.616997E-03	2.359148E-04
3.505506E+03	1.610045E-03	2.345366E-04
3.515408E+03	1.604089E-03	2.333053E-04
3.525311E+03	1.599108E-03	2.322172E-04
3.535213E+03	1.595081E-03	2.312686E-04
3.545116E+03	1.591970E-03	2.304535E-04
3.555019E+03	1.589774E-03	2.297710E-04
3.564921E+03	1.588457E-03	2.292154E-04
3.574824E+03	1.588016E-03	2.287856E-04
3.584726E+03	1.588399E-03	2.284737E-04
3.594629E+03	1.589622E-03	2.282812E-04
3.604531E+03	1.591618E-03	2.281979E-04
3.614434E+03	1.594384E-03	2.282231E-04
3.624337E+03	1.597887E-03	2.283514E-04
3.634239E+03	1.602126E-03	2.285821E-04
3.644142E+03	1.607050E-03	2.289075E-04
3.654044E+03	1.612658E-03	2.293269E-04
3.663947E+03	1.618915E-03	2.298349E-04
3.673849E+03	1.625817E-03	2.304306E-04
3.683752E+03	1.633331E-03	2.311085E-04
3.693654E+03	1.641465E-03	2.318699E-04
3.703557E+03	1.650169E-03	2.327067E-04
3.713460E+03	1.659452E-03	2.336200E-04
3.723362E+03	1.669289E-03	2.346061E-04
3.733265E+03	1.679673E-03	2.356632E-04
3.743167E+03	1.690577E-03	2.367876E-04
3.753070E+03	1.702008E-03	2.379794E-04
3.762972E+03	1.713921E-03	2.392323E-04
3.772875E+03	1.726319E-03	2.405463E-04
3.782777E+03	1.739189E-03	2.419191E-04
3.792680E+03	1.752516E-03	2.433484E-04
3.802583E+03	1.766285E-03	2.448317E-04
3.812485E+03	1.780463E-03	2.463642E-04
3.822388E+03	1.795065E-03	2.479477E-04
3.832290E+03	1.810072E-03	2.495793E-04
3.842193E+03	1.825452E-03	2.512541E-04
3.852095E+03	1.841200E-03	2.529713E-04
3.861998E+03	1.857296E-03	2.547278E-04
3.871900E+03	1.873735E-03	2.565228E-04
3.881803E+03	1.890480E-03	2.583509E-04
3.891706E+03	1.907541E-03	2.602131E-04
3.901608E+03	1.924877E-03	2.621040E-04
3.911511E+03	1.942499E-03	2.640245E-04
3.921413E+03	1.960365E-03	2.659688E-04
3.931316E+03	1.978449E-03	2.679335E-04
3.941218E+03	1.996760E-03	2.699192E-04
3.951121E+03	2.015252E-03	2.719200E-04
3.961024E+03	2.033917E-03	2.739342E-04
3.970926E+03	2.052725E-03	2.759580E-04
3.980829E+03	2.071664E-03	2.779898E-04
3.990731E+03	2.090707E-03	2.800255E-04
4.000634E+03	2.109822E-03	2.820612E-04
4.010536E+03	2.128999E-03	2.840951E-04
4.020439E+03	2.148225E-03	2.861258E-04
4.030341E+03	2.167433E-03	2.881443E-04
4.040244E+03	2.186648E-03	2.901538E-04
4.050147E+03	2.205803E-03	2.921455E-04
4.060049E+03	2.224901E-03	2.941201E-04
4.069952E+03	2.243892E-03	2.960709E-04
4.079854E+03	2.262763E-03	2.979962E-04
4.089757E+03	2.281478E-03	2.998916E-04
4.099659E+03	2.300003E-03	3.017526E-04
4.109562E+03	2.318301E-03	3.035746E-04
4.119464E+03	2.336333E-03	3.053528E-04
4.129367E+03	2.354077E-03	3.070846E-04
4.139270E+03	2.371492E-03	3.087648E-04
4.149172E+03	2.388513E-03	3.103852E-04
4.159075E+03	2.405094E-03	3.119403E-04
4.168977E+03	2.421182E-03	3.134236E-04
4.178880E+03	2.436746E-03	3.148315E-04
4.188782E+03	2.451708E-03	3.161544E-04
4.198685E+03	2.466010E-03	3.173852E-04
4.208587E+03	2.479567E-03	3.185138E-04
4.218490E+03	2.492335E-03	3.195349E-04
4.228393E+03	2.504224E-03	3.204378E-04
4.238295E+03	2.515161E-03	3.212139E-04
4.248198E+03	2.525073E-03	3.218545E-04
4.258100E+03	2.533840E-03	3.223454E-04
4.268003E+03	2.541429E-03	3.226830E-04
4.277905E+03	2.547719E-03	3.228532E-04
4.287808E+03	2.552633E-03	3.228471E-04
4.297711E+03	2.556077E-03	3.226541E-04
4.307613E+03	2.558025E-03	3.222718E-04
4.317516E+03	2.558351E-03	3.216857E-04
4.327418E+03	2.557044E-03	3.208958E-04
4.337321E+03	2.554066E-03	3.198983E-04
4.347223E+03	2.549414E-03	3.186942E-04
4.357126E+03	2.543154E-03	3.172931E-04
4.367028E+03	2.535377E-03	3.157075E-04
4.376931E+03	2.526233E-03	3.139570E-04
4.386834E+03	2.515794E-03	3.120517E-04
4.396736E+03	2.504229E-03	3.100132E-04
4.406639E+03	2.491643E-03	3.078555E-04
4.416541E+03	2.478169E-03	3.055955E-04
4.426444E+03	2.463978E-03	3.032551E-04
4.436346E+03	2.449135E-03	3.008427E-04
4.446249E+03	2.433830E-03	2.983819E-04
4.456151E+03	2.418118E-03	2.958798E-04
4.466054E+03	2.402156E-03	2.933561E-04
4.475957E+03	2.386033E-03	2.908214E-04
4.485859E+03	2.369850E-03	2.882884E-04
4.495762E+03	2.353704E-03	2.857686E-04
4.505664E+03	2.337641E-03	2.832678E-04
4.515567E+03	2.321785E-03	2.808009E-04
4.525469E+03	2.306171E-03	2.783718E-04
4.535372E+03	2.290868E-03	2.759887E-04
4.545274E+03	2.275940E-03	2.736591E-04
4.555177E+03	2.261443E-03	2.713894E-04
4.565080E+03	2.247409E-03	2.691831E-04
4.574982E+03	2.233864E-03	2.670429E-04
4.584885E+03	2.220848E-03	2.649736E-04
4.594787E+03	2.208401E-03	2.629791E-04
4.604690E+03	2.196554E-03	2.610630E-04
4.614592E+03	2.185297E-03	2.592235E-04
4.624495E+03	2.174677E-03	2.574658E-04
4.634398E+03	2.164697E-03	2.557900E-04
4.644300E+03	2.155358E-03	2.541955E-04
4.654203E+03	2.146680E-03	2.526844E-04
4.664105E+03	2.138660E-03	2.512558E-04
4.674008E+03	2.131294E-03	2.499089E-04
4.683910E+03	2.124579E-03	2.486427E-04
4.693813E+03	2.118510E-03	2.474563E-04
4.703715E+03	2.113083E-03	2.463487E-04
4.713618E+03	2.108292E-03	2.453189E-04
4.723521E+03	2.104130E-03	2.443654E-04
4.733423E+03	2.100568E-03	2.434845E-04
4.743326E+03	2.097615E-03	2.426770E-04
4.753228E+03	2.095220E-03	2.419364E-04
4.763131E+03	2.093408E-03	2.412651E-04
4.773033E+03	2.092120E-03	2.406563E-04
4.782936E+03	2.091360E-03	2.401097E-04
4.792838E+03	2.091107E-03	2.396227E-04
4.802741E+03	2.091297E-03	2.391878E-04
4.812644E+03	2.091949E-03	2.388066E-04
4.822546E+03	2.093017E-03	2.384738E-04
4.832449E+03	2.094500E-03	2.381889E-04
4.842351E+03	2.096310E-03	2.379416E-04
4.852254E+03	2.098486E-03	2.377361E-04
4.862156E+03	2.100961E-03	2.375647E-04
4.872059E+03	2.103733E-03	2.374270E-04
4.881961E+03	2.106757E-03	2.373178E-04
4.891864E+03	2.110033E-03	2.372366E-04
4.901767E+03	2.113495E-03	2.371762E-04
4.911669E+03	2.117143E-03	2.371364E-04
4.921572E+03	2.120977E-03	2.371170E-04
4.931474E+03	2.124937E-03	2.371113E-04
4.941377E+03	2.129002E-03	2.371169E-04
4.951279E+03	2.133178E-03	2.371345E-04
4.961182E+03	2.137450E-03	2.371620E-04
4.971085E+03	2.141759E-03	2.371933E-04
4.980987E+03	2.146113E-03	2.372291E-04
4.990890E+03	2.150500E-03	2.372680E-04
5.000792E+03	2.154907E-03	2.373085E-04
5.010695E+03	2.159299E-03	2.373471E-04
5.020597E+03	2.163665E-03	2.373822E-04
5.030500E+03	2.168011E-03	2.374149E-04
5.040402E+03	2.172282E-03	2.374389E-04
5.050305E+03	2.176484E-03	2.374552E-04
5.060208E+03	2.180581E-03	2.374598E-04
5.070110E+03	2.184557E-03	2.374510E-04
5.080013E+03	2.188394E-03	2.374271E-04
5.089915E+03	2.192071E-03	2.373859E-04
5.099818E+03	2.195549E-03	2.373232E-04
5.109720E+03	2.198824E-03	2.372389E-04
5.119623E+03	2.201828E-03	2.371258E-04
5.129525E+03	2.204556E-03	2.369834E-04
5.139428E+03	2.206956E-03	2.368064E-04
5.149331E+03	2.208994E-03	2.365916E-04
5.159233E+03	2.210636E-03	2.363353E-04
5.169136E+03	2.211843E-03	2.360338E-04
5.179038E+03	2.212530E-03	2.356783E-04
5.188941E+03	2.212698E-03	2.352691E-04
5.198843E+03	2.212235E-03	2.347948E-04
5.208746E+03	2.211135E-03	2.342553E-04
5.218648E+03	2.209306E-03	2.336410E-04
5.228551E+03	2.206717E-03	2.329492E-04
5.238454E+03	2.203294E-03	2.321726E-04
5.248356E+03	2.198963E-03	2.313039E-04
5.258259E+03	2.193695E-03	2.303405E-04
5.268161E+03	2.187395E-03	2.292731E-04
5.278064E+03	2.180038E-03	2.280996E-04
5.287966E+03	2.171559E-03	2.268140E-04
5.297869E+03	2.161899E-03	2.254106E-04
5.307772E+03	2.151024E-03	2.238866E-04
5.317674E+03	2.138912E-03	2.222403E-04
5.327577E+03	2.125545E-03	2.204706E-04
5.337479E+03	2.110874E-03	2.185732E-04
5.347382E+03	2.094927E-03	2.165515E-04
5.357284E+03	2.077700E-03	2.144058E-04
5.367187E+03	2.059244E-03	2.121420E-04
5.377089E+03	2.039561E-03	2.097610E-04
5.386992E+03	2.018771E-03	2.072758E-04
5.396895E+03	1.996963E-03	2.046960E-04
5.406797E+03	1.974339E-03	2.020426E-04
5.416700E+03	1.950949E-03	1.993211E-04
5.426602E+03	1.926759E-03	1.965285E-04
5.436505E+03	1.901790E-03	1.936670E-04
5.446407E+03	1.876138E-03	1.907468E-04
5.456310E+03	1.850004E-03	1.877882E-04
5.466212E+03	1.823499E-03	1.848027E-04
5.476115E+03	1.796847E-03	1.818131E-04
5.486018E+03	1.770179E-03	1.788325E-04
5.495920E+03	1.743680E-03	1.758794E-04
5.505823E+03	1.717528E-03	1.729714E-04
5.515725E+03	1.691892E-03	1.701255E-04
5.525628E+03	1.666903E-03	1.673542E-04
5.535530E+03	1.642714E-03	1.646727E-04
5.545433E+03	1.619469E-03	1.620947E-04
5.555335E+03	1.597283E-03	1.596313E-04
5.565238E+03	1.576258E-03	1.572920E-04
5.575141E+03	1.556510E-03	1.550877E-04
5.585043E+03	1.538092E-03	1.530232E-04
5.594946E+03	1.521070E-03	1.511043E-04
5.604848E+03	1.505477E-03	1.493335E-04
5.614751E+03	1.491339E-03	1.477128E-04
5.624653E+03	1.478653E-03	1.462410E-04
5.634556E+03	1.467395E-03	1.449152E-04
5.644459E+03	1.457544E-03	1.437327E-04
5.654361E+03	1.449065E-03	1.426893E-04
5.664264E+03	1.441885E-03	1.417772E-04
5.674166E+03	1.435954E-03	1.409909E-04
5.684069E+03	1.431202E-03	1.403230E-04
5.693971E+03	1.427561E-03	1.397663E-04
5.703874E+03	1.424994E-03	1.393166E-04
5.713776E+03	1.423407E-03	1.389645E-04
5.723679E+03	1.422772E-03	1.387067E-04
5.733582E+03	1.423025E-03	1.385363E-04
5.743484E+03	1.424133E-03	1.384502E-04
5.753387E+03	1.426060E-03	1.384443E-04
5.763289E+03	1.428773E-03	1.385150E-04
5.773192E+03	1.432261E-03	1.386610E-04
5.783094E+03	1.436486E-03	1.388782E-04
5.792997E+03	1.441445E-03	1.391662E-04
5.802899E+03	1.447124E-03	1.395233E-04
5.812802E+03	1.453495E-03	1.399464E-04
5.822705E+03	1.460580E-03	1.404375E-04
5.832607E+03	1.468341E-03	1.409925E-04
5.842510E+03	1.476804E-03	1.416138E-04
5.852412E+03	1.485948E-03	1.422991E-04
5.862315E+03	1.495768E-03	1.430477E-04
5.872217E+03	1.506275E-03	1.438604E-04
5.882120E+03	1.517429E-03	1.447330E-04
5.892022E+03	1.529235E-03	1.456659E-04
5.901925E+03	1.541700E-03	1.466594E-04
5.911828E+03	1.554773E-03	1.477086E-04
5.921730E+03	1.568454E-03	1.488133E-04
5.931633E+03	1.582725E-03	1.499715E-04
5.941535E+03	1.597545E-03	1.511791E-04
5.951438E+03	1.612889E-03	1.524337E-04
5.961340E+03	1.628731E-03	1.537326E-04
5.971243E+03	1.645023E-03	1.550712E-04
5.981146E+03	1.661734E-03	1.564465E-04
5.991048E+03	1.678852E-03	1.578570E-04
6.000951E+03	1.696280E-03	1.592939E-04
6.010853E+03	1.714020E-03	1.607570E-04
6.020756E+03	1.731970E-03	1.622368E-04
6.030658E+03	1.750122E-03	1.637326E-04
6.040561E+03	1.768366E-03	1.652339E-04
6.050463E+03	1.786666E-03	1.667376E-04
6.060366E+03	1.804919E-03	1.682340E-04
6.070269E+03	1.823082E-03	1.697193E-04
6.080171E+03	1.841043E-03	1.711831E-04
6.090074E+03	1.858708E-03	1.726168E-04
6.099976E+03	1.876027E-03	1.740159E-04
6.109879E+03	1.892883E-03	1.753698E-04
6.119781E+03	1.909233E-03	1.766748E-04
6.129684E+03	1.925023E-03	1.779260E-04
6.139586E+03	1.940211E-03	1.791199E-04
6.149489E+03	1.954774E-03	1.802546E-04
6.159392E+03	1.968752E-03	1.813341E-04
6.169294E+03	1.982149E-03	1.823590E-04
6.179197E+03	1.995000E-03	1.833326E-04
6.189099E+03	2.007349E-03	1.842595E-04
6.199002E+03	2.019296E-03	1.851488E-04
6.208904E+03	2.030839E-03	1.860004E-04
6.218807E+03	2.042030E-03	1.868194E-04
6.228709E+03	2.052947E-03	1.876127E-04
6.238612E+03	2.063645E-03	1.883855E-04
6.248515E+03	2.074146E-03	1.891397E-04
6.258417E+03	2.084471E-03	1.898774E-04
6.268320E+03	2.094694E-03	1.906052E-04
6.278222E+03	2.104805E-03	1.913221E-04
6.288125E+03	2.114840E-03	1.920316E-04
6.298027E+03	2.124812E-03	1.927346E-04
6.307930E+03	2.134723E-03	1.934315E-04
6.317833E+03	2.144574E-03	1.941221E-04
6.327735E+03	2.154364E-03	1.948063E-04
6.337638E+03	2.164082E-03	1.954833E-04
6.347540E+03	2.173687E-03	1.961492E-04
6.357443E+03	2.183193E-03	1.968051E-04
6.367345E+03	2.192582E-03	1.974497E-04
6.377248E+03	2.201861E-03	1.980834E-04
6.387150E+03	2.211044E-03	1.987074E-04
6.397053E+03	2.220072E-03	1.993164E-04
6.406956E+03	2.228987E-03	1.999143E-04
6.416858E+03	2.237768E-03	2.004991E-04
6.426761E+03	2.246429E-03	2.010720E-04
6.436663E+03	2.254916E-03	2.016282E-04
6.446566E+03	2.263280E-03	2.021724E-04
6.456468E+03	2.271475E-03	2.027001E-04
6.466371E+03	2.279522E-03	2.032137E-04
6.476273E+03	2.287377E-03	2.037088E-04
6.486176E+03	2.295069E-03	2.041883E-04
6.496079E+03	2.302624E-03	2.046545E-04
6.505981E+03	2.309973E-03	2.051010E-04
6.515884E+03	2.317149E-03	2.055310E-04
6.525786E+03	2.324191E-03	2.059480E-04
6.535689E+03	2.331029E-03	2.063456E-04
6.545591E+03	2.337741E-03	2.067309E-04
6.555494E+03	2.344255E-03	2.070975E-04
6.565396E+03	2.350651E-03	2.074525E-04
6.575299E+03	2.356856E-03	2.077894E-04
6.585202E+03	2.362904E-03	2.081113E-04
6.595104E+03	2.368800E-03	2.084187E-04
6.605007E+03	2.374493E-03	2.087071E-04
6.614909E+03	2.380024E-03	2.089800E-04
6.624812E+03	2.385343E-03	2.092333E-04
6.634714E+03	2.390441E-03	2.094662E-04
6.644617E+03	2.395352E-03	2.096816E-04
6.654520E+03	2.400029E-03	2.098755E-04
6.664422E+03	2.404426E-03	2.100439E-04
6.674325E+03	2.408617E-03	2.101936E-04
6.684227E+03	2.412515E-03	2.103167E-04
6.694130E+03	2.416160E-03	2.104171E-04
6.704032E+03	2.419548E-03	2.104943E-04
6.713935E+03	2.422633E-03	2.105444E-04
6.723837E+03	2.425411E-03	2.105673E-04
6.733740E+03	2.427882E-03	2.105631E-04
6.743643E+03	2.430084E-03	2.105351E-04
6.753545E+03	2.431970E-03	2.104794E-04
6.763448E+03	2.433497E-03	2.103923E-04
6.773350E+03	2.434701E-03	2.102772E-04
6.783253E+03	2.435583E-03	2.101342E-04
6.793155E+03	2.436140E-03	2.099632E-04
6.803058E+03	2.436330E-03	2.097606E-04
6.812960E+03	2.436150E-03	2.095265E-04
6.822863E+03	2.435646E-03	2.092649E-04
6.832766E+03	2.434774E-03	2.089722E-04
6.842668E+03	2.433540E-03	2.086490E-04
6.852571E+03	2.431944E-03	2.082954E-04
6.862473E+03	2.429992E-03	2.079122E-04
6.872376E+03	2.427683E-03	2.074994E-04
6.882278E+03	2.425024E-03	2.070579E-04
6.892181E+03	2.421972E-03	2.065840E-04
6.902083E+03	2.418532E-03	2.060784E-04
6.911986E+03	2.414754E-03	2.055455E-04
6.921889E+03	2.410646E-03	2.049861E-04
6.931791E+03	2.406125E-03	2.043934E-04
6.941694E+03	2.401291E-03	2.037761E-04
6.951596E+03	2.396110E-03	2.031314E-04
6.961499E+03	2.390598E-03	2.024608E-04
6.971401E+03	2.384717E-03	2.017613E-04
6.981304E+03	2.378536E-03	2.010388E-04
6.991207E+03	2.372068E-03	2.002948E-04
7.001109E+03	2.365333E-03	1.995309E-04
7.011012E+03	2.358297E-03	1.987446E-04
7.020914E+03	2.350984E-03	1.979379E-04
7.030817E+03	2.343457E-03	1.971164E-04
7.040719E+03	2.335689E-03	1.962778E-04
7.050622E+03	2.327655E-03	1.954204E-04
7.060524E+03	2.319473E-03	1.945540E-04
7.070427E+03	2.311115E-03	1.936765E-04
7.080330E+03	2.302612E-03	1.927906E-04
7.090232E+03	2.293937E-03	1.918942E-04
7.100135E+03	2.285172E-03	1.909942E-04
7.110037E+03	2.276344E-03	1.900931E-04
7.119940E+03	2.267444E-03	1.891901E-04
7.129842E+03	2.258502E-03	1.882878E-04
7.139745E+03	2.249605E-03	1.873938E-04
7.149647E+03	2.240744E-03	1.865072E-04
7.159550E+03	2.231958E-03	1.856314E-04
7.169453E+03	2.223281E-03	1.847692E-04
7.179355E+03	2.214752E-03	1.839241E-04
7.189258E+03	2.206354E-03	1.830946E-04
7.199160E+03	2.198211E-03	1.822911E-04
7.209063E+03	2.190297E-03	1.815115E-04
7.218965E+03	2.182538E-03	1.807498E-04
7.228868E+03	2.175083E-03	1.800183E-04
7.238770E+03	2.167799E-03	1.793060E-04
7.248673E+03	2.160777E-03	1.786206E-04
7.258576E+03	2.153962E-03	1.779575E-04
7.268478E+03	2.147343E-03	1.773160E-04
7.278381E+03	2.140851E-03	1.766904E-04
7.288283E+03	2.134466E-03	1.760791E-04
7.298186E+03	2.128160E-03	1.754800E-04
7.308088E+03	2.121900E-03	1.748903E-04
7.317991E+03	2.115563E-03	1.743000E-04
7.327894E+03	2.109160E-03	1.737103E-04
7.337796E+03	2.102563E-03	1.731104E-04
7.347699E+03	2.095692E-03	1.724941E-04
7.357601E+03	2.088467E-03	1.718549E-04
7.367504E+03	2.080902E-03	1.711940E-04
7.377406E+03	2.072966E-03	1.705088E-04
7.387309E+03	2.064719E-03	1.698045E-04
7.397211E+03	2.056231E-03	1.690869E-04
7.407114E+03	2.047431E-03	1.683502E-04
7.417017E+03	2.038353E-03	1.675968E-04
7.426919E+03	2.029074E-03	1.668330E-04
7.436822E+03	2.019501E-03	1.660509E-04
7.446724E+03	2.009743E-03	1.652593E-04
7.456627E+03	1.999852E-03	1.644622E-04
7.466529E+03	1.989883E-03	1.636641E-04
7.476432E+03	1.979900E-03	1.628697E-04
7.486334E+03	1.969965E-03	1.620841E-04
7.496237E+03	1.960184E-03	1.613159E-04
7.506140E+03	1.950575E-03	1.605663E-04
7.516042E+03	1.941238E-03	1.598434E-04
7.525945E+03	1.932179E-03	1.591476E-04
7.535847E+03	1.923488E-03	1.584859E-04
7.545750E+03	1.915202E-03	1.578613E-04
7.555652E+03	1.907306E-03	1.572727E-04
7.565555E+03	1.899868E-03	1.567253E-04
7.575457E+03	1.892906E-03	1.562205E-04
7.585360E+03	1.886387E-03	1.557556E-04
7.595263E+03	1.880360E-03	1.553344E-04
7.605165E+03	1.874783E-03	1.549536E-04
7.615068E+03	1.869744E-03	1.546200E-04
7.624970E+03	1.865147E-03	1.543260E-04
7.634873E+03	1.861029E-03	1.540744E-04
7.644775E+03	1.857335E-03	1.538605E-04
7.654678E+03	1.854094E-03	1.536868E-04
7.664581E+03	1.851291E-03	1.535521E-04
7.674483E+03	1.848909E-03	1.534547E-04
7.684386E+03	1.846884E-03	1.533894E-04
7.694288E+03	1.845239E-03	1.533581E-04
7.704191E+03	1.843955E-03	1.533591E-04
7.714093E+03	1.842964E-03	1.533867E-04
7.723996E+03	1.842291E-03	1.534431E-04
7.733898E+03	1.841872E-03	1.535228E-04
7.743801E+03	1.841732E-03	1.536280E-04
7.753704E+03	1.841765E-03	1.537495E-04
7.763606E+03	1.842089E-03	1.538974E-04
7.773509E+03	1.842552E-03	1.540590E-04
7.783411E+03	1.843185E-03	1.542367E-04
7.793314E+03	1.843927E-03	1.544253E-04
7.803216E+03	1.844807E-03	1.546274E-04
7.813119E+03	1.845765E-03	1.548378E-04
7.823021E+03	1.846740E-03	1.550514E-04
7.832924E+03	1.847714E-03	1.552665E-04
7.842827E+03	1.848672E-03	1.554820E-04
7.852729E+03	1.849553E-03	1.556926E-04
7.862632E+03	1.850296E-03	1.558929E-04
7.872534E+03	1.850838E-03	1.560779E-04
7.882437E+03	1.851169E-03	1.562463E-04
7.892339E+03	1.851181E-03	1.563891E-04
7.902242E+03	1.851006E-03	1.565172E-04
7.912144E+03	1.850636E-03	1.566299E-04
7.922047E+03	1.850061E-03	1.567264E-04
7.931950E+03	1.849372E-03	1.568141E-04
7.941852E+03	1.848560E-03	1.568923E-04
7.951755E+03	1.847716E-03	1.569687E-04
7.961657E+03	1.846738E-03	1.570344E-04
7.971560E+03	1.845764E-03	1.571014E-04
7.981462E+03	1.844741E-03	1.571649E-04
7.991365E+03	1.843663E-03	1.572244E-04
8.001268E+03	1.842574E-03	1.572837E-04
8.011170E+03	1.841469E-03	1.573423E-04
8.021073E+03	1.840294E-03	1.573955E-04
8.030975E+03	1.839095E-03	1.574473E-04
8.040878E+03	1.837869E-03	1.574975E-04
8.050780E+03	1.836664E-03	1.575500E-04
8.060683E+03	1.835380E-03	1.575964E-04
8.070585E+03	1.834066E-03	1.576408E-04
8.080488E+03	1.832725E-03	1.576834E-04
8.090391E+03	1.831357E-03	1.577242E-04
8.100293E+03	1.829965E-03	1.577636E-04
8.110196E+03	1.828553E-03	1.578018E-04
8.120098E+03	1.827075E-03	1.578350E-04
8.130001E+03	1.825586E-03	1.578677E-04
8.139903E+03	1.824093E-03	1.579008E-04
8.149806E+03	1.822604E-03	1.579347E-04
8.159708E+03	1.821075E-03	1.579658E-04
8.169611E+03	1.819517E-03	1.579950E-04
8.179514E+03	1.817989E-03	1.580276E-04
8.189416E+03	1.816454E-03	1.580601E-04
8.199319E+03	1.814921E-03	1.580937E-04
8.209221E+03	1.813456E-03	1.581338E-04
8.219124E+03	1.811968E-03	1.581728E-04
8.229026E+03	1.810572E-03	1.582207E-04
8.238929E+03	1.809230E-03	1.582741E-04
8.248831E+03	1.807902E-03	1.583297E-04
8.258734E+03	1.806702E-03	1.583975E-04
8.268637E+03	1.805538E-03	1.584695E-04
8.278539E+03	1.804471E-03	1.585511E-04
8.288442E+03	1.803507E-03	1.586430E-04
8.298344E+03	1.802604E-03	1.587414E-04
8.308247E+03	1.801817E-03	1.588514E-04
8.318149E+03	1.801101E-03	1.589690E-04
8.328052E+03	1.800459E-03	1.590946E-04
8.337955E+03	1.799947E-03	1.592333E-04
8.347857E+03	1.799518E-03	1.593809E-04
8.357760E+03	1.799174E-03	1.595377E-04
8.367662E+03	1.798972E-03	1.597090E-04
8.377565E+03	1.798810E-03	1.598856E-04
8.387467E+03	1.798744E-03	1.600727E-04
8.397370E+03	1.798778E-03	1.602709E-04
8.407272E+03	1.798916E-03	1.604804E-04
8.417175E+03	1.799109E-03	1.606971E-04
8.427078E+03	1.799416E-03	1.609263E-04
8.436980E+03	1.799842E-03	1.611686E-04
8.446883E+03	1.800340E-03	1.614199E-04
8.456785E+03	1.800916E-03	1.616810E-04
8.466688E+03	1.801634E-03	1.619575E-04
8.476590E+03	1.802447E-03	1.622455E-04
8.486493E+03	1.803366E-03	1.625460E-04
8.496395E+03	1.804401E-03	1.628601E-04
8.506298E+03	1.805563E-03	1.631889E-04
8.516201E+03	1.806808E-03	1.635287E-04
8.526103E+03	1.808258E-03	1.638906E-04
8.536006E+03	1.809816E-03	1.642659E-04
8.545908E+03	1.811493E-03	1.646558E-04
8.555811E+03	1.813356E-03	1.650666E-04
8.565713E+03	1.815361E-03	1.654944E-04
8.575616E+03	1.817518E-03	1.659403E-04
8.585518E+03	1.819838E-03	1.664055E-04
8.595421E+03	1.822328E-03	1.668909E-04
8.605324E+03	1.824996E-03	1.673973E-04
8.615226E+03	1.827791E-03	1.679203E-04
8.625129E+03	1.830716E-03	1.684604E-04
8.635031E+03	1.833832E-03	1.690233E-04
8.644934E+03	1.837080E-03	1.696038E-04
8.654836E+03	1.840460E-03	1.702021E-04
8.664739E+03	1.843907E-03	1.708124E-04
8.674642E+03	1.847473E-03	1.714397E-04
8.684544E+03	1.851089E-03	1.720778E-04
8.694447E+03	1.854743E-03	1.727256E-04
8.704349E+03	1.858355E-03	1.733761E-04
8.714252E+03	1.861967E-03	1.740330E-04
8.724154E+03	1.865554E-03	1.746943E-04
8.734057E+03	1.868963E-03	1.753457E-04
8.743959E+03	1.872285E-03	1.759960E-04
8.753862E+03	1.875359E-03	1.766298E-04
8.763765E+03	1.878206E-03	1.772494E-04
8.773667E+03	1.880783E-03	1.778505E-04
8.783570E+03	1.883046E-03	1.784291E-04
8.793472E+03	1.885015E-03	1.789870E-04
8.803375E+03	1.886650E-03	1.795203E-04
8.813277E+03	1.887910E-03	1.800251E-04
8.823180E+03	1.888827E-03	1.805043E-04
8.833082E+03	1.889437E-03	1.809612E-04
8.842985E+03	1.889669E-03	1.813891E-04
8.852888E+03	1.889542E-03	1.817894E-04
8.862790E+03	1.889218E-03	1.821773E-04
8.872693E+03	1.888658E-03	1.825490E-04
8.882595E+03	1.887894E-03	1.829071E-04
8.892498E+03	1.887095E-03	1.832680E-04
8.902400E+03	1.886156E-03	1.836211E-04
8.912303E+03	1.885247E-03	1.839829E-04
8.951913E+03	1.882029E-03	1.855263E-04
8.991523E+03	1.880936E-03	1.873644E-04
9.031134E+03	1.883233E-03	1.896236E-04
9.070744E+03	1.889329E-03	1.923496E-04
9.110354E+03	1.899206E-03	1.955469E-04
9.149964E+03	1.912550E-03	1.991898E-04
9.189575E+03	1.929000E-03	2.032471E-04
9.229185E+03	1.947840E-03	2.076483E-04
9.268795E+03	1.968470E-03	2.123327E-04
9.308405E+03	1.989870E-03	2.171909E-04
9.348016E+03	2.011221E-03	2.221305E-04
9.387626E+03	2.031789E-03	2.270644E-04
9.427236E+03	2.050770E-03	2.318942E-04
9.466846E+03	2.067824E-03	2.365699E-04
9.506456E+03	2.082618E-03	2.410409E-04
9.546067E+03	2.094867E-03	2.452603E-04
9.585677E+03	2.104774E-03	2.492377E-04
9.625287E+03	2.112300E-03	2.529551E-04
9.664897E+03	2.117302E-03	2.563818E-04
9.704508E+03	2.120035E-03	2.595355E-04
9.744118E+03	2.120652E-03	2.624226E-04
9.783728E+03	2.119233E-03	2.650418E-04
9.823338E+03	2.115770E-03	2.673814E-04
9.862949E+03	2.110237E-03	2.694276E-04
9.902559E+03	2.102629E-03	2.711695E-04
9.942169E+03	2.092931E-03	2.725955E-04
9.981779E+03	2.081286E-03	2.737146E-04
1.002139E+04	2.067651E-03	2.745127E-04
1.006100E+04	2.051809E-03	2.749521E-04
1.010061E+04	2.033946E-03	2.750492E-04
1.014022E+04	2.014275E-03	2.748252E-04
1.017983E+04	1.992614E-03	2.742484E-04
1.021944E+04	1.969192E-03	2.733436E-04
