#wls	flux	fluxerr
1.584409E+03	6.742119E-03	2.289637E-03
1.624020E+03	6.944173E-03	2.358216E-03
1.663630E+03	7.133944E-03	2.422621E-03
1.703240E+03	7.309310E-03	2.482130E-03
1.742850E+03	7.467236E-03	2.535715E-03
1.782461E+03	7.605297E-03	2.582550E-03
1.822071E+03	7.720236E-03	2.621531E-03
1.861681E+03	7.810172E-03	2.652018E-03
1.901291E+03	7.872502E-03	2.673130E-03
1.940902E+03	7.904060E-03	2.683791E-03
1.980512E+03	7.903181E-03	2.683436E-03
2.020122E+03	7.867197E-03	2.671161E-03
2.059732E+03	7.793922E-03	2.646223E-03
2.099342E+03	7.682841E-03	2.608450E-03
2.138953E+03	7.531448E-03	2.556990E-03
2.178563E+03	7.338431E-03	2.491400E-03
2.218173E+03	7.102514E-03	2.411246E-03
2.257783E+03	6.821421E-03	2.315760E-03
2.297394E+03	6.503850E-03	2.207892E-03
2.337004E+03	6.158617E-03	2.090639E-03
2.376614E+03	5.792799E-03	1.966403E-03
2.416224E+03	5.412422E-03	1.837230E-03
2.455835E+03	5.023234E-03	1.705073E-03
2.495445E+03	4.630442E-03	1.571698E-03
2.535055E+03	4.238634E-03	1.438665E-03
2.574665E+03	3.852442E-03	1.307544E-03
2.614276E+03	3.476037E-03	1.179752E-03
2.653886E+03	3.113166E-03	1.056561E-03
2.693496E+03	2.767127E-03	9.390887E-04
2.733106E+03	2.440896E-03	8.283463E-04
2.772716E+03	2.136550E-03	7.250372E-04
2.812327E+03	1.855763E-03	6.297295E-04
2.851937E+03	1.599822E-03	5.428590E-04
2.891547E+03	1.369431E-03	4.646641E-04
2.931157E+03	1.164781E-03	3.952083E-04
2.970768E+03	9.853392E-04	3.343107E-04
2.980670E+03	9.442797E-04	3.203765E-04
2.990573E+03	9.046948E-04	3.069430E-04
3.000475E+03	8.665711E-04	2.940054E-04
3.010378E+03	8.298734E-04	2.815519E-04
3.020280E+03	7.945656E-04	2.695701E-04
3.030183E+03	7.606290E-04	2.580539E-04
3.040086E+03	7.280093E-04	2.469846E-04
3.049988E+03	6.967013E-04	2.363605E-04
3.059891E+03	6.666510E-04	2.261633E-04
3.069793E+03	6.378343E-04	2.163848E-04
3.079696E+03	6.102135E-04	2.070122E-04
3.089598E+03	5.837615E-04	1.980363E-04
3.099501E+03	5.584399E-04	1.894441E-04
3.109403E+03	5.342111E-04	1.812228E-04
3.119306E+03	5.110479E-04	1.733631E-04
3.129209E+03	4.889034E-04	1.658491E-04
3.139111E+03	4.677601E-04	1.586750E-04
3.149014E+03	4.475725E-04	1.518251E-04
3.158916E+03	4.283135E-04	1.452904E-04
3.168819E+03	4.099481E-04	1.390590E-04
3.178721E+03	3.924415E-04	1.331191E-04
3.188624E+03	3.757666E-04	1.274613E-04
3.198526E+03	3.598897E-04	1.220744E-04
3.208429E+03	3.447721E-04	1.169451E-04
3.218332E+03	3.303991E-04	1.120685E-04
3.228234E+03	3.167225E-04	1.074283E-04
3.238137E+03	3.037276E-04	1.030193E-04
3.248039E+03	2.913745E-04	9.882817E-05
3.257942E+03	2.796392E-04	9.484663E-05
3.267844E+03	2.684977E-04	9.106660E-05
3.277747E+03	2.579145E-04	8.747603E-05
3.287650E+03	2.478716E-04	8.406874E-05
3.297552E+03	2.383430E-04	8.083601E-05
3.307455E+03	2.293009E-04	7.776833E-05
3.317357E+03	2.207222E-04	7.485787E-05
3.327260E+03	2.125845E-04	7.209706E-05
3.337162E+03	2.048694E-04	6.947964E-05
3.347065E+03	1.975509E-04	6.699676E-05
3.356967E+03	1.906148E-04	6.464363E-05
3.366870E+03	1.840374E-04	6.241220E-05
3.376773E+03	1.778012E-04	6.029657E-05
3.386675E+03	1.718919E-04	5.829179E-05
3.396578E+03	1.662870E-04	5.639031E-05
3.406480E+03	1.609759E-04	5.458852E-05
3.416383E+03	1.559424E-04	5.288089E-05
3.426285E+03	1.511676E-04	5.126103E-05
3.436188E+03	1.466428E-04	4.972600E-05
3.446090E+03	1.423512E-04	4.827007E-05
3.455993E+03	1.382820E-04	4.688958E-05
3.465896E+03	1.344234E-04	4.558055E-05
3.475798E+03	1.307601E-04	4.433778E-05
3.485701E+03	1.272836E-04	4.315838E-05
3.495603E+03	1.239819E-04	4.203826E-05
3.505506E+03	1.208439E-04	4.097367E-05
3.515408E+03	1.178605E-04	3.996156E-05
3.525311E+03	1.150211E-04	3.899825E-05
3.535213E+03	1.123168E-04	3.808080E-05
3.545116E+03	1.097384E-04	3.720608E-05
3.555019E+03	1.072797E-04	3.637194E-05
3.564921E+03	1.049336E-04	3.557600E-05
3.574824E+03	1.026926E-04	3.481568E-05
3.584726E+03	1.005515E-04	3.408927E-05
3.594629E+03	9.850554E-05	3.339516E-05
3.604531E+03	9.654831E-05	3.273112E-05
3.614434E+03	9.467827E-05	3.209667E-05
3.624337E+03	9.288938E-05	3.148974E-05
3.634239E+03	9.117938E-05	3.090956E-05
3.644142E+03	8.954513E-05	3.035508E-05
3.654044E+03	8.798361E-05	2.982528E-05
3.663947E+03	8.649258E-05	2.931938E-05
3.673849E+03	8.507055E-05	2.883688E-05
3.683752E+03	8.371312E-05	2.837629E-05
3.693654E+03	8.242027E-05	2.793760E-05
3.703557E+03	8.118835E-05	2.751958E-05
3.713460E+03	8.001595E-05	2.712174E-05
3.723362E+03	7.890152E-05	2.674357E-05
3.733265E+03	7.784169E-05	2.638391E-05
3.743167E+03	7.683627E-05	2.604270E-05
3.753070E+03	7.588256E-05	2.571902E-05
3.762972E+03	7.497925E-05	2.541244E-05
3.772875E+03	7.412436E-05	2.512227E-05
3.782777E+03	7.331664E-05	2.484809E-05
3.792680E+03	7.255423E-05	2.458928E-05
3.802583E+03	7.183597E-05	2.434544E-05
3.812485E+03	7.116019E-05	2.411600E-05
3.822388E+03	7.052635E-05	2.390078E-05
3.832290E+03	6.993285E-05	2.369924E-05
3.842193E+03	6.937811E-05	2.351083E-05
3.852095E+03	6.886125E-05	2.333526E-05
3.861998E+03	6.838078E-05	2.317203E-05
3.871900E+03	6.793639E-05	2.302103E-05
3.881803E+03	6.752664E-05	2.288177E-05
3.891706E+03	6.715068E-05	2.275396E-05
3.901608E+03	6.680723E-05	2.263717E-05
3.911511E+03	6.649500E-05	2.253096E-05
3.921413E+03	6.621427E-05	2.243543E-05
3.931316E+03	6.596269E-05	2.234977E-05
3.941218E+03	6.574021E-05	2.227397E-05
3.951121E+03	6.554554E-05	2.220760E-05
3.961024E+03	6.537811E-05	2.215045E-05
3.970926E+03	6.523723E-05	2.210230E-05
3.980829E+03	6.512133E-05	2.206261E-05
3.990731E+03	6.503038E-05	2.203137E-05
4.000634E+03	6.496325E-05	2.200821E-05
4.010536E+03	6.491949E-05	2.199295E-05
4.020439E+03	6.489806E-05	2.198527E-05
4.030341E+03	6.489798E-05	2.198480E-05
4.040244E+03	6.491937E-05	2.199161E-05
4.050147E+03	6.496076E-05	2.200520E-05
4.060049E+03	6.502184E-05	2.202545E-05
4.069952E+03	6.510222E-05	2.205223E-05
4.079854E+03	6.520054E-05	2.208508E-05
4.089757E+03	6.531714E-05	2.212413E-05
4.099659E+03	6.545062E-05	2.216888E-05
4.109562E+03	6.560079E-05	2.221929E-05
4.119464E+03	6.576745E-05	2.227527E-05
4.129367E+03	6.594926E-05	2.233638E-05
4.139270E+03	6.614661E-05	2.240275E-05
4.149172E+03	6.635777E-05	2.247379E-05
4.159075E+03	6.658352E-05	2.254977E-05
4.168977E+03	6.682217E-05	2.263011E-05
4.178880E+03	6.707360E-05	2.271477E-05
4.188782E+03	6.733718E-05	2.280354E-05
4.198685E+03	6.761274E-05	2.289636E-05
4.208587E+03	6.789864E-05	2.299267E-05
4.218490E+03	6.819534E-05	2.309263E-05
4.228393E+03	6.850174E-05	2.319587E-05
4.238295E+03	6.881672E-05	2.330201E-05
4.248198E+03	6.914026E-05	2.341104E-05
4.258100E+03	6.947176E-05	2.352275E-05
4.268003E+03	6.980963E-05	2.363662E-05
4.277905E+03	7.015325E-05	2.375242E-05
4.287808E+03	7.050203E-05	2.386996E-05
4.297711E+03	7.085540E-05	2.398905E-05
4.307613E+03	7.121269E-05	2.410945E-05
4.317516E+03	7.157384E-05	2.423116E-05
4.327418E+03	7.193824E-05	2.435395E-05
4.337321E+03	7.230514E-05	2.447758E-05
4.347223E+03	7.267566E-05	2.460243E-05
4.357126E+03	7.304903E-05	2.472823E-05
4.367028E+03	7.342519E-05	2.485497E-05
4.376931E+03	7.380464E-05	2.498281E-05
4.386834E+03	7.418723E-05	2.511170E-05
4.396736E+03	7.457224E-05	2.524141E-05
4.406639E+03	7.496027E-05	2.537212E-05
4.416541E+03	7.535061E-05	2.550361E-05
4.426444E+03	7.574318E-05	2.563584E-05
4.436346E+03	7.613801E-05	2.576883E-05
4.446249E+03	7.653393E-05	2.590217E-05
4.456151E+03	7.693152E-05	2.603607E-05
4.466054E+03	7.733035E-05	2.617038E-05
4.475957E+03	7.772991E-05	2.630492E-05
4.485859E+03	7.813035E-05	2.643976E-05
4.495762E+03	7.853069E-05	2.657454E-05
4.505664E+03	7.893108E-05	2.670933E-05
4.515567E+03	7.933187E-05	2.684425E-05
4.525469E+03	7.973281E-05	2.697921E-05
4.535372E+03	8.013292E-05	2.711387E-05
4.545274E+03	8.053258E-05	2.724837E-05
4.555177E+03	8.093157E-05	2.738263E-05
4.565080E+03	8.132971E-05	2.751660E-05
4.574982E+03	8.172755E-05	2.765045E-05
4.584885E+03	8.212422E-05	2.778389E-05
4.594787E+03	8.252035E-05	2.791713E-05
4.604690E+03	8.291590E-05	2.805017E-05
4.614592E+03	8.331071E-05	2.818295E-05
4.624495E+03	8.370486E-05	2.831549E-05
4.634398E+03	8.409828E-05	2.844777E-05
4.644300E+03	8.449099E-05	2.857980E-05
4.654203E+03	8.488448E-05	2.871208E-05
4.664105E+03	8.527877E-05	2.884462E-05
4.674008E+03	8.567399E-05	2.897746E-05
4.683910E+03	8.607171E-05	2.911114E-05
4.693813E+03	8.647131E-05	2.924543E-05
4.703715E+03	8.687287E-05	2.938038E-05
4.713618E+03	8.727736E-05	2.951630E-05
4.723521E+03	8.768496E-05	2.965326E-05
4.733423E+03	8.809507E-05	2.979106E-05
4.743326E+03	8.850867E-05	2.993003E-05
4.753228E+03	8.892606E-05	3.007026E-05
4.763131E+03	8.934658E-05	3.021153E-05
4.773033E+03	8.977135E-05	3.035424E-05
4.782936E+03	9.020070E-05	3.049847E-05
4.792838E+03	9.063484E-05	3.064431E-05
4.802741E+03	9.107415E-05	3.079188E-05
4.812644E+03	9.151807E-05	3.094099E-05
4.822546E+03	9.196869E-05	3.109236E-05
4.832449E+03	9.242468E-05	3.124552E-05
4.842351E+03	9.288638E-05	3.140060E-05
4.852254E+03	9.335502E-05	3.155801E-05
4.862156E+03	9.383105E-05	3.171790E-05
4.872059E+03	9.431493E-05	3.188043E-05
4.881961E+03	9.480520E-05	3.204510E-05
4.891864E+03	9.530416E-05	3.221269E-05
4.901767E+03	9.581130E-05	3.238303E-05
4.911669E+03	9.632700E-05	3.255624E-05
4.921572E+03	9.685175E-05	3.273250E-05
4.931474E+03	9.738586E-05	3.291190E-05
4.941377E+03	9.792883E-05	3.309427E-05
4.951279E+03	9.848095E-05	3.327972E-05
4.961182E+03	9.904347E-05	3.346866E-05
4.971085E+03	9.961571E-05	3.366087E-05
4.980987E+03	1.001970E-04	3.385610E-05
4.990890E+03	1.007892E-04	3.405502E-05
5.000792E+03	1.013898E-04	3.425674E-05
5.010695E+03	1.020007E-04	3.446192E-05
5.020597E+03	1.026220E-04	3.467061E-05
5.030500E+03	1.032509E-04	3.488184E-05
5.040402E+03	1.038904E-04	3.509660E-05
5.050305E+03	1.045385E-04	3.531426E-05
5.060208E+03	1.051952E-04	3.553480E-05
5.070110E+03	1.058615E-04	3.575857E-05
5.080013E+03	1.065354E-04	3.598488E-05
5.089915E+03	1.072168E-04	3.621371E-05
5.099818E+03	1.079068E-04	3.644538E-05
5.109720E+03	1.086041E-04	3.667952E-05
5.119623E+03	1.093087E-04	3.691612E-05
5.129525E+03	1.100195E-04	3.715476E-05
5.139428E+03	1.107374E-04	3.739576E-05
5.149331E+03	1.114601E-04	3.763836E-05
5.159233E+03	1.121896E-04	3.788325E-05
5.169136E+03	1.129247E-04	3.812998E-05
5.179038E+03	1.136641E-04	3.837812E-05
5.188941E+03	1.144074E-04	3.862758E-05
5.198843E+03	1.151555E-04	3.887863E-05
5.208746E+03	1.159059E-04	3.913041E-05
5.218648E+03	1.166592E-04	3.938314E-05
5.228551E+03	1.174162E-04	3.963712E-05
5.238454E+03	1.181729E-04	3.989095E-05
5.248356E+03	1.189324E-04	4.014567E-05
5.258259E+03	1.196903E-04	4.039987E-05
5.268161E+03	1.204497E-04	4.065452E-05
5.278064E+03	1.212063E-04	4.090818E-05
5.287966E+03	1.219616E-04	4.116139E-05
5.297869E+03	1.227149E-04	4.141389E-05
5.307772E+03	1.234643E-04	4.166503E-05
5.317674E+03	1.242114E-04	4.191536E-05
5.327577E+03	1.249517E-04	4.216337E-05
5.337479E+03	1.256882E-04	4.241009E-05
5.347382E+03	1.264190E-04	4.265484E-05
5.357284E+03	1.271435E-04	4.289741E-05
5.367187E+03	1.278609E-04	4.313760E-05
5.377089E+03	1.285708E-04	4.337517E-05
5.386992E+03	1.292711E-04	4.360951E-05
5.396895E+03	1.299614E-04	4.384043E-05
5.406797E+03	1.306410E-04	4.406770E-05
5.416700E+03	1.313092E-04	4.429112E-05
5.426602E+03	1.319642E-04	4.451004E-05
5.436505E+03	1.326038E-04	4.472376E-05
5.446407E+03	1.332288E-04	4.493247E-05
5.456310E+03	1.338368E-04	4.513547E-05
5.466212E+03	1.344258E-04	4.533199E-05
5.476115E+03	1.349934E-04	4.552131E-05
5.486018E+03	1.355403E-04	4.570357E-05
5.495920E+03	1.360626E-04	4.587754E-05
5.505823E+03	1.365608E-04	4.604334E-05
5.515725E+03	1.370312E-04	4.619975E-05
5.525628E+03	1.374728E-04	4.634643E-05
5.535530E+03	1.378861E-04	4.648352E-05
5.545433E+03	1.382672E-04	4.660973E-05
5.555335E+03	1.386165E-04	4.672523E-05
5.565238E+03	1.389332E-04	4.682969E-05
5.575141E+03	1.392148E-04	4.692229E-05
5.585043E+03	1.394604E-04	4.700274E-05
5.594946E+03	1.396705E-04	4.707122E-05
5.604848E+03	1.398443E-04	4.712744E-05
5.614751E+03	1.399797E-04	4.717071E-05
5.624653E+03	1.400775E-04	4.720128E-05
5.634556E+03	1.401387E-04	4.721949E-05
5.644459E+03	1.401598E-04	4.722420E-05
5.654361E+03	1.401420E-04	4.721579E-05
5.664264E+03	1.400867E-04	4.719472E-05
5.674166E+03	1.399938E-04	4.716096E-05
5.684069E+03	1.398631E-04	4.711448E-05
5.693971E+03	1.396949E-04	4.705534E-05
5.703874E+03	1.394892E-04	4.698358E-05
5.713776E+03	1.392478E-04	4.689980E-05
5.723679E+03	1.389696E-04	4.680359E-05
5.733582E+03	1.386577E-04	4.669606E-05
5.743484E+03	1.383113E-04	4.657689E-05
5.753387E+03	1.379308E-04	4.644624E-05
5.763289E+03	1.375198E-04	4.630530E-05
5.773192E+03	1.370759E-04	4.615333E-05
5.783094E+03	1.366015E-04	4.599107E-05
5.792997E+03	1.360990E-04	4.581934E-05
5.802899E+03	1.355678E-04	4.563798E-05
5.812802E+03	1.350108E-04	4.544790E-05
5.822705E+03	1.344275E-04	4.524902E-05
5.832607E+03	1.338226E-04	4.504286E-05
5.842510E+03	1.331961E-04	4.482944E-05
5.852412E+03	1.325497E-04	4.460935E-05
5.862315E+03	1.318867E-04	4.438367E-05
5.872217E+03	1.312074E-04	4.415252E-05
5.882120E+03	1.305151E-04	4.391700E-05
5.892022E+03	1.298100E-04	4.367722E-05
5.901925E+03	1.290955E-04	4.343427E-05
5.911828E+03	1.283733E-04	4.318872E-05
5.921730E+03	1.276449E-04	4.294114E-05
5.931633E+03	1.269106E-04	4.269157E-05
5.941535E+03	1.261734E-04	4.244105E-05
5.951438E+03	1.254348E-04	4.219006E-05
5.961340E+03	1.246946E-04	4.193859E-05
5.971243E+03	1.239560E-04	4.168763E-05
5.981146E+03	1.232186E-04	4.143711E-05
5.991048E+03	1.224822E-04	4.118695E-05
6.000951E+03	1.217510E-04	4.093855E-05
6.010853E+03	1.210232E-04	4.069133E-05
6.020756E+03	1.203014E-04	4.044611E-05
6.030658E+03	1.195836E-04	4.020226E-05
6.040561E+03	1.188722E-04	3.996061E-05
6.050463E+03	1.181667E-04	3.972094E-05
6.060366E+03	1.174679E-04	3.948355E-05
6.070269E+03	1.167767E-04	3.924870E-05
6.080171E+03	1.160922E-04	3.901614E-05
6.090074E+03	1.154151E-04	3.878609E-05
6.099976E+03	1.147460E-04	3.855875E-05
6.109879E+03	1.140855E-04	3.833431E-05
6.119781E+03	1.134340E-04	3.811293E-05
6.129684E+03	1.127907E-04	3.789429E-05
6.139586E+03	1.121573E-04	3.767899E-05
6.149489E+03	1.115340E-04	3.746715E-05
6.159392E+03	1.109214E-04	3.725887E-05
6.169294E+03	1.103211E-04	3.705474E-05
6.179197E+03	1.097346E-04	3.685529E-05
6.189099E+03	1.091637E-04	3.666109E-05
6.199002E+03	1.086100E-04	3.647265E-05
6.208904E+03	1.080750E-04	3.629053E-05
6.218807E+03	1.075617E-04	3.611571E-05
6.228709E+03	1.070688E-04	3.594774E-05
6.238612E+03	1.066022E-04	3.578860E-05
6.248515E+03	1.061604E-04	3.563781E-05
6.258417E+03	1.057464E-04	3.549637E-05
6.268320E+03	1.053618E-04	3.536479E-05
6.278222E+03	1.050080E-04	3.524357E-05
6.288125E+03	1.046851E-04	3.513273E-05
6.298027E+03	1.043948E-04	3.503280E-05
6.307930E+03	1.041384E-04	3.494429E-05
6.317833E+03	1.039161E-04	3.486722E-05
6.327735E+03	1.037281E-04	3.480162E-05
6.337638E+03	1.035759E-04	3.474805E-05
6.347540E+03	1.034566E-04	3.470553E-05
6.357443E+03	1.033703E-04	3.467407E-05
6.367345E+03	1.033157E-04	3.465322E-05
6.377248E+03	1.032897E-04	3.464196E-05
6.387150E+03	1.032939E-04	3.464083E-05
6.397053E+03	1.033254E-04	3.464883E-05
6.406956E+03	1.033857E-04	3.466648E-05
6.416858E+03	1.034750E-04	3.469382E-05
6.426761E+03	1.035916E-04	3.473033E-05
6.436663E+03	1.037358E-04	3.477606E-05
6.446566E+03	1.039076E-04	3.483101E-05
6.456468E+03	1.041069E-04	3.489520E-05
6.466371E+03	1.043341E-04	3.496867E-05
6.476273E+03	1.045907E-04	3.505201E-05
6.486176E+03	1.048753E-04	3.514468E-05
6.496079E+03	1.051862E-04	3.524617E-05
6.505981E+03	1.055270E-04	3.535762E-05
6.515884E+03	1.058943E-04	3.547795E-05
6.525786E+03	1.062901E-04	3.560776E-05
6.535689E+03	1.067143E-04	3.574708E-05
6.545591E+03	1.071671E-04	3.589595E-05
6.555494E+03	1.076487E-04	3.605443E-05
6.565396E+03	1.081574E-04	3.622194E-05
6.575299E+03	1.086951E-04	3.639913E-05
6.585202E+03	1.092602E-04	3.658545E-05
6.595104E+03	1.098546E-04	3.678154E-05
6.605007E+03	1.104766E-04	3.698684E-05
6.614909E+03	1.111264E-04	3.720137E-05
6.624812E+03	1.118059E-04	3.742582E-05
6.634714E+03	1.125154E-04	3.766025E-05
6.644617E+03	1.132512E-04	3.790344E-05
6.654520E+03	1.140173E-04	3.815672E-05
6.664422E+03	1.148099E-04	3.841884E-05
6.674325E+03	1.156333E-04	3.869117E-05
6.684227E+03	1.164855E-04	3.897311E-05
6.694130E+03	1.173649E-04	3.926407E-05
6.704032E+03	1.182755E-04	3.956543E-05
6.713935E+03	1.192137E-04	3.987593E-05
6.723837E+03	1.201815E-04	4.019627E-05
6.733740E+03	1.211792E-04	4.052657E-05
6.743643E+03	1.222071E-04	4.086688E-05
6.753545E+03	1.232631E-04	4.121654E-05
6.763448E+03	1.243497E-04	4.157634E-05
6.773350E+03	1.254648E-04	4.194562E-05
6.783253E+03	1.266110E-04	4.232518E-05
6.793155E+03	1.277860E-04	4.271431E-05
6.803058E+03	1.289900E-04	4.311307E-05
6.812960E+03	1.302256E-04	4.352230E-05
6.822863E+03	1.314882E-04	4.394046E-05
6.832766E+03	1.327827E-04	4.436919E-05
6.842668E+03	1.341068E-04	4.480775E-05
6.852571E+03	1.354608E-04	4.525617E-05
6.862473E+03	1.368446E-04	4.571449E-05
6.872376E+03	1.382584E-04	4.618274E-05
6.882278E+03	1.396998E-04	4.666010E-05
6.892181E+03	1.411713E-04	4.714742E-05
6.902083E+03	1.426731E-04	4.764477E-05
6.911986E+03	1.442054E-04	4.815216E-05
6.921889E+03	1.457624E-04	4.866775E-05
6.931791E+03	1.473528E-04	4.919434E-05
6.941694E+03	1.489679E-04	4.972911E-05
6.951596E+03	1.506135E-04	5.027394E-05
6.961499E+03	1.522867E-04	5.082786E-05
6.971401E+03	1.539874E-04	5.139084E-05
6.981304E+03	1.557155E-04	5.196285E-05
6.991207E+03	1.574709E-04	5.254386E-05
7.001109E+03	1.592504E-04	5.313280E-05
7.011012E+03	1.610569E-04	5.373062E-05
7.020914E+03	1.628903E-04	5.433728E-05
7.030817E+03	1.647471E-04	5.495165E-05
7.040719E+03	1.666304E-04	5.557473E-05
7.050622E+03	1.685367E-04	5.620533E-05
7.060524E+03	1.704656E-04	5.684335E-05
7.070427E+03	1.724167E-04	5.748863E-05
7.080330E+03	1.743932E-04	5.814227E-05
7.090232E+03	1.763877E-04	5.880176E-05
7.100135E+03	1.783995E-04	5.946691E-05
7.110037E+03	1.804357E-04	6.014000E-05
7.119940E+03	1.824882E-04	6.081842E-05
7.129842E+03	1.845563E-04	6.150192E-05
7.139745E+03	1.866435E-04	6.219160E-05
7.149647E+03	1.887451E-04	6.288595E-05
7.159550E+03	1.908604E-04	6.358474E-05
7.169453E+03	1.929887E-04	6.428771E-05
7.179355E+03	1.951292E-04	6.499459E-05
7.189258E+03	1.972853E-04	6.570654E-05
7.199160E+03	1.994478E-04	6.642044E-05
7.209063E+03	2.016243E-04	6.713889E-05
7.218965E+03	2.038097E-04	6.786015E-05
7.228868E+03	2.060031E-04	6.858391E-05
7.238770E+03	2.082080E-04	6.931135E-05
7.248673E+03	2.104191E-04	7.004070E-05
7.258576E+03	2.126400E-04	7.077316E-05
7.268478E+03	2.148698E-04	7.150845E-05
7.278381E+03	2.171126E-04	7.224792E-05
7.288283E+03	2.193678E-04	7.299132E-05
7.298186E+03	2.216395E-04	7.374011E-05
7.308088E+03	2.239223E-04	7.449241E-05
7.317991E+03	2.262309E-04	7.525313E-05
7.327894E+03	2.285652E-04	7.602228E-05
7.337796E+03	2.309199E-04	7.679802E-05
7.347699E+03	2.333108E-04	7.758566E-05
7.357601E+03	2.357329E-04	7.838349E-05
7.367504E+03	2.381918E-04	7.919343E-05
7.377406E+03	2.406823E-04	8.001368E-05
7.387309E+03	2.432103E-04	8.084623E-05
7.397211E+03	2.457586E-04	8.168537E-05
7.407114E+03	2.483387E-04	8.253491E-05
7.417017E+03	2.509328E-04	8.338891E-05
7.426919E+03	2.535462E-04	8.424920E-05
7.436822E+03	2.561725E-04	8.511355E-05
7.446724E+03	2.588047E-04	8.597971E-05
7.456627E+03	2.614481E-04	8.684942E-05
7.466529E+03	2.640827E-04	8.771605E-05
7.476432E+03	2.667202E-04	8.858344E-05
7.486334E+03	2.693528E-04	8.944903E-05
7.496237E+03	2.719791E-04	9.031239E-05
7.506140E+03	2.745912E-04	9.117083E-05
7.516042E+03	2.771942E-04	9.202608E-05
7.525945E+03	2.797797E-04	9.287539E-05
7.535847E+03	2.823461E-04	9.371817E-05
7.545750E+03	2.848988E-04	9.455624E-05
7.555652E+03	2.874292E-04	9.538673E-05
7.565555E+03	2.899427E-04	9.621149E-05
7.575457E+03	2.924232E-04	9.702512E-05
7.585360E+03	2.948835E-04	9.783191E-05
7.595263E+03	2.973147E-04	9.862887E-05
7.605165E+03	2.997225E-04	9.941792E-05
7.615068E+03	3.020976E-04	1.001960E-04
7.624970E+03	3.044384E-04	1.009625E-04
7.634873E+03	3.067429E-04	1.017169E-04
7.644775E+03	3.090253E-04	1.024638E-04
7.654678E+03	3.112601E-04	1.031948E-04
7.664581E+03	3.134698E-04	1.039173E-04
7.674483E+03	3.156365E-04	1.046254E-04
7.684386E+03	3.177669E-04	1.053214E-04
7.694288E+03	3.198594E-04	1.060047E-04
7.704191E+03	3.219127E-04	1.066749E-04
7.714093E+03	3.239338E-04	1.073343E-04
7.723996E+03	3.259131E-04	1.079798E-04
7.733898E+03	3.278491E-04	1.086108E-04
7.743801E+03	3.297494E-04	1.092298E-04
7.753704E+03	3.316221E-04	1.098397E-04
7.763606E+03	3.334575E-04	1.104370E-04
7.773509E+03	3.352546E-04	1.110216E-04
7.783411E+03	3.370312E-04	1.115993E-04
7.793314E+03	3.387872E-04	1.121701E-04
7.803216E+03	3.405130E-04	1.127309E-04
7.813119E+03	3.422273E-04	1.132877E-04
7.823021E+03	3.439304E-04	1.138407E-04
7.832924E+03	3.456325E-04	1.143934E-04
7.842827E+03	3.473439E-04	1.149490E-04
7.852729E+03	3.490656E-04	1.155080E-04
7.862632E+03	3.507989E-04	1.160707E-04
7.872534E+03	3.525649E-04	1.166442E-04
7.882437E+03	3.543755E-04	1.172323E-04
7.892339E+03	3.562124E-04	1.178291E-04
7.902242E+03	3.580978E-04	1.184418E-04
7.912144E+03	3.600235E-04	1.190678E-04
7.922047E+03	3.619709E-04	1.197009E-04
7.931950E+03	3.639522E-04	1.203452E-04
7.941852E+03	3.659483E-04	1.209942E-04
7.951755E+03	3.679610E-04	1.216487E-04
7.961657E+03	3.699920E-04	1.223091E-04
7.971560E+03	3.720111E-04	1.229655E-04
7.981462E+03	3.740411E-04	1.236255E-04
7.991365E+03	3.760733E-04	1.242861E-04
8.001268E+03	3.780874E-04	1.249406E-04
8.011170E+03	3.801070E-04	1.255970E-04
8.021073E+03	3.821121E-04	1.262484E-04
8.030975E+03	3.841044E-04	1.268956E-04
8.040878E+03	3.860856E-04	1.275391E-04
8.050780E+03	3.880467E-04	1.281758E-04
8.060683E+03	3.900006E-04	1.288101E-04
8.070585E+03	3.919497E-04	1.294428E-04
8.080488E+03	3.938733E-04	1.300671E-04
8.090391E+03	3.957964E-04	1.306911E-04
8.100293E+03	3.976984E-04	1.313081E-04
8.110196E+03	3.996045E-04	1.319264E-04
8.120098E+03	4.014942E-04	1.325393E-04
8.130001E+03	4.033816E-04	1.331515E-04
8.139903E+03	4.052575E-04	1.337597E-04
8.149806E+03	4.071358E-04	1.343688E-04
8.159708E+03	4.090074E-04	1.349756E-04
8.169611E+03	4.108873E-04	1.355852E-04
8.179514E+03	4.127658E-04	1.361942E-04
8.189416E+03	4.146455E-04	1.368037E-04
8.199319E+03	4.165288E-04	1.374143E-04
8.209221E+03	4.184313E-04	1.380313E-04
8.219124E+03	4.203310E-04	1.386474E-04
8.229026E+03	4.222544E-04	1.392712E-04
8.238929E+03	4.241929E-04	1.399000E-04
8.248831E+03	4.261482E-04	1.405344E-04
8.258734E+03	4.281108E-04	1.411712E-04
8.268637E+03	4.301076E-04	1.418193E-04
8.278539E+03	4.321165E-04	1.424714E-04
8.288442E+03	4.341526E-04	1.431325E-04
8.298344E+03	4.362174E-04	1.438031E-04
8.308247E+03	4.383134E-04	1.444839E-04
8.318149E+03	4.404298E-04	1.451715E-04
8.328052E+03	4.425817E-04	1.458708E-04
8.337955E+03	4.447572E-04	1.465780E-04
8.347857E+03	4.469715E-04	1.472979E-04
8.357760E+03	4.492265E-04	1.480313E-04
8.367662E+03	4.515098E-04	1.487741E-04
8.377565E+03	4.538231E-04	1.495267E-04
8.387467E+03	4.561668E-04	1.502895E-04
8.397370E+03	4.585556E-04	1.510671E-04
8.407272E+03	4.609767E-04	1.518554E-04
8.417175E+03	4.634446E-04	1.526592E-04
8.427078E+03	4.659316E-04	1.534694E-04
8.436980E+03	4.684662E-04	1.542952E-04
8.446883E+03	4.710195E-04	1.551273E-04
8.456785E+03	4.736203E-04	1.559751E-04
8.466688E+03	4.762387E-04	1.568288E-04
8.476590E+03	4.789034E-04	1.576978E-04
8.486493E+03	4.815841E-04	1.585721E-04
8.496395E+03	4.842943E-04	1.594562E-04
8.506298E+03	4.870325E-04	1.603497E-04
8.516201E+03	4.897814E-04	1.612467E-04
8.526103E+03	4.925546E-04	1.621518E-04
8.536006E+03	4.953497E-04	1.630643E-04
8.545908E+03	4.981489E-04	1.639782E-04
8.555811E+03	5.009483E-04	1.648923E-04
8.565713E+03	5.037613E-04	1.658110E-04
8.575616E+03	5.065682E-04	1.667278E-04
8.585518E+03	5.093651E-04	1.676414E-04
8.595421E+03	5.121475E-04	1.685504E-04
8.605324E+03	5.149279E-04	1.694589E-04
8.615226E+03	5.176685E-04	1.703545E-04
8.625129E+03	5.203972E-04	1.712462E-04
8.635031E+03	5.230753E-04	1.721216E-04
8.644934E+03	5.257314E-04	1.729898E-04
8.654836E+03	5.283254E-04	1.738378E-04
8.664739E+03	5.308682E-04	1.746691E-04
8.674642E+03	5.333541E-04	1.754819E-04
8.684544E+03	5.357763E-04	1.762740E-04
8.694447E+03	5.381284E-04	1.770432E-04
8.704349E+03	5.403865E-04	1.777817E-04
8.714252E+03	5.425789E-04	1.784988E-04
8.724154E+03	5.446628E-04	1.791804E-04
8.734057E+03	5.466686E-04	1.798366E-04
8.743959E+03	5.485523E-04	1.804529E-04
8.753862E+03	5.503443E-04	1.810393E-04
8.763765E+03	5.520198E-04	1.815876E-04
8.773667E+03	5.535911E-04	1.821020E-04
8.783570E+03	5.550532E-04	1.825807E-04
8.793472E+03	5.563807E-04	1.830154E-04
8.803375E+03	5.576073E-04	1.834172E-04
8.813277E+03	5.586894E-04	1.837717E-04
8.823180E+03	5.596429E-04	1.840843E-04
8.833082E+03	5.604642E-04	1.843537E-04
8.842985E+03	5.611514E-04	1.845793E-04
8.852888E+03	5.617036E-04	1.847608E-04
8.862790E+03	5.621017E-04	1.848920E-04
8.872693E+03	5.623868E-04	1.849863E-04
8.882595E+03	5.625397E-04	1.850375E-04
8.892498E+03	5.625628E-04	1.850463E-04
8.902400E+03	5.624790E-04	1.850202E-04
8.912303E+03	5.622497E-04	1.849466E-04
8.951913E+03	5.603588E-04	1.843349E-04
8.991523E+03	5.570483E-04	1.832608E-04
9.031134E+03	5.527698E-04	1.818725E-04
9.070744E+03	5.479385E-04	1.803061E-04
9.110354E+03	5.429083E-04	1.786779E-04
9.149964E+03	5.380300E-04	1.771029E-04
9.189575E+03	5.335997E-04	1.756783E-04
9.229185E+03	5.298046E-04	1.744655E-04
9.268795E+03	5.268242E-04	1.735236E-04
9.308405E+03	5.247843E-04	1.728940E-04
9.348016E+03	5.237878E-04	1.726106E-04
9.387626E+03	5.238668E-04	1.726840E-04
9.427236E+03	5.250983E-04	1.731397E-04
9.466846E+03	5.274998E-04	1.739838E-04
9.506456E+03	5.310564E-04	1.752115E-04
9.546067E+03	5.358159E-04	1.768388E-04
9.585677E+03	5.417617E-04	1.788606E-04
9.625287E+03	5.488728E-04	1.812701E-04
9.664897E+03	5.572388E-04	1.840974E-04
9.704508E+03	5.667202E-04	1.872966E-04
9.744118E+03	5.774028E-04	1.908964E-04
9.783728E+03	5.891578E-04	1.948547E-04
9.823338E+03	6.020073E-04	1.991791E-04
9.862949E+03	6.158627E-04	2.038405E-04
9.902559E+03	6.305428E-04	2.087793E-04
9.942169E+03	6.459094E-04	2.139500E-04
9.981779E+03	6.617076E-04	2.192682E-04
1.002139E+04	6.776050E-04	2.246239E-04
1.006100E+04	6.932834E-04	2.299116E-04
1.010061E+04	7.083029E-04	2.349850E-04
1.014022E+04	7.223869E-04	2.397522E-04
1.017983E+04	7.353115E-04	2.441381E-04
1.021944E+04	7.467527E-04	2.480348E-04
