#wls	flux	fluxerr
1.584409E+03	1.911105E-03	0.000000E+00
1.624020E+03	1.979510E-03	0.000000E+00
1.663630E+03	2.046989E-03	0.000000E+00
1.703240E+03	2.113242E-03	0.000000E+00
1.742850E+03	2.177476E-03	0.000000E+00
1.782461E+03	2.239711E-03	0.000000E+00
1.822071E+03	2.298811E-03	0.000000E+00
1.861681E+03	2.354457E-03	0.000000E+00
1.901291E+03	2.405839E-03	0.000000E+00
1.940902E+03	2.452316E-03	0.000000E+00
1.980512E+03	2.493000E-03	0.000000E+00
2.020122E+03	2.527187E-03	0.000000E+00
2.059732E+03	2.553970E-03	0.000000E+00
2.099342E+03	2.572652E-03	0.000000E+00
2.138953E+03	2.582196E-03	0.000000E+00
2.178563E+03	2.582028E-03	0.000000E+00
2.218173E+03	2.571475E-03	0.000000E+00
2.257783E+03	2.550479E-03	0.000000E+00
2.297394E+03	2.519191E-03	0.000000E+00
2.337004E+03	2.477647E-03	0.000000E+00
2.376614E+03	2.426373E-03	0.000000E+00
2.416224E+03	2.365764E-03	0.000000E+00
2.455835E+03	2.296253E-03	0.000000E+00
2.495445E+03	2.218339E-03	0.000000E+00
2.535055E+03	2.132507E-03	0.000000E+00
2.574665E+03	2.039539E-03	0.000000E+00
2.614276E+03	1.940132E-03	0.000000E+00
2.653886E+03	1.835060E-03	0.000000E+00
2.693496E+03	1.725328E-03	0.000000E+00
2.733106E+03	1.611908E-03	0.000000E+00
2.772716E+03	1.495912E-03	0.000000E+00
2.812327E+03	1.378540E-03	0.000000E+00
2.851937E+03	1.261123E-03	0.000000E+00
2.891547E+03	1.145388E-03	0.000000E+00
2.931157E+03	1.033143E-03	0.000000E+00
2.970768E+03	9.260821E-04	0.000000E+00
2.980670E+03	9.002836E-04	0.000000E+00
2.990573E+03	8.749314E-04	0.000000E+00
3.000475E+03	8.499907E-04	0.000000E+00
3.010378E+03	8.255287E-04	0.000000E+00
3.020280E+03	8.015290E-04	0.000000E+00
3.030183E+03	7.779968E-04	0.000000E+00
3.040086E+03	7.549529E-04	0.000000E+00
3.049988E+03	7.324158E-04	0.000000E+00
3.059891E+03	7.103695E-04	0.000000E+00
3.069793E+03	6.888454E-04	0.000000E+00
3.079696E+03	6.678271E-04	0.000000E+00
3.089598E+03	6.473275E-04	0.000000E+00
3.099501E+03	6.273563E-04	0.000000E+00
3.109403E+03	6.079092E-04	0.000000E+00
3.119306E+03	5.889703E-04	0.000000E+00
3.129209E+03	5.705694E-04	0.000000E+00
3.139111E+03	5.526776E-04	0.000000E+00
3.149014E+03	5.353098E-04	0.000000E+00
3.158916E+03	5.184580E-04	0.000000E+00
3.168819E+03	5.021143E-04	0.000000E+00
3.178721E+03	4.862704E-04	0.000000E+00
3.188624E+03	4.709346E-04	0.000000E+00
3.198526E+03	4.560885E-04	0.000000E+00
3.208429E+03	4.417222E-04	0.000000E+00
3.218332E+03	4.278339E-04	0.000000E+00
3.228234E+03	4.144192E-04	0.000000E+00
3.238137E+03	4.014607E-04	0.000000E+00
3.248039E+03	3.889535E-04	0.000000E+00
3.257942E+03	3.768865E-04	0.000000E+00
3.267844E+03	3.652541E-04	0.000000E+00
3.277747E+03	3.540389E-04	0.000000E+00
3.287650E+03	3.432299E-04	0.000000E+00
3.297552E+03	3.328258E-04	0.000000E+00
3.307455E+03	3.228053E-04	0.000000E+00
3.317357E+03	3.131619E-04	0.000000E+00
3.327260E+03	3.038890E-04	0.000000E+00
3.337162E+03	2.949667E-04	0.000000E+00
3.347065E+03	2.863926E-04	0.000000E+00
3.356967E+03	2.781481E-04	0.000000E+00
3.366870E+03	2.702236E-04	0.000000E+00
3.376773E+03	2.626123E-04	0.000000E+00
3.386675E+03	2.553012E-04	0.000000E+00
3.396578E+03	2.482808E-04	0.000000E+00
3.406480E+03	2.415361E-04	0.000000E+00
3.416383E+03	2.350616E-04	0.000000E+00
3.426285E+03	2.288459E-04	0.000000E+00
3.436188E+03	2.228760E-04	0.000000E+00
3.446090E+03	2.171448E-04	0.000000E+00
3.455993E+03	2.116398E-04	0.000000E+00
3.465896E+03	2.063529E-04	0.000000E+00
3.475798E+03	2.012754E-04	0.000000E+00
3.485701E+03	1.963951E-04	0.000000E+00
3.495603E+03	1.917010E-04	0.000000E+00
3.505506E+03	1.871808E-04	0.000000E+00
3.515408E+03	1.828215E-04	0.000000E+00
3.525311E+03	1.786118E-04	0.000000E+00
3.535213E+03	1.745407E-04	0.000000E+00
3.545116E+03	1.705970E-04	0.000000E+00
3.555019E+03	1.667707E-04	0.000000E+00
3.564921E+03	1.630556E-04	0.000000E+00
3.574824E+03	1.594415E-04	0.000000E+00
3.584726E+03	1.559235E-04	0.000000E+00
3.594629E+03	1.525025E-04	0.000000E+00
3.604531E+03	1.491763E-04	0.000000E+00
3.614434E+03	1.459452E-04	0.000000E+00
3.624337E+03	1.428089E-04	0.000000E+00
3.634239E+03	1.397681E-04	0.000000E+00
3.644142E+03	1.368218E-04	0.000000E+00
3.654044E+03	1.339678E-04	0.000000E+00
3.663947E+03	1.312079E-04	0.000000E+00
3.673849E+03	1.285383E-04	0.000000E+00
3.683752E+03	1.259592E-04	0.000000E+00
3.693654E+03	1.234685E-04	0.000000E+00
3.703557E+03	1.210650E-04	0.000000E+00
3.713460E+03	1.187465E-04	0.000000E+00
3.723362E+03	1.165106E-04	0.000000E+00
3.733265E+03	1.143567E-04	0.000000E+00
3.743167E+03	1.122823E-04	0.000000E+00
3.753070E+03	1.102857E-04	0.000000E+00
3.762972E+03	1.083636E-04	0.000000E+00
3.772875E+03	1.065159E-04	0.000000E+00
3.782777E+03	1.047393E-04	0.000000E+00
3.792680E+03	1.030329E-04	0.000000E+00
3.802583E+03	1.013932E-04	0.000000E+00
3.812485E+03	9.982023E-05	0.000000E+00
3.822388E+03	9.830992E-05	0.000000E+00
3.832290E+03	9.686213E-05	0.000000E+00
3.842193E+03	9.547448E-05	0.000000E+00
3.852095E+03	9.414460E-05	0.000000E+00
3.861998E+03	9.287095E-05	0.000000E+00
3.871900E+03	9.165202E-05	0.000000E+00
3.881803E+03	9.048630E-05	0.000000E+00
3.891706E+03	8.937165E-05	0.000000E+00
3.901608E+03	8.830602E-05	0.000000E+00
3.911511E+03	8.728872E-05	0.000000E+00
3.921413E+03	8.631846E-05	0.000000E+00
3.931316E+03	8.539200E-05	0.000000E+00
3.941218E+03	8.450945E-05	0.000000E+00
3.951121E+03	8.366902E-05	0.000000E+00
3.961024E+03	8.286956E-05	0.000000E+00
3.970926E+03	8.210879E-05	0.000000E+00
3.980829E+03	8.138567E-05	0.000000E+00
3.990731E+03	8.069987E-05	0.000000E+00
4.000634E+03	8.004925E-05	0.000000E+00
4.010536E+03	7.943289E-05	0.000000E+00
4.020439E+03	7.884939E-05	0.000000E+00
4.030341E+03	7.829794E-05	0.000000E+00
4.040244E+03	7.777719E-05	0.000000E+00
4.050147E+03	7.728643E-05	0.000000E+00
4.060049E+03	7.682442E-05	0.000000E+00
4.069952E+03	7.638990E-05	0.000000E+00
4.079854E+03	7.598232E-05	0.000000E+00
4.089757E+03	7.560107E-05	0.000000E+00
4.099659E+03	7.524451E-05	0.000000E+00
4.109562E+03	7.491269E-05	0.000000E+00
4.119464E+03	7.460401E-05	0.000000E+00
4.129367E+03	7.431805E-05	0.000000E+00
4.139270E+03	7.405440E-05	0.000000E+00
4.149172E+03	7.381212E-05	0.000000E+00
4.159075E+03	7.359031E-05	0.000000E+00
4.168977E+03	7.338864E-05	0.000000E+00
4.178880E+03	7.320628E-05	0.000000E+00
4.188782E+03	7.304297E-05	0.000000E+00
4.198685E+03	7.289846E-05	0.000000E+00
4.208587E+03	7.277199E-05	0.000000E+00
4.218490E+03	7.266225E-05	0.000000E+00
4.228393E+03	7.257021E-05	0.000000E+00
4.238295E+03	7.249460E-05	0.000000E+00
4.248198E+03	7.243535E-05	0.000000E+00
4.258100E+03	7.239118E-05	0.000000E+00
4.268003E+03	7.236265E-05	0.000000E+00
4.277905E+03	7.234914E-05	0.000000E+00
4.287808E+03	7.235005E-05	0.000000E+00
4.297711E+03	7.236540E-05	0.000000E+00
4.307613E+03	7.239464E-05	0.000000E+00
4.317516E+03	7.243897E-05	0.000000E+00
4.327418E+03	7.249732E-05	0.000000E+00
4.337321E+03	7.256977E-05	0.000000E+00
4.347223E+03	7.265648E-05	0.000000E+00
4.357126E+03	7.275644E-05	0.000000E+00
4.367028E+03	7.286981E-05	0.000000E+00
4.376931E+03	7.299619E-05	0.000000E+00
4.386834E+03	7.313465E-05	0.000000E+00
4.396736E+03	7.328598E-05	0.000000E+00
4.406639E+03	7.344926E-05	0.000000E+00
4.416541E+03	7.362417E-05	0.000000E+00
4.426444E+03	7.380981E-05	0.000000E+00
4.436346E+03	7.400709E-05	0.000000E+00
4.446249E+03	7.421573E-05	0.000000E+00
4.456151E+03	7.443427E-05	0.000000E+00
4.466054E+03	7.466368E-05	0.000000E+00
4.475957E+03	7.490315E-05	0.000000E+00
4.485859E+03	7.515243E-05	0.000000E+00
4.495762E+03	7.541198E-05	0.000000E+00
4.505664E+03	7.568159E-05	0.000000E+00
4.515567E+03	7.596050E-05	0.000000E+00
4.525469E+03	7.624853E-05	0.000000E+00
4.535372E+03	7.654619E-05	0.000000E+00
4.545274E+03	7.685337E-05	0.000000E+00
4.555177E+03	7.716865E-05	0.000000E+00
4.565080E+03	7.749322E-05	0.000000E+00
4.574982E+03	7.782701E-05	0.000000E+00
4.584885E+03	7.816860E-05	0.000000E+00
4.594787E+03	7.851860E-05	0.000000E+00
4.604690E+03	7.887691E-05	0.000000E+00
4.614592E+03	7.924283E-05	0.000000E+00
4.624495E+03	7.961763E-05	0.000000E+00
4.634398E+03	8.000062E-05	0.000000E+00
4.644300E+03	8.039247E-05	0.000000E+00
4.654203E+03	8.079314E-05	0.000000E+00
4.664105E+03	8.120335E-05	0.000000E+00
4.674008E+03	8.162242E-05	0.000000E+00
4.683910E+03	8.205179E-05	0.000000E+00
4.693813E+03	8.249079E-05	0.000000E+00
4.703715E+03	8.294165E-05	0.000000E+00
4.713618E+03	8.340301E-05	0.000000E+00
4.723521E+03	8.387567E-05	0.000000E+00
4.733423E+03	8.436124E-05	0.000000E+00
4.743326E+03	8.485909E-05	0.000000E+00
4.753228E+03	8.537087E-05	0.000000E+00
4.763131E+03	8.589524E-05	0.000000E+00
4.773033E+03	8.643389E-05	0.000000E+00
4.782936E+03	8.698698E-05	0.000000E+00
4.792838E+03	8.755391E-05	0.000000E+00
4.802741E+03	8.813571E-05	0.000000E+00
4.812644E+03	8.873332E-05	0.000000E+00
4.822546E+03	8.934538E-05	0.000000E+00
4.832449E+03	8.997287E-05	0.000000E+00
4.842351E+03	9.061686E-05	0.000000E+00
4.852254E+03	9.127592E-05	0.000000E+00
4.862156E+03	9.195106E-05	0.000000E+00
4.872059E+03	9.264251E-05	0.000000E+00
4.881961E+03	9.335050E-05	0.000000E+00
4.891864E+03	9.407526E-05	0.000000E+00
4.901767E+03	9.481611E-05	0.000000E+00
4.911669E+03	9.557415E-05	0.000000E+00
4.921572E+03	9.634870E-05	0.000000E+00
4.931474E+03	9.713994E-05	0.000000E+00
4.941377E+03	9.794806E-05	0.000000E+00
4.951279E+03	9.877327E-05	0.000000E+00
4.961182E+03	9.961572E-05	0.000000E+00
4.971085E+03	1.004756E-04	0.000000E+00
4.980987E+03	1.013521E-04	0.000000E+00
4.990890E+03	1.022454E-04	0.000000E+00
5.000792E+03	1.031556E-04	0.000000E+00
5.010695E+03	1.040828E-04	0.000000E+00
5.020597E+03	1.050271E-04	0.000000E+00
5.030500E+03	1.059887E-04	0.000000E+00
5.040402E+03	1.069656E-04	0.000000E+00
5.050305E+03	1.079598E-04	0.000000E+00
5.060208E+03	1.089714E-04	0.000000E+00
5.070110E+03	1.099984E-04	0.000000E+00
5.080013E+03	1.110407E-04	0.000000E+00
5.089915E+03	1.120995E-04	0.000000E+00
5.099818E+03	1.131746E-04	0.000000E+00
5.109720E+03	1.142638E-04	0.000000E+00
5.119623E+03	1.153681E-04	0.000000E+00
5.129525E+03	1.164885E-04	0.000000E+00
5.139428E+03	1.176227E-04	0.000000E+00
5.149331E+03	1.187704E-04	0.000000E+00
5.159233E+03	1.199315E-04	0.000000E+00
5.169136E+03	1.211068E-04	0.000000E+00
5.179038E+03	1.222950E-04	0.000000E+00
5.188941E+03	1.234958E-04	0.000000E+00
5.198843E+03	1.247075E-04	0.000000E+00
5.208746E+03	1.259311E-04	0.000000E+00
5.218648E+03	1.271661E-04	0.000000E+00
5.228551E+03	1.284108E-04	0.000000E+00
5.238454E+03	1.296661E-04	0.000000E+00
5.248356E+03	1.309301E-04	0.000000E+00
5.258259E+03	1.322023E-04	0.000000E+00
5.268161E+03	1.334833E-04	0.000000E+00
5.278064E+03	1.347711E-04	0.000000E+00
5.287966E+03	1.360651E-04	0.000000E+00
5.297869E+03	1.373644E-04	0.000000E+00
5.307772E+03	1.386683E-04	0.000000E+00
5.317674E+03	1.399759E-04	0.000000E+00
5.327577E+03	1.412862E-04	0.000000E+00
5.337479E+03	1.425983E-04	0.000000E+00
5.347382E+03	1.439098E-04	0.000000E+00
5.357284E+03	1.452195E-04	0.000000E+00
5.367187E+03	1.465278E-04	0.000000E+00
5.377089E+03	1.478319E-04	0.000000E+00
5.386992E+03	1.491306E-04	0.000000E+00
5.396895E+03	1.504211E-04	0.000000E+00
5.406797E+03	1.517035E-04	0.000000E+00
5.416700E+03	1.529732E-04	0.000000E+00
5.426602E+03	1.542319E-04	0.000000E+00
5.436505E+03	1.554734E-04	0.000000E+00
5.446407E+03	1.566975E-04	0.000000E+00
5.456310E+03	1.579026E-04	0.000000E+00
5.466212E+03	1.590855E-04	0.000000E+00
5.476115E+03	1.602443E-04	0.000000E+00
5.486018E+03	1.613757E-04	0.000000E+00
5.495920E+03	1.624779E-04	0.000000E+00
5.505823E+03	1.635490E-04	0.000000E+00
5.515725E+03	1.645872E-04	0.000000E+00
5.525628E+03	1.655891E-04	0.000000E+00
5.535530E+03	1.665528E-04	0.000000E+00
5.545433E+03	1.674766E-04	0.000000E+00
5.555335E+03	1.683586E-04	0.000000E+00
5.565238E+03	1.691956E-04	0.000000E+00
5.575141E+03	1.699856E-04	0.000000E+00
5.585043E+03	1.707291E-04	0.000000E+00
5.594946E+03	1.714226E-04	0.000000E+00
5.604848E+03	1.720629E-04	0.000000E+00
5.614751E+03	1.726522E-04	0.000000E+00
5.624653E+03	1.731893E-04	0.000000E+00
5.634556E+03	1.736696E-04	0.000000E+00
5.644459E+03	1.740936E-04	0.000000E+00
5.654361E+03	1.744624E-04	0.000000E+00
5.664264E+03	1.747735E-04	0.000000E+00
5.674166E+03	1.750260E-04	0.000000E+00
5.684069E+03	1.752214E-04	0.000000E+00
5.693971E+03	1.753573E-04	0.000000E+00
5.703874E+03	1.754376E-04	0.000000E+00
5.713776E+03	1.754580E-04	0.000000E+00
5.723679E+03	1.754209E-04	0.000000E+00
5.733582E+03	1.753263E-04	0.000000E+00
5.743484E+03	1.751766E-04	0.000000E+00
5.753387E+03	1.749700E-04	0.000000E+00
5.763289E+03	1.747095E-04	0.000000E+00
5.773192E+03	1.743957E-04	0.000000E+00
5.783094E+03	1.740277E-04	0.000000E+00
5.792997E+03	1.736100E-04	0.000000E+00
5.802899E+03	1.731423E-04	0.000000E+00
5.812802E+03	1.726274E-04	0.000000E+00
5.822705E+03	1.720649E-04	0.000000E+00
5.832607E+03	1.714580E-04	0.000000E+00
5.842510E+03	1.708085E-04	0.000000E+00
5.852412E+03	1.701176E-04	0.000000E+00
5.862315E+03	1.693892E-04	0.000000E+00
5.872217E+03	1.686209E-04	0.000000E+00
5.882120E+03	1.678184E-04	0.000000E+00
5.892022E+03	1.669836E-04	0.000000E+00
5.901925E+03	1.661181E-04	0.000000E+00
5.911828E+03	1.652219E-04	0.000000E+00
5.921730E+03	1.642987E-04	0.000000E+00
5.931633E+03	1.633523E-04	0.000000E+00
5.941535E+03	1.623806E-04	0.000000E+00
5.951438E+03	1.613893E-04	0.000000E+00
5.961340E+03	1.603783E-04	0.000000E+00
5.971243E+03	1.593511E-04	0.000000E+00
5.981146E+03	1.583057E-04	0.000000E+00
5.991048E+03	1.572475E-04	0.000000E+00
6.000951E+03	1.561782E-04	0.000000E+00
6.010853E+03	1.550974E-04	0.000000E+00
6.020756E+03	1.540066E-04	0.000000E+00
6.030658E+03	1.529092E-04	0.000000E+00
6.040561E+03	1.518047E-04	0.000000E+00
6.050463E+03	1.506962E-04	0.000000E+00
6.060366E+03	1.495832E-04	0.000000E+00
6.070269E+03	1.484688E-04	0.000000E+00
6.080171E+03	1.473559E-04	0.000000E+00
6.090074E+03	1.462437E-04	0.000000E+00
6.099976E+03	1.451352E-04	0.000000E+00
6.109879E+03	1.440350E-04	0.000000E+00
6.119781E+03	1.429439E-04	0.000000E+00
6.129684E+03	1.418646E-04	0.000000E+00
6.139586E+03	1.407960E-04	0.000000E+00
6.149489E+03	1.397387E-04	0.000000E+00
6.159392E+03	1.386917E-04	0.000000E+00
6.169294E+03	1.376553E-04	0.000000E+00
6.179197E+03	1.366321E-04	0.000000E+00
6.189099E+03	1.356207E-04	0.000000E+00
6.199002E+03	1.346216E-04	0.000000E+00
6.208904E+03	1.336370E-04	0.000000E+00
6.218807E+03	1.326693E-04	0.000000E+00
6.228709E+03	1.317187E-04	0.000000E+00
6.238612E+03	1.307855E-04	0.000000E+00
6.248515E+03	1.298757E-04	0.000000E+00
6.258417E+03	1.289857E-04	0.000000E+00
6.268320E+03	1.281232E-04	0.000000E+00
6.278222E+03	1.272866E-04	0.000000E+00
6.288125E+03	1.264779E-04	0.000000E+00
6.298027E+03	1.257027E-04	0.000000E+00
6.307930E+03	1.249614E-04	0.000000E+00
6.317833E+03	1.242559E-04	0.000000E+00
6.327735E+03	1.235881E-04	0.000000E+00
6.337638E+03	1.229620E-04	0.000000E+00
6.347540E+03	1.223759E-04	0.000000E+00
6.357443E+03	1.218264E-04	0.000000E+00
6.367345E+03	1.213118E-04	0.000000E+00
6.377248E+03	1.208304E-04	0.000000E+00
6.387150E+03	1.203806E-04	0.000000E+00
6.397053E+03	1.199590E-04	0.000000E+00
6.406956E+03	1.195639E-04	0.000000E+00
6.416858E+03	1.191936E-04	0.000000E+00
6.426761E+03	1.188483E-04	0.000000E+00
6.436663E+03	1.185264E-04	0.000000E+00
6.446566E+03	1.182262E-04	0.000000E+00
6.456468E+03	1.179496E-04	0.000000E+00
6.466371E+03	1.176932E-04	0.000000E+00
6.476273E+03	1.174588E-04	0.000000E+00
6.486176E+03	1.172449E-04	0.000000E+00
6.496079E+03	1.170533E-04	0.000000E+00
6.505981E+03	1.168823E-04	0.000000E+00
6.515884E+03	1.167320E-04	0.000000E+00
6.525786E+03	1.166025E-04	0.000000E+00
6.535689E+03	1.164957E-04	0.000000E+00
6.545591E+03	1.164079E-04	0.000000E+00
6.555494E+03	1.163430E-04	0.000000E+00
6.565396E+03	1.162992E-04	0.000000E+00
6.575299E+03	1.162763E-04	0.000000E+00
6.585202E+03	1.162765E-04	0.000000E+00
6.595104E+03	1.162957E-04	0.000000E+00
6.605007E+03	1.163380E-04	0.000000E+00
6.614909E+03	1.164012E-04	0.000000E+00
6.624812E+03	1.164855E-04	0.000000E+00
6.634714E+03	1.165927E-04	0.000000E+00
6.644617E+03	1.167208E-04	0.000000E+00
6.654520E+03	1.168698E-04	0.000000E+00
6.664422E+03	1.170395E-04	0.000000E+00
6.674325E+03	1.172319E-04	0.000000E+00
6.684227E+03	1.174449E-04	0.000000E+00
6.694130E+03	1.176784E-04	0.000000E+00
6.704032E+03	1.179342E-04	0.000000E+00
6.713935E+03	1.182103E-04	0.000000E+00
6.723837E+03	1.185064E-04	0.000000E+00
6.733740E+03	1.188246E-04	0.000000E+00
6.743643E+03	1.191603E-04	0.000000E+00
6.753545E+03	1.195177E-04	0.000000E+00
6.763448E+03	1.198966E-04	0.000000E+00
6.773350E+03	1.202925E-04	0.000000E+00
6.783253E+03	1.207094E-04	0.000000E+00
6.793155E+03	1.211450E-04	0.000000E+00
6.803058E+03	1.215991E-04	0.000000E+00
6.812960E+03	1.220713E-04	0.000000E+00
6.822863E+03	1.225614E-04	0.000000E+00
6.832766E+03	1.230715E-04	0.000000E+00
6.842668E+03	1.235966E-04	0.000000E+00
6.852571E+03	1.241412E-04	0.000000E+00
6.862473E+03	1.247003E-04	0.000000E+00
6.872376E+03	1.252783E-04	0.000000E+00
6.882278E+03	1.258703E-04	0.000000E+00
6.892181E+03	1.264807E-04	0.000000E+00
6.902083E+03	1.271045E-04	0.000000E+00
6.911986E+03	1.277438E-04	0.000000E+00
6.921889E+03	1.283984E-04	0.000000E+00
6.931791E+03	1.290656E-04	0.000000E+00
6.941694E+03	1.297502E-04	0.000000E+00
6.951596E+03	1.304469E-04	0.000000E+00
6.961499E+03	1.311554E-04	0.000000E+00
6.971401E+03	1.318782E-04	0.000000E+00
6.981304E+03	1.326151E-04	0.000000E+00
6.991207E+03	1.333633E-04	0.000000E+00
7.001109E+03	1.341227E-04	0.000000E+00
7.011012E+03	1.348957E-04	0.000000E+00
7.020914E+03	1.356795E-04	0.000000E+00
7.030817E+03	1.364741E-04	0.000000E+00
7.040719E+03	1.372792E-04	0.000000E+00
7.050622E+03	1.380976E-04	0.000000E+00
7.060524E+03	1.389235E-04	0.000000E+00
7.070427E+03	1.397625E-04	0.000000E+00
7.080330E+03	1.406089E-04	0.000000E+00
7.090232E+03	1.414652E-04	0.000000E+00
7.100135E+03	1.423315E-04	0.000000E+00
7.110037E+03	1.432077E-04	0.000000E+00
7.119940E+03	1.440907E-04	0.000000E+00
7.129842E+03	1.449833E-04	0.000000E+00
7.139745E+03	1.458856E-04	0.000000E+00
7.149647E+03	1.467942E-04	0.000000E+00
7.159550E+03	1.477090E-04	0.000000E+00
7.169453E+03	1.486331E-04	0.000000E+00
7.179355E+03	1.495631E-04	0.000000E+00
7.189258E+03	1.504987E-04	0.000000E+00
7.199160E+03	1.514432E-04	0.000000E+00
7.209063E+03	1.523929E-04	0.000000E+00
7.218965E+03	1.533478E-04	0.000000E+00
7.228868E+03	1.543144E-04	0.000000E+00
7.238770E+03	1.552822E-04	0.000000E+00
7.248673E+03	1.562614E-04	0.000000E+00
7.258576E+03	1.572447E-04	0.000000E+00
7.268478E+03	1.582390E-04	0.000000E+00
7.278381E+03	1.592407E-04	0.000000E+00
7.288283E+03	1.602530E-04	0.000000E+00
7.298186E+03	1.612795E-04	0.000000E+00
7.308088E+03	1.623164E-04	0.000000E+00
7.317991E+03	1.633749E-04	0.000000E+00
7.327894E+03	1.644512E-04	0.000000E+00
7.337796E+03	1.655454E-04	0.000000E+00
7.347699E+03	1.666732E-04	0.000000E+00
7.357601E+03	1.678230E-04	0.000000E+00
7.367504E+03	1.690071E-04	0.000000E+00
7.377406E+03	1.702259E-04	0.000000E+00
7.387309E+03	1.714715E-04	0.000000E+00
7.397211E+03	1.727401E-04	0.000000E+00
7.407114E+03	1.740316E-04	0.000000E+00
7.417017E+03	1.753418E-04	0.000000E+00
7.426919E+03	1.766702E-04	0.000000E+00
7.436822E+03	1.780125E-04	0.000000E+00
7.446724E+03	1.793637E-04	0.000000E+00
7.456627E+03	1.807232E-04	0.000000E+00
7.466529E+03	1.820902E-04	0.000000E+00
7.476432E+03	1.834598E-04	0.000000E+00
7.486334E+03	1.848353E-04	0.000000E+00
7.496237E+03	1.862067E-04	0.000000E+00
7.506140E+03	1.875825E-04	0.000000E+00
7.516042E+03	1.889568E-04	0.000000E+00
7.525945E+03	1.903239E-04	0.000000E+00
7.535847E+03	1.916872E-04	0.000000E+00
7.545750E+03	1.930409E-04	0.000000E+00
7.555652E+03	1.943886E-04	0.000000E+00
7.565555E+03	1.957290E-04	0.000000E+00
7.575457E+03	1.970559E-04	0.000000E+00
7.585360E+03	1.983729E-04	0.000000E+00
7.595263E+03	1.996735E-04	0.000000E+00
7.605165E+03	2.009616E-04	0.000000E+00
7.615068E+03	2.022357E-04	0.000000E+00
7.624970E+03	2.034891E-04	0.000000E+00
7.634873E+03	2.047258E-04	0.000000E+00
7.644775E+03	2.059442E-04	0.000000E+00
7.654678E+03	2.071428E-04	0.000000E+00
7.664581E+03	2.083203E-04	0.000000E+00
7.674483E+03	2.094750E-04	0.000000E+00
7.684386E+03	2.106055E-04	0.000000E+00
7.694288E+03	2.117160E-04	0.000000E+00
7.704191E+03	2.127993E-04	0.000000E+00
7.714093E+03	2.138600E-04	0.000000E+00
7.723996E+03	2.148903E-04	0.000000E+00
7.733898E+03	2.159008E-04	0.000000E+00
7.743801E+03	2.168846E-04	0.000000E+00
7.753704E+03	2.178459E-04	0.000000E+00
7.763606E+03	2.187777E-04	0.000000E+00
7.773509E+03	2.196910E-04	0.000000E+00
7.783411E+03	2.205849E-04	0.000000E+00
7.793314E+03	2.214584E-04	0.000000E+00
7.803216E+03	2.223169E-04	0.000000E+00
7.813119E+03	2.231598E-04	0.000000E+00
7.823021E+03	2.239927E-04	0.000000E+00
7.832924E+03	2.248218E-04	0.000000E+00
7.842827E+03	2.256535E-04	0.000000E+00
7.852729E+03	2.264807E-04	0.000000E+00
7.862632E+03	2.273234E-04	0.000000E+00
7.872534E+03	2.281818E-04	0.000000E+00
7.882437E+03	2.290563E-04	0.000000E+00
7.892339E+03	2.299541E-04	0.000000E+00
7.902242E+03	2.308756E-04	0.000000E+00
7.912144E+03	2.318147E-04	0.000000E+00
7.922047E+03	2.327649E-04	0.000000E+00
7.931950E+03	2.337131E-04	0.000000E+00
7.941852E+03	2.346732E-04	0.000000E+00
7.951755E+03	2.356182E-04	0.000000E+00
7.961657E+03	2.365624E-04	0.000000E+00
7.971560E+03	2.374849E-04	0.000000E+00
7.981462E+03	2.383936E-04	0.000000E+00
7.991365E+03	2.392816E-04	0.000000E+00
8.001268E+03	2.401495E-04	0.000000E+00
8.011170E+03	2.409911E-04	0.000000E+00
8.021073E+03	2.417995E-04	0.000000E+00
8.030975E+03	2.425830E-04	0.000000E+00
8.040878E+03	2.433350E-04	0.000000E+00
8.050780E+03	2.440568E-04	0.000000E+00
8.060683E+03	2.447490E-04	0.000000E+00
8.070585E+03	2.454056E-04	0.000000E+00
8.080488E+03	2.460280E-04	0.000000E+00
8.090391E+03	2.466175E-04	0.000000E+00
8.100293E+03	2.471753E-04	0.000000E+00
8.110196E+03	2.477033E-04	0.000000E+00
8.120098E+03	2.481953E-04	0.000000E+00
8.130001E+03	2.486607E-04	0.000000E+00
8.139903E+03	2.490939E-04	0.000000E+00
8.149806E+03	2.495042E-04	0.000000E+00
8.159708E+03	2.498786E-04	0.000000E+00
8.169611E+03	2.502340E-04	0.000000E+00
8.179514E+03	2.505576E-04	0.000000E+00
8.189416E+03	2.508593E-04	0.000000E+00
8.199319E+03	2.511409E-04	0.000000E+00
8.209221E+03	2.514048E-04	0.000000E+00
8.219124E+03	2.516458E-04	0.000000E+00
8.229026E+03	2.518736E-04	0.000000E+00
8.238929E+03	2.520908E-04	0.000000E+00
8.248831E+03	2.522921E-04	0.000000E+00
8.258734E+03	2.524796E-04	0.000000E+00
8.268637E+03	2.526636E-04	0.000000E+00
8.278539E+03	2.528309E-04	0.000000E+00
8.288442E+03	2.529990E-04	0.000000E+00
8.298344E+03	2.531703E-04	0.000000E+00
8.308247E+03	2.533317E-04	0.000000E+00
8.318149E+03	2.534929E-04	0.000000E+00
8.328052E+03	2.536559E-04	0.000000E+00
8.337955E+03	2.538308E-04	0.000000E+00
8.347857E+03	2.540040E-04	0.000000E+00
8.357760E+03	2.541849E-04	0.000000E+00
8.367662E+03	2.543756E-04	0.000000E+00
8.377565E+03	2.545699E-04	0.000000E+00
8.387467E+03	2.547849E-04	0.000000E+00
8.397370E+03	2.550068E-04	0.000000E+00
8.407272E+03	2.552446E-04	0.000000E+00
8.417175E+03	2.554919E-04	0.000000E+00
8.427078E+03	2.557579E-04	0.000000E+00
8.436980E+03	2.560356E-04	0.000000E+00
8.446883E+03	2.563337E-04	0.000000E+00
8.456785E+03	2.566534E-04	0.000000E+00
8.466688E+03	2.569876E-04	0.000000E+00
8.476590E+03	2.573365E-04	0.000000E+00
8.486493E+03	2.577009E-04	0.000000E+00
8.496395E+03	2.580889E-04	0.000000E+00
8.506298E+03	2.584926E-04	0.000000E+00
8.516201E+03	2.589204E-04	0.000000E+00
8.526103E+03	2.593560E-04	0.000000E+00
8.536006E+03	2.598152E-04	0.000000E+00
8.545908E+03	2.602895E-04	0.000000E+00
8.555811E+03	2.607785E-04	0.000000E+00
8.565713E+03	2.612815E-04	0.000000E+00
8.575616E+03	2.617979E-04	0.000000E+00
8.585518E+03	2.623265E-04	0.000000E+00
8.595421E+03	2.628666E-04	0.000000E+00
8.605324E+03	2.634168E-04	0.000000E+00
8.615226E+03	2.639762E-04	0.000000E+00
8.625129E+03	2.645432E-04	0.000000E+00
8.635031E+03	2.651166E-04	0.000000E+00
8.644934E+03	2.657034E-04	0.000000E+00
8.654836E+03	2.662852E-04	0.000000E+00
8.664739E+03	2.668688E-04	0.000000E+00
8.674642E+03	2.674615E-04	0.000000E+00
8.684544E+03	2.680530E-04	0.000000E+00
8.694447E+03	2.686417E-04	0.000000E+00
8.704349E+03	2.692351E-04	0.000000E+00
8.714252E+03	2.698317E-04	0.000000E+00
8.724154E+03	2.704300E-04	0.000000E+00
8.734057E+03	2.710380E-04	0.000000E+00
8.743959E+03	2.716453E-04	0.000000E+00
8.753862E+03	2.722690E-04	0.000000E+00
8.763765E+03	2.728990E-04	0.000000E+00
8.773667E+03	2.735440E-04	0.000000E+00
8.783570E+03	2.742028E-04	0.000000E+00
8.793472E+03	2.748559E-04	0.000000E+00
8.803375E+03	2.755215E-04	0.000000E+00
8.813277E+03	2.761793E-04	0.000000E+00
8.823180E+03	2.768384E-04	0.000000E+00
8.833082E+03	2.774782E-04	0.000000E+00
8.842985E+03	2.781173E-04	0.000000E+00
8.852888E+03	2.787348E-04	0.000000E+00
8.862790E+03	2.793398E-04	0.000000E+00
8.872693E+03	2.799312E-04	0.000000E+00
8.882595E+03	2.804978E-04	0.000000E+00
8.892498E+03	2.810485E-04	0.000000E+00
8.902400E+03	2.815825E-04	0.000000E+00
8.912303E+03	2.820985E-04	0.000000E+00
8.951913E+03	2.839647E-04	0.000000E+00
8.991523E+03	2.855542E-04	0.000000E+00
9.031134E+03	2.869052E-04	0.000000E+00
9.070744E+03	2.880610E-04	0.000000E+00
9.110354E+03	2.890956E-04	0.000000E+00
9.149964E+03	2.900521E-04	0.000000E+00
9.189575E+03	2.910247E-04	0.000000E+00
9.229185E+03	2.920375E-04	0.000000E+00
9.268795E+03	2.931678E-04	0.000000E+00
9.308405E+03	2.944480E-04	0.000000E+00
9.348016E+03	2.958870E-04	0.000000E+00
9.387626E+03	2.975148E-04	0.000000E+00
9.427236E+03	2.993059E-04	0.000000E+00
9.466846E+03	3.012411E-04	0.000000E+00
9.506456E+03	3.032757E-04	0.000000E+00
9.546067E+03	3.053738E-04	0.000000E+00
9.585677E+03	3.074730E-04	0.000000E+00
9.625287E+03	3.094606E-04	0.000000E+00
9.664897E+03	3.112745E-04	0.000000E+00
9.704508E+03	3.128299E-04	0.000000E+00
9.744118E+03	3.139983E-04	0.000000E+00
9.783728E+03	3.147247E-04	0.000000E+00
9.823338E+03	3.148760E-04	0.000000E+00
9.862949E+03	3.144583E-04	0.000000E+00
9.902559E+03	3.133818E-04	0.000000E+00
9.942169E+03	3.116561E-04	0.000000E+00
9.981779E+03	3.093174E-04	0.000000E+00
1.002139E+04	3.063686E-04	0.000000E+00
1.006100E+04	3.028810E-04	0.000000E+00
1.010061E+04	2.989071E-04	0.000000E+00
1.014022E+04	2.945038E-04	0.000000E+00
1.017983E+04	2.897555E-04	0.000000E+00
1.021944E+04	2.847148E-04	0.000000E+00
