#wls	flux	fluxerr
1.584409E+03	4.215961E-04	1.116557E-04
1.624020E+03	4.372765E-04	1.154426E-04
1.663630E+03	4.538886E-04	1.194391E-04
1.703240E+03	4.714545E-04	1.236476E-04
1.742850E+03	4.900345E-04	1.280799E-04
1.782461E+03	5.097275E-04	1.327577E-04
1.822071E+03	5.304566E-04	1.376564E-04
1.861681E+03	5.523517E-04	1.428052E-04
1.901291E+03	5.754089E-04	1.481979E-04
1.940902E+03	5.996160E-04	1.538263E-04
1.980512E+03	6.249103E-04	1.596687E-04
2.020122E+03	6.512624E-04	1.657124E-04
2.059732E+03	6.785499E-04	1.719208E-04
2.099342E+03	7.065550E-04	1.782337E-04
2.138953E+03	7.351813E-04	1.846220E-04
2.178563E+03	7.641548E-04	1.910127E-04
2.218173E+03	7.932384E-04	1.973432E-04
2.257783E+03	8.222763E-04	2.035718E-04
2.297394E+03	8.511912E-04	2.096772E-04
2.337004E+03	8.800237E-04	2.156670E-04
2.376614E+03	9.088456E-04	2.215564E-04
2.416224E+03	9.377153E-04	2.273569E-04
2.455835E+03	9.667971E-04	2.331053E-04
2.495445E+03	9.961161E-04	2.388038E-04
2.535055E+03	1.025758E-03	2.444691E-04
2.574665E+03	1.055669E-03	2.500844E-04
2.614276E+03	1.085820E-03	2.556383E-04
2.653886E+03	1.116083E-03	2.610973E-04
2.693496E+03	1.146320E-03	2.664255E-04
2.733106E+03	1.176376E-03	2.715845E-04
2.772716E+03	1.206049E-03	2.765258E-04
2.812327E+03	1.235130E-03	2.812008E-04
2.851937E+03	1.263470E-03	2.855754E-04
2.891547E+03	1.290842E-03	2.895999E-04
2.931157E+03	1.317177E-03	2.932610E-04
2.970768E+03	1.342294E-03	2.965215E-04
2.980670E+03	1.348406E-03	2.972796E-04
2.990573E+03	1.354414E-03	2.980067E-04
3.000475E+03	1.360312E-03	2.987019E-04
3.010378E+03	1.366156E-03	2.993774E-04
3.020280E+03	1.371911E-03	3.000255E-04
3.030183E+03	1.377572E-03	3.006452E-04
3.040086E+03	1.383162E-03	3.012418E-04
3.049988E+03	1.388648E-03	3.018078E-04
3.059891E+03	1.394023E-03	3.023423E-04
3.069793E+03	1.399341E-03	3.028568E-04
3.079696E+03	1.404538E-03	3.033376E-04
3.089598E+03	1.409637E-03	3.037899E-04
3.099501E+03	1.414606E-03	3.042066E-04
3.109403E+03	1.419524E-03	3.046050E-04
3.119306E+03	1.424299E-03	3.049657E-04
3.129209E+03	1.428956E-03	3.052939E-04
3.139111E+03	1.433517E-03	3.055944E-04
3.149014E+03	1.437975E-03	3.058660E-04
3.158916E+03	1.442272E-03	3.060965E-04
3.168819E+03	1.446483E-03	3.063018E-04
3.178721E+03	1.450549E-03	3.064698E-04
3.188624E+03	1.454491E-03	3.066050E-04
3.198526E+03	1.458279E-03	3.067012E-04
3.208429E+03	1.461933E-03	3.067630E-04
3.218332E+03	1.465448E-03	3.067894E-04
3.228234E+03	1.468820E-03	3.067796E-04
3.238137E+03	1.472019E-03	3.067276E-04
3.248039E+03	1.475065E-03	3.066379E-04
3.257942E+03	1.477953E-03	3.065098E-04
3.267844E+03	1.480655E-03	3.063376E-04
3.277747E+03	1.483191E-03	3.061256E-04
3.287650E+03	1.485533E-03	3.058686E-04
3.297552E+03	1.487702E-03	3.055707E-04
3.307455E+03	1.489670E-03	3.052267E-04
3.317357E+03	1.491434E-03	3.048364E-04
3.327260E+03	1.492991E-03	3.043993E-04
3.337162E+03	1.494338E-03	3.039152E-04
3.347065E+03	1.495472E-03	3.033839E-04
3.356967E+03	1.496370E-03	3.028008E-04
3.366870E+03	1.497050E-03	3.021704E-04
3.376773E+03	1.497469E-03	3.014838E-04
3.386675E+03	1.497668E-03	3.007499E-04
3.396578E+03	1.497603E-03	2.999603E-04
3.406480E+03	1.497273E-03	2.991153E-04
3.416383E+03	1.496680E-03	2.982154E-04
3.426285E+03	1.495802E-03	2.972570E-04
3.436188E+03	1.494660E-03	2.962446E-04
3.446090E+03	1.493235E-03	2.951749E-04
3.455993E+03	1.491510E-03	2.940448E-04
3.465896E+03	1.489485E-03	2.928552E-04
3.475798E+03	1.487144E-03	2.916033E-04
3.485701E+03	1.484509E-03	2.902939E-04
3.495603E+03	1.481528E-03	2.889172E-04
3.505506E+03	1.478222E-03	2.874783E-04
3.515408E+03	1.474580E-03	2.859751E-04
3.525311E+03	1.470604E-03	2.844091E-04
3.535213E+03	1.466267E-03	2.827752E-04
3.545116E+03	1.461557E-03	2.810720E-04
3.555019E+03	1.456498E-03	2.793047E-04
3.564921E+03	1.451048E-03	2.774659E-04
3.574824E+03	1.445231E-03	2.755610E-04
3.584726E+03	1.439041E-03	2.735891E-04
3.594629E+03	1.432453E-03	2.715466E-04
3.604531E+03	1.425464E-03	2.694333E-04
3.614434E+03	1.418083E-03	2.672519E-04
3.624337E+03	1.410293E-03	2.649996E-04
3.634239E+03	1.402120E-03	2.626823E-04
3.644142E+03	1.393532E-03	2.602946E-04
3.654044E+03	1.384543E-03	2.578398E-04
3.663947E+03	1.375152E-03	2.553187E-04
3.673849E+03	1.365375E-03	2.527345E-04
3.683752E+03	1.355196E-03	2.500857E-04
3.693654E+03	1.344633E-03	2.473758E-04
3.703557E+03	1.333687E-03	2.446058E-04
3.713460E+03	1.322375E-03	2.417796E-04
3.723362E+03	1.310698E-03	2.388982E-04
3.733265E+03	1.298674E-03	2.359654E-04
3.743167E+03	1.286306E-03	2.329826E-04
3.753070E+03	1.273599E-03	2.299510E-04
3.762972E+03	1.260594E-03	2.268790E-04
3.772875E+03	1.247270E-03	2.237634E-04
3.782777E+03	1.233658E-03	2.206102E-04
3.792680E+03	1.219786E-03	2.174249E-04
3.802583E+03	1.205645E-03	2.142068E-04
3.812485E+03	1.191253E-03	2.109593E-04
3.822388E+03	1.176638E-03	2.076880E-04
3.832290E+03	1.161815E-03	2.043960E-04
3.842193E+03	1.146800E-03	2.010863E-04
3.852095E+03	1.131597E-03	1.977603E-04
3.861998E+03	1.116231E-03	1.944229E-04
3.871900E+03	1.100719E-03	1.910769E-04
3.881803E+03	1.085073E-03	1.877252E-04
3.891706E+03	1.069308E-03	1.843704E-04
3.901608E+03	1.053438E-03	1.810153E-04
3.911511E+03	1.037485E-03	1.776640E-04
3.921413E+03	1.021463E-03	1.743189E-04
3.931316E+03	1.005374E-03	1.709807E-04
3.941218E+03	9.892490E-04	1.676548E-04
3.951121E+03	9.730908E-04	1.643418E-04
3.961024E+03	9.569190E-04	1.610450E-04
3.970926E+03	9.407447E-04	1.577665E-04
3.980829E+03	9.245700E-04	1.545067E-04
3.990731E+03	9.084216E-04	1.512700E-04
4.000634E+03	8.923010E-04	1.480568E-04
4.010536E+03	8.762255E-04	1.448698E-04
4.020439E+03	8.602040E-04	1.417106E-04
4.030341E+03	8.442450E-04	1.385805E-04
4.040244E+03	8.283568E-04	1.354807E-04
4.050147E+03	8.125544E-04	1.324137E-04
4.060049E+03	7.968385E-04	1.293794E-04
4.069952E+03	7.812159E-04	1.263788E-04
4.079854E+03	7.657078E-04	1.234152E-04
4.089757E+03	7.503067E-04	1.204873E-04
4.099659E+03	7.350259E-04	1.175970E-04
4.109562E+03	7.198711E-04	1.147450E-04
4.119464E+03	7.048483E-04	1.119321E-04
4.129367E+03	6.899625E-04	1.091589E-04
4.139270E+03	6.752194E-04	1.064260E-04
4.149172E+03	6.606239E-04	1.037340E-04
4.159075E+03	6.461808E-04	1.010833E-04
4.168977E+03	6.318954E-04	9.847446E-05
4.178880E+03	6.177720E-04	9.590792E-05
4.188782E+03	6.038097E-04	9.338325E-05
4.198685E+03	5.900129E-04	9.090079E-05
4.208587E+03	5.763909E-04	8.846170E-05
4.218490E+03	5.629472E-04	8.606619E-05
4.228393E+03	5.496751E-04	8.371291E-05
4.238295E+03	5.365830E-04	8.140286E-05
4.248198E+03	5.236741E-04	7.913615E-05
4.258100E+03	5.109509E-04	7.691287E-05
4.268003E+03	4.984161E-04	7.473306E-05
4.277905E+03	4.860674E-04	7.259606E-05
4.287808E+03	4.739156E-04	7.050311E-05
4.297711E+03	4.619539E-04	6.845287E-05
4.307613E+03	4.501921E-04	6.644644E-05
4.317516E+03	4.386310E-04	6.448359E-05
4.327418E+03	4.272752E-04	6.256461E-05
4.337321E+03	4.161253E-04	6.068921E-05
4.347223E+03	4.051846E-04	5.885751E-05
4.357126E+03	3.944529E-04	5.706908E-05
4.367028E+03	3.839368E-04	5.532444E-05
4.376931E+03	3.736350E-04	5.362300E-05
4.386834E+03	3.635462E-04	5.196416E-05
4.396736E+03	3.536757E-04	5.034826E-05
4.406639E+03	3.440216E-04	4.877461E-05
4.416541E+03	3.345850E-04	4.724299E-05
4.426444E+03	3.253695E-04	4.575347E-05
4.436346E+03	3.163693E-04	4.430484E-05
4.446249E+03	3.075873E-04	4.289710E-05
4.456151E+03	2.990233E-04	4.152985E-05
4.466054E+03	2.906737E-04	4.020215E-05
4.475957E+03	2.825376E-04	3.891353E-05
4.485859E+03	2.746139E-04	3.766344E-05
4.495762E+03	2.669012E-04	3.645130E-05
4.505664E+03	2.593980E-04	3.527655E-05
4.515567E+03	2.520998E-04	3.413818E-05
4.525469E+03	2.450024E-04	3.303529E-05
4.535372E+03	2.381083E-04	3.196785E-05
4.545274E+03	2.314109E-04	3.093462E-05
4.555177E+03	2.249054E-04	2.993461E-05
4.565080E+03	2.185918E-04	2.896749E-05
4.574982E+03	2.124674E-04	2.803257E-05
4.584885E+03	2.065233E-04	2.712836E-05
4.594787E+03	2.007631E-04	2.625501E-05
4.604690E+03	1.951761E-04	2.541082E-05
4.614592E+03	1.897634E-04	2.459561E-05
4.624495E+03	1.845204E-04	2.380851E-05
4.634398E+03	1.794425E-04	2.304862E-05
4.644300E+03	1.745251E-04	2.231508E-05
4.654203E+03	1.697638E-04	2.160704E-05
4.664105E+03	1.651575E-04	2.092412E-05
4.674008E+03	1.607001E-04	2.026526E-05
4.683910E+03	1.563874E-04	1.962969E-05
4.693813E+03	1.522169E-04	1.901685E-05
4.703715E+03	1.481812E-04	1.842557E-05
4.713618E+03	1.442810E-04	1.785571E-05
4.723521E+03	1.405079E-04	1.730601E-05
4.733423E+03	1.368611E-04	1.677614E-05
4.743326E+03	1.333368E-04	1.626544E-05
4.753228E+03	1.299287E-04	1.577293E-05
4.763131E+03	1.266347E-04	1.529815E-05
4.773033E+03	1.234528E-04	1.484067E-05
4.782936E+03	1.203770E-04	1.439959E-05
4.792838E+03	1.174056E-04	1.397451E-05
4.802741E+03	1.145353E-04	1.356488E-05
4.812644E+03	1.117621E-04	1.317005E-05
4.822546E+03	1.090830E-04	1.278950E-05
4.832449E+03	1.064965E-04	1.242289E-05
4.842351E+03	1.039987E-04	1.206962E-05
4.852254E+03	1.015879E-04	1.172934E-05
4.862156E+03	9.925962E-05	1.140139E-05
4.872059E+03	9.701241E-05	1.108545E-05
4.881961E+03	9.484390E-05	1.078113E-05
4.891864E+03	9.275080E-05	1.048792E-05
4.901767E+03	9.073187E-05	1.020555E-05
4.911669E+03	8.878403E-05	9.933541E-06
4.921572E+03	8.690614E-05	9.671656E-06
4.931474E+03	8.509524E-05	9.419448E-06
4.941377E+03	8.334945E-05	9.176593E-06
4.951279E+03	8.166607E-05	8.942687E-06
4.961182E+03	8.004498E-05	8.717609E-06
4.971085E+03	7.848278E-05	8.500887E-06
4.980987E+03	7.697786E-05	8.292248E-06
4.990890E+03	7.552939E-05	8.091507E-06
5.000792E+03	7.413506E-05	7.898321E-06
5.010695E+03	7.279341E-05	7.712445E-06
5.020597E+03	7.150298E-05	7.533638E-06
5.030500E+03	7.026244E-05	7.361673E-06
5.040402E+03	6.906974E-05	7.196255E-06
5.050305E+03	6.792366E-05	7.037177E-06
5.060208E+03	6.682369E-05	6.884309E-06
5.070110E+03	6.576730E-05	6.737317E-06
5.080013E+03	6.475477E-05	6.596157E-06
5.089915E+03	6.378303E-05	6.460446E-06
5.099818E+03	6.285242E-05	6.330155E-06
5.109720E+03	6.196135E-05	6.205054E-06
5.119623E+03	6.110889E-05	6.084990E-06
5.129525E+03	6.029419E-05	5.969818E-06
5.139428E+03	5.951582E-05	5.859334E-06
5.149331E+03	5.877300E-05	5.753409E-06
5.159233E+03	5.806442E-05	5.651858E-06
5.169136E+03	5.739056E-05	5.554677E-06
5.179038E+03	5.674901E-05	5.461581E-06
5.188941E+03	5.613974E-05	5.372519E-06
5.198843E+03	5.556220E-05	5.287390E-06
5.208746E+03	5.501582E-05	5.206096E-06
5.218648E+03	5.449899E-05	5.128441E-06
5.228551E+03	5.401178E-05	5.054389E-06
5.238454E+03	5.355323E-05	4.983813E-06
5.248356E+03	5.312293E-05	4.916634E-06
5.258259E+03	5.271998E-05	4.852734E-06
5.268161E+03	5.234457E-05	4.792096E-06
5.278064E+03	5.199533E-05	4.734560E-06
5.287966E+03	5.167198E-05	4.680071E-06
5.297869E+03	5.137375E-05	4.628529E-06
5.307772E+03	5.110096E-05	4.579936E-06
5.317674E+03	5.085185E-05	4.534106E-06
5.327577E+03	5.062678E-05	4.491048E-06
5.337479E+03	5.042510E-05	4.450680E-06
5.347382E+03	5.024615E-05	4.412926E-06
5.357284E+03	5.008837E-05	4.377628E-06
5.367187E+03	4.995116E-05	4.344717E-06
5.377089E+03	4.983399E-05	4.314133E-06
5.386992E+03	4.973431E-05	4.285643E-06
5.396895E+03	4.965163E-05	4.259196E-06
5.406797E+03	4.958394E-05	4.234613E-06
5.416700E+03	4.953023E-05	4.211805E-06
5.426602E+03	4.949198E-05	4.190892E-06
5.436505E+03	4.946861E-05	4.171823E-06
5.446407E+03	4.946152E-05	4.154715E-06
5.456310E+03	4.947104E-05	4.139589E-06
5.466212E+03	4.949892E-05	4.126586E-06
5.476115E+03	4.954442E-05	4.115619E-06
5.486018E+03	4.960825E-05	4.106727E-06
5.495920E+03	4.969018E-05	4.099867E-06
5.505823E+03	4.979148E-05	4.095125E-06
5.515725E+03	4.991142E-05	4.092419E-06
5.525628E+03	5.005031E-05	4.091756E-06
5.535530E+03	5.020790E-05	4.093098E-06
5.545433E+03	5.038504E-05	4.096496E-06
5.555335E+03	5.058104E-05	4.101878E-06
5.565238E+03	5.079622E-05	4.109256E-06
5.575141E+03	5.103093E-05	4.118642E-06
5.585043E+03	5.128505E-05	4.130014E-06
5.594946E+03	5.155895E-05	4.143388E-06
5.604848E+03	5.185194E-05	4.158699E-06
5.614751E+03	5.216442E-05	4.175967E-06
5.624653E+03	5.249682E-05	4.195217E-06
5.634556E+03	5.284904E-05	4.216432E-06
5.644459E+03	5.322096E-05	4.239595E-06
5.654361E+03	5.361246E-05	4.264690E-06
5.664264E+03	5.402460E-05	4.291794E-06
5.674166E+03	5.445613E-05	4.320805E-06
5.684069E+03	5.490812E-05	4.351800E-06
5.693971E+03	5.538049E-05	4.384773E-06
5.703874E+03	5.587257E-05	4.419668E-06
5.713776E+03	5.638487E-05	4.456522E-06
5.723679E+03	5.691791E-05	4.495378E-06
5.733582E+03	5.747102E-05	4.536183E-06
5.743484E+03	5.804410E-05	4.578929E-06
5.753387E+03	5.863833E-05	4.623713E-06
5.763289E+03	5.925236E-05	4.670433E-06
5.773192E+03	5.988675E-05	4.719135E-06
5.783094E+03	6.054137E-05	4.769816E-06
5.792997E+03	6.121615E-05	4.822476E-06
5.802899E+03	6.191165E-05	4.877166E-06
5.812802E+03	6.262638E-05	4.933778E-06
5.822705E+03	6.336158E-05	4.992419E-06
5.832607E+03	6.411640E-05	5.053032E-06
5.842510E+03	6.489068E-05	5.115616E-06
5.852412E+03	6.568425E-05	5.180170E-06
5.862315E+03	6.649689E-05	5.246689E-06
5.872217E+03	6.732916E-05	5.315234E-06
5.882120E+03	6.817931E-05	5.385680E-06
5.892022E+03	6.904702E-05	5.458020E-06
5.901925E+03	6.993280E-05	5.532311E-06
5.911828E+03	7.083633E-05	5.608548E-06
5.921730E+03	7.175565E-05	5.686594E-06
5.931633E+03	7.269200E-05	5.766568E-06
5.941535E+03	7.364243E-05	5.848259E-06
5.951438E+03	7.460904E-05	5.931855E-06
5.961340E+03	7.558874E-05	6.017135E-06
5.971243E+03	7.658092E-05	6.104076E-06
5.981146E+03	7.758592E-05	6.192729E-06
5.991048E+03	7.860215E-05	6.282994E-06
6.000951E+03	7.962897E-05	6.374847E-06
6.010853E+03	8.066370E-05	6.468100E-06
6.020756E+03	8.170747E-05	6.562875E-06
6.030658E+03	8.275649E-05	6.658895E-06
6.040561E+03	8.381181E-05	6.756273E-06
6.050463E+03	8.487149E-05	6.854884E-06
6.060366E+03	8.593349E-05	6.954594E-06
6.070269E+03	8.699670E-05	7.055344E-06
6.080171E+03	8.806112E-05	7.157162E-06
6.090074E+03	8.912452E-05	7.259902E-06
6.099976E+03	9.018569E-05	7.363495E-06
6.109879E+03	9.124570E-05	7.468060E-06
6.119781E+03	9.230108E-05	7.573345E-06
6.129684E+03	9.335172E-05	7.679372E-06
6.139586E+03	9.439753E-05	7.786166E-06
6.149489E+03	9.543851E-05	7.893759E-06
6.159392E+03	9.647221E-05	8.001980E-06
6.169294E+03	9.749736E-05	8.110756E-06
6.179197E+03	9.851391E-05	8.220113E-06
6.189099E+03	9.951929E-05	8.329867E-06
6.199002E+03	1.005135E-04	8.440045E-06
6.208904E+03	1.014952E-04	8.550572E-06
6.218807E+03	1.024647E-04	8.661489E-06
6.228709E+03	1.034208E-04	8.772732E-06
6.238612E+03	1.043627E-04	8.884244E-06
6.248515E+03	1.052908E-04	8.996060E-06
6.258417E+03	1.062061E-04	9.108226E-06
6.268320E+03	1.071062E-04	9.220531E-06
6.278222E+03	1.079920E-04	9.333021E-06
6.288125E+03	1.088642E-04	9.445744E-06
6.298027E+03	1.097209E-04	9.558493E-06
6.307930E+03	1.105644E-04	9.671454E-06
6.317833E+03	1.113944E-04	9.784556E-06
6.327735E+03	1.122102E-04	9.897731E-06
6.337638E+03	1.130115E-04	1.001091E-05
6.347540E+03	1.138011E-04	1.012430E-05
6.357443E+03	1.145771E-04	1.023771E-05
6.367345E+03	1.153424E-04	1.035137E-05
6.377248E+03	1.160969E-04	1.046524E-05
6.387150E+03	1.168405E-04	1.057927E-05
6.397053E+03	1.175747E-04	1.069358E-05
6.406956E+03	1.182994E-04	1.080811E-05
6.416858E+03	1.190164E-04	1.092301E-05
6.426761E+03	1.197221E-04	1.103791E-05
6.436663E+03	1.204200E-04	1.115310E-05
6.446566E+03	1.211104E-04	1.126857E-05
6.456468E+03	1.217912E-04	1.138411E-05
6.466371E+03	1.224645E-04	1.149986E-05
6.476273E+03	1.231304E-04	1.161582E-05
6.486176E+03	1.237890E-04	1.173196E-05
6.496079E+03	1.244404E-04	1.184826E-05
6.505981E+03	1.250869E-04	1.196491E-05
6.515884E+03	1.257267E-04	1.208169E-05
6.525786E+03	1.263598E-04	1.219859E-05
6.535689E+03	1.269887E-04	1.231582E-05
6.545591E+03	1.276136E-04	1.243336E-05
6.555494E+03	1.282327E-04	1.255102E-05
6.565396E+03	1.288484E-04	1.266899E-05
6.575299E+03	1.294589E-04	1.278707E-05
6.585202E+03	1.300687E-04	1.290570E-05
6.595104E+03	1.306740E-04	1.302445E-05
6.605007E+03	1.312749E-04	1.314332E-05
6.614909E+03	1.318742E-04	1.326255E-05
6.624812E+03	1.324720E-04	1.338216E-05
6.634714E+03	1.330667E-04	1.350191E-05
6.644617E+03	1.336585E-04	1.362184E-05
6.654520E+03	1.342500E-04	1.374218E-05
6.664422E+03	1.348395E-04	1.386272E-05
6.674325E+03	1.354296E-04	1.398372E-05
6.684227E+03	1.360160E-04	1.410471E-05
6.694130E+03	1.366039E-04	1.422620E-05
6.704032E+03	1.371888E-04	1.434771E-05
6.713935E+03	1.377760E-04	1.446978E-05
6.723837E+03	1.383611E-04	1.459191E-05
6.733740E+03	1.389468E-04	1.471439E-05
6.743643E+03	1.395337E-04	1.483724E-05
6.753545E+03	1.401197E-04	1.496023E-05
6.763448E+03	1.407077E-04	1.508365E-05
6.773350E+03	1.412956E-04	1.520724E-05
6.783253E+03	1.418863E-04	1.533134E-05
6.793155E+03	1.424751E-04	1.545538E-05
6.803058E+03	1.430677E-04	1.557999E-05
6.812960E+03	1.436619E-04	1.570489E-05
6.822863E+03	1.442582E-04	1.583013E-05
6.832766E+03	1.448541E-04	1.595543E-05
6.842668E+03	1.454556E-04	1.608144E-05
6.852571E+03	1.460549E-04	1.620726E-05
6.862473E+03	1.466608E-04	1.633386E-05
6.872376E+03	1.472681E-04	1.646066E-05
6.882278E+03	1.478772E-04	1.658768E-05
6.892181E+03	1.484914E-04	1.671529E-05
6.902083E+03	1.491082E-04	1.684319E-05
6.911986E+03	1.497283E-04	1.697143E-05
6.921889E+03	1.503519E-04	1.710004E-05
6.931791E+03	1.509794E-04	1.722906E-05
6.941694E+03	1.516115E-04	1.735854E-05
6.951596E+03	1.522454E-04	1.748816E-05
6.961499E+03	1.528876E-04	1.761865E-05
6.971401E+03	1.535296E-04	1.774903E-05
6.981304E+03	1.541808E-04	1.788037E-05
6.991207E+03	1.548326E-04	1.801166E-05
7.001109E+03	1.554915E-04	1.814364E-05
7.011012E+03	1.561548E-04	1.827602E-05
7.020914E+03	1.568231E-04	1.840882E-05
7.030817E+03	1.574998E-04	1.854245E-05
7.040719E+03	1.581791E-04	1.867623E-05
7.050622E+03	1.588647E-04	1.881057E-05
7.060524E+03	1.595536E-04	1.894512E-05
7.070427E+03	1.602496E-04	1.908031E-05
7.080330E+03	1.609531E-04	1.921619E-05
7.090232E+03	1.616614E-04	1.935242E-05
7.100135E+03	1.623780E-04	1.948943E-05
7.110037E+03	1.630968E-04	1.962647E-05
7.119940E+03	1.638249E-04	1.976439E-05
7.129842E+03	1.645593E-04	1.990284E-05
7.139745E+03	1.652972E-04	2.004143E-05
7.149647E+03	1.660423E-04	2.018064E-05
7.159550E+03	1.667950E-04	2.032049E-05
7.169453E+03	1.675523E-04	2.046063E-05
7.179355E+03	1.683146E-04	2.060109E-05
7.189258E+03	1.690823E-04	2.074191E-05
7.199160E+03	1.698557E-04	2.088312E-05
7.209063E+03	1.706353E-04	2.102478E-05
7.218965E+03	1.714143E-04	2.116605E-05
7.228868E+03	1.722001E-04	2.130784E-05
7.238770E+03	1.729896E-04	2.144974E-05
7.248673E+03	1.737795E-04	2.159134E-05
7.258576E+03	1.745736E-04	2.173312E-05
7.268478E+03	1.753651E-04	2.187419E-05
7.278381E+03	1.761540E-04	2.201459E-05
7.288283E+03	1.769407E-04	2.215431E-05
7.298186E+03	1.777216E-04	2.229292E-05
7.308088E+03	1.785005E-04	2.243088E-05
7.317991E+03	1.792664E-04	2.256679E-05
7.327894E+03	1.800268E-04	2.270159E-05
7.337796E+03	1.807743E-04	2.283432E-05
7.347699E+03	1.815127E-04	2.296545E-05
7.357601E+03	1.822381E-04	2.309449E-05
7.367504E+03	1.829505E-04	2.322142E-05
7.377406E+03	1.836538E-04	2.334671E-05
7.387309E+03	1.843441E-04	2.346988E-05
7.397211E+03	1.850333E-04	2.359241E-05
7.407114E+03	1.857138E-04	2.371332E-05
7.417017E+03	1.863932E-04	2.383361E-05
7.426919E+03	1.870680E-04	2.395279E-05
7.436822E+03	1.877504E-04	2.407245E-05
7.446724E+03	1.884365E-04	2.419209E-05
7.456627E+03	1.891268E-04	2.431174E-05
7.466529E+03	1.898256E-04	2.443199E-05
7.476432E+03	1.905332E-04	2.455286E-05
7.486334E+03	1.912585E-04	2.467552E-05
7.496237E+03	1.919933E-04	2.479890E-05
7.506140E+03	1.927423E-04	2.492362E-05
7.516042E+03	1.935100E-04	2.505027E-05
7.525945E+03	1.942928E-04	2.517837E-05
7.535847E+03	1.950949E-04	2.530845E-05
7.545750E+03	1.959122E-04	2.543999E-05
7.555652E+03	1.967537E-04	2.557416E-05
7.565555E+03	1.976107E-04	2.570980E-05
7.575457E+03	1.984928E-04	2.584816E-05
7.585360E+03	1.993905E-04	2.598803E-05
7.595263E+03	2.003137E-04	2.613065E-05
7.605165E+03	2.012532E-04	2.627484E-05
7.615068E+03	2.022184E-04	2.642182E-05
7.624970E+03	2.032050E-04	2.657103E-05
7.634873E+03	2.042134E-04	2.672250E-05
7.644775E+03	2.052438E-04	2.687626E-05
7.654678E+03	2.062963E-04	2.703232E-05
7.664581E+03	2.073714E-04	2.719073E-05
7.674483E+03	2.084641E-04	2.735084E-05
7.684386E+03	2.095845E-04	2.751396E-05
7.694288E+03	2.107231E-04	2.767885E-05
7.704191E+03	2.118802E-04	2.784553E-05
7.714093E+03	2.130606E-04	2.801463E-05
7.723996E+03	2.142597E-04	2.818554E-05
7.733898E+03	2.154778E-04	2.835827E-05
7.743801E+03	2.167097E-04	2.853216E-05
7.753704E+03	2.179604E-04	2.870785E-05
7.763606E+03	2.192252E-04	2.888471E-05
7.773509E+03	2.204985E-04	2.906201E-05
7.783411E+03	2.217858E-04	2.924045E-05
7.793314E+03	2.230761E-04	2.941858E-05
7.803216E+03	2.243749E-04	2.959710E-05
7.813119E+03	2.256762E-04	2.977524E-05
7.823021E+03	2.269745E-04	2.995226E-05
7.832924E+03	2.282692E-04	3.012807E-05
7.842827E+03	2.295491E-04	3.030118E-05
7.852729E+03	2.308130E-04	3.047144E-05
7.862632E+03	2.320659E-04	3.063950E-05
7.872534E+03	2.332903E-04	3.080306E-05
7.882437E+03	2.344964E-04	3.096344E-05
7.892339E+03	2.356719E-04	3.111902E-05
7.902242E+03	2.368273E-04	3.127120E-05
7.912144E+03	2.379617E-04	3.141985E-05
7.922047E+03	2.390742E-04	3.156487E-05
7.931950E+03	2.401698E-04	3.170692E-05
7.941852E+03	2.412598E-04	3.184748E-05
7.951755E+03	2.423376E-04	3.198570E-05
7.961657E+03	2.434090E-04	3.212234E-05
7.971560E+03	2.444791E-04	3.225810E-05
7.981462E+03	2.455541E-04	3.239381E-05
7.991365E+03	2.466336E-04	3.252939E-05
8.001268E+03	2.477177E-04	3.266489E-05
8.011170E+03	2.488122E-04	3.280109E-05
8.021073E+03	2.499107E-04	3.293714E-05
8.030975E+03	2.510259E-04	3.307473E-05
8.040878E+03	2.521580E-04	3.321390E-05
8.050780E+03	2.533003E-04	3.335379E-05
8.060683E+03	2.544595E-04	3.349529E-05
8.070585E+03	2.556358E-04	3.363844E-05
8.080488E+03	2.568290E-04	3.378323E-05
8.090391E+03	2.580393E-04	3.392971E-05
8.100293E+03	2.592670E-04	3.407792E-05
8.110196E+03	2.605119E-04	3.422786E-05
8.120098E+03	2.617811E-04	3.438049E-05
8.130001E+03	2.630609E-04	3.453403E-05
8.139903E+03	2.643654E-04	3.469034E-05
8.149806E+03	2.656877E-04	3.484855E-05
8.159708E+03	2.670351E-04	3.500963E-05
8.169611E+03	2.683931E-04	3.517172E-05
8.179514E+03	2.697693E-04	3.533583E-05
8.189416E+03	2.711710E-04	3.550295E-05
8.199319E+03	2.725834E-04	3.567118E-05
8.209221E+03	2.740219E-04	3.584255E-05
8.219124E+03	2.754712E-04	3.601509E-05
8.229026E+03	2.769388E-04	3.618984E-05
8.238929E+03	2.784252E-04	3.636687E-05
8.248831E+03	2.799222E-04	3.654517E-05
8.258734E+03	2.814379E-04	3.672583E-05
8.268637E+03	2.829643E-04	3.690785E-05
8.278539E+03	2.845094E-04	3.709231E-05
8.288442E+03	2.860732E-04	3.727925E-05
8.298344E+03	2.876394E-04	3.746661E-05
8.308247E+03	2.892244E-04	3.765657E-05
8.318149E+03	2.908196E-04	3.784806E-05
8.328052E+03	2.924250E-04	3.804113E-05
8.337955E+03	2.940406E-04	3.823583E-05
8.347857E+03	2.956662E-04	3.843220E-05
8.357760E+03	2.973016E-04	3.863027E-05
8.367662E+03	2.989379E-04	3.882895E-05
8.377565E+03	3.005836E-04	3.902941E-05
8.387467E+03	3.022297E-04	3.923052E-05
8.397370E+03	3.038849E-04	3.943351E-05
8.407272E+03	3.055487E-04	3.963838E-05
8.417175E+03	3.072030E-04	3.984285E-05
8.427078E+03	3.088655E-04	4.004928E-05
8.436980E+03	3.105174E-04	4.025533E-05
8.446883E+03	3.121770E-04	4.046343E-05
8.456785E+03	3.138249E-04	4.067116E-05
8.466688E+03	3.154703E-04	4.087978E-05
8.476590E+03	3.171128E-04	4.108933E-05
8.486493E+03	3.187420E-04	4.129855E-05
8.496395E+03	3.203673E-04	4.150874E-05
8.506298E+03	3.219684E-04	4.171737E-05
8.516201E+03	3.235642E-04	4.192697E-05
8.526103E+03	3.251447E-04	4.213633E-05
8.536006E+03	3.267087E-04	4.234540E-05
8.545908E+03	3.282454E-04	4.255288E-05
8.555811E+03	3.297748E-04	4.276143E-05
8.565713E+03	3.312649E-04	4.296703E-05
8.575616E+03	3.327359E-04	4.317236E-05
8.585518E+03	3.341761E-04	4.337602E-05
8.595421E+03	3.355743E-04	4.357665E-05
8.605324E+03	3.369505E-04	4.377694E-05
8.615226E+03	3.382827E-04	4.397410E-05
8.625129E+03	3.395800E-04	4.416946E-05
8.635031E+03	3.408311E-04	4.436159E-05
8.644934E+03	3.420345E-04	4.455042E-05
8.654836E+03	3.431891E-04	4.473587E-05
8.664739E+03	3.442934E-04	4.491784E-05
8.674642E+03	3.453353E-04	4.509484E-05
8.684544E+03	3.463245E-04	4.526820E-05
8.694447E+03	3.472485E-04	4.543637E-05
8.704349E+03	3.481170E-04	4.560069E-05
8.714252E+03	3.489060E-04	4.575807E-05
8.724154E+03	3.496252E-04	4.590987E-05
8.734057E+03	3.502730E-04	4.605590E-05
8.743959E+03	3.508484E-04	4.619610E-05
8.753862E+03	3.513376E-04	4.632869E-05
8.763765E+03	3.517631E-04	4.645666E-05
8.773667E+03	3.521115E-04	4.657831E-05
8.783570E+03	3.523813E-04	4.669345E-05
8.793472E+03	3.525714E-04	4.680194E-05
8.803375E+03	3.526924E-04	4.690521E-05
8.813277E+03	3.527312E-04	4.700141E-05
8.823180E+03	3.527108E-04	4.709353E-05
8.833082E+03	3.526059E-04	4.717805E-05
8.842985E+03	3.524526E-04	4.725970E-05
8.852888E+03	3.522250E-04	4.733488E-05
8.862790E+03	3.519351E-04	4.740509E-05
8.872693E+03	3.515821E-04	4.747008E-05
8.882595E+03	3.511777E-04	4.753133E-05
8.892498E+03	3.507221E-04	4.758872E-05
8.902400E+03	3.502142E-04	4.764200E-05
8.912303E+03	3.496407E-04	4.768920E-05
8.951913E+03	3.469325E-04	4.784769E-05
8.991523E+03	3.435472E-04	4.794957E-05
9.031134E+03	3.396303E-04	4.800685E-05
9.070744E+03	3.352582E-04	4.802247E-05
9.110354E+03	3.305011E-04	4.799894E-05
9.149964E+03	3.254218E-04	4.793831E-05
9.189575E+03	3.201196E-04	4.784878E-05
9.229185E+03	3.146225E-04	4.772880E-05
9.268795E+03	3.089765E-04	4.758011E-05
9.308405E+03	3.032287E-04	4.740539E-05
9.348016E+03	2.974289E-04	4.720846E-05
9.387626E+03	2.915940E-04	4.698869E-05
9.427236E+03	2.857572E-04	4.674857E-05
9.466846E+03	2.799689E-04	4.649409E-05
9.506456E+03	2.742099E-04	4.622033E-05
9.546067E+03	2.685109E-04	4.593094E-05
9.585677E+03	2.629020E-04	4.563007E-05
9.625287E+03	2.573767E-04	4.531593E-05
9.664897E+03	2.519620E-04	4.499288E-05
9.704508E+03	2.466473E-04	4.465893E-05
9.744118E+03	2.414572E-04	4.431860E-05
9.783728E+03	2.363964E-04	4.397307E-05
9.823338E+03	2.314681E-04	4.362347E-05
9.862949E+03	2.266541E-04	4.326697E-05
9.902559E+03	2.219540E-04	4.290406E-05
9.942169E+03	2.174048E-04	4.254270E-05
9.981779E+03	2.129843E-04	4.217948E-05
1.002139E+04	2.086881E-04	4.181442E-05
1.006100E+04	2.045105E-04	4.144731E-05
1.010061E+04	2.004645E-04	4.108176E-05
1.014022E+04	1.965424E-04	4.071719E-05
1.017983E+04	1.927354E-04	4.035278E-05
1.021944E+04	1.890536E-04	3.999168E-05
