#wls	flux	fluxerr
1.584409E+03	4.326393E-03	5.705988E-04
1.624020E+03	4.427806E-03	5.827532E-04
1.663630E+03	4.527582E-03	5.946116E-04
1.703240E+03	4.626716E-03	6.063034E-04
1.742850E+03	4.723937E-03	6.176614E-04
1.782461E+03	4.818750E-03	6.286203E-04
1.822071E+03	4.910954E-03	6.391546E-04
1.861681E+03	4.999436E-03	6.491200E-04
1.901291E+03	5.083397E-03	6.584147E-04
1.940902E+03	5.161967E-03	6.669288E-04
1.980512E+03	5.233458E-03	6.744482E-04
2.020122E+03	5.297296E-03	6.809047E-04
2.059732E+03	5.351096E-03	6.859988E-04
2.099342E+03	5.392652E-03	6.894573E-04
2.138953E+03	5.420315E-03	6.910820E-04
2.178563E+03	5.431711E-03	6.905849E-04
2.218173E+03	5.423987E-03	6.876216E-04
2.257783E+03	5.397153E-03	6.822144E-04
2.297394E+03	5.350864E-03	6.743415E-04
2.337004E+03	5.287120E-03	6.642770E-04
2.376614E+03	5.208007E-03	6.523035E-04
2.416224E+03	5.115415E-03	6.386766E-04
2.455835E+03	5.011244E-03	6.236506E-04
2.495445E+03	4.896355E-03	6.073485E-04
2.535055E+03	4.772342E-03	5.899825E-04
2.574665E+03	4.639735E-03	5.716320E-04
2.614276E+03	4.499283E-03	5.524026E-04
2.653886E+03	4.351493E-03	5.323691E-04
2.693496E+03	4.197129E-03	5.116372E-04
2.733106E+03	4.036810E-03	4.902939E-04
2.772716E+03	3.871220E-03	4.684333E-04
2.812327E+03	3.701466E-03	4.461991E-04
2.851937E+03	3.528690E-03	4.237375E-04
2.891547E+03	3.354451E-03	4.012426E-04
2.931157E+03	3.180524E-03	3.789313E-04
2.970768E+03	3.008842E-03	3.570356E-04
2.980670E+03	2.966489E-03	3.516524E-04
2.990573E+03	2.924438E-03	3.463143E-04
3.000475E+03	2.882710E-03	3.410236E-04
3.010378E+03	2.841388E-03	3.357902E-04
3.020280E+03	2.800430E-03	3.306089E-04
3.030183E+03	2.759859E-03	3.254823E-04
3.040086E+03	2.719813E-03	3.204269E-04
3.049988E+03	2.680199E-03	3.154313E-04
3.059891E+03	2.641152E-03	3.105112E-04
3.069793E+03	2.602636E-03	3.056626E-04
3.079696E+03	2.564677E-03	3.008879E-04
3.089598E+03	2.527399E-03	2.962018E-04
3.099501E+03	2.490723E-03	2.915947E-04
3.109403E+03	2.454723E-03	2.870750E-04
3.119306E+03	2.419421E-03	2.826453E-04
3.129209E+03	2.384887E-03	2.783133E-04
3.139111E+03	2.351098E-03	2.740763E-04
3.149014E+03	2.318122E-03	2.699417E-04
3.158916E+03	2.285981E-03	2.659120E-04
3.168819E+03	2.254657E-03	2.619848E-04
3.178721E+03	2.224215E-03	2.581673E-04
3.188624E+03	2.194716E-03	2.544663E-04
3.198526E+03	2.166105E-03	2.508752E-04
3.208429E+03	2.138481E-03	2.474050E-04
3.218332E+03	2.111793E-03	2.440494E-04
3.228234E+03	2.086168E-03	2.408230E-04
3.238137E+03	2.061524E-03	2.377156E-04
3.248039E+03	2.037915E-03	2.347335E-04
3.257942E+03	2.015395E-03	2.318822E-04
3.267844E+03	1.993951E-03	2.291600E-04
3.277747E+03	1.973632E-03	2.265721E-04
3.287650E+03	1.954397E-03	2.241133E-04
3.297552E+03	1.936295E-03	2.217888E-04
3.307455E+03	1.919343E-03	2.196003E-04
3.317357E+03	1.903559E-03	2.175494E-04
3.327260E+03	1.888960E-03	2.156374E-04
3.337162E+03	1.875536E-03	2.138630E-04
3.347065E+03	1.863303E-03	2.122274E-04
3.356967E+03	1.852280E-03	2.107324E-04
3.366870E+03	1.842484E-03	2.093793E-04
3.376773E+03	1.833904E-03	2.081667E-04
3.386675E+03	1.826560E-03	2.070962E-04
3.396578E+03	1.820468E-03	2.061692E-04
3.406480E+03	1.815623E-03	2.053846E-04
3.416383E+03	1.812041E-03	2.047439E-04
3.426285E+03	1.809741E-03	2.042485E-04
3.436188E+03	1.808695E-03	2.038950E-04
3.446090E+03	1.808944E-03	2.036876E-04
3.455993E+03	1.810487E-03	2.036253E-04
3.465896E+03	1.813318E-03	2.037073E-04
3.475798E+03	1.817458E-03	2.039354E-04
3.485701E+03	1.822884E-03	2.043063E-04
3.495603E+03	1.829615E-03	2.048220E-04
3.505506E+03	1.837651E-03	2.054817E-04
3.515408E+03	1.846990E-03	2.062848E-04
3.525311E+03	1.857632E-03	2.072308E-04
3.535213E+03	1.869574E-03	2.083189E-04
3.545116E+03	1.882796E-03	2.095464E-04
3.555019E+03	1.897316E-03	2.109146E-04
3.564921E+03	1.913109E-03	2.124205E-04
3.574824E+03	1.930193E-03	2.140655E-04
3.584726E+03	1.948521E-03	2.158439E-04
3.594629E+03	1.968128E-03	2.177591E-04
3.604531E+03	1.988943E-03	2.198029E-04
3.614434E+03	2.010977E-03	2.219758E-04
3.624337E+03	2.034195E-03	2.242737E-04
3.634239E+03	2.058601E-03	2.266967E-04
3.644142E+03	2.084137E-03	2.292377E-04
3.654044E+03	2.110800E-03	2.318961E-04
3.663947E+03	2.138544E-03	2.346664E-04
3.673849E+03	2.167360E-03	2.375473E-04
3.683752E+03	2.197194E-03	2.405325E-04
3.693654E+03	2.228050E-03	2.436220E-04
3.703557E+03	2.259843E-03	2.468063E-04
3.713460E+03	2.292571E-03	2.500846E-04
3.723362E+03	2.326181E-03	2.534511E-04
3.733265E+03	2.360641E-03	2.569017E-04
3.743167E+03	2.395889E-03	2.604297E-04
3.753070E+03	2.431906E-03	2.640326E-04
3.762972E+03	2.468599E-03	2.677001E-04
3.772875E+03	2.505940E-03	2.714289E-04
3.782777E+03	2.543871E-03	2.752127E-04
3.792680E+03	2.582334E-03	2.790449E-04
3.802583E+03	2.621264E-03	2.829185E-04
3.812485E+03	2.660571E-03	2.868234E-04
3.822388E+03	2.700229E-03	2.907571E-04
3.832290E+03	2.740166E-03	2.947114E-04
3.842193E+03	2.780278E-03	2.986755E-04
3.852095E+03	2.820510E-03	3.026432E-04
3.861998E+03	2.860780E-03	3.066058E-04
3.871900E+03	2.901027E-03	3.105569E-04
3.881803E+03	2.941140E-03	3.144847E-04
3.891706E+03	2.981080E-03	3.183852E-04
3.901608E+03	3.020736E-03	3.222466E-04
3.911511E+03	3.060067E-03	3.260649E-04
3.921413E+03	3.098960E-03	3.298281E-04
3.931316E+03	3.137325E-03	3.335270E-04
3.941218E+03	3.175127E-03	3.371581E-04
3.951121E+03	3.212251E-03	3.407095E-04
3.961024E+03	3.248639E-03	3.441754E-04
3.970926E+03	3.284205E-03	3.475472E-04
3.980829E+03	3.318896E-03	3.508195E-04
3.990731E+03	3.352633E-03	3.539845E-04
4.000634E+03	3.385339E-03	3.570345E-04
4.010536E+03	3.416968E-03	3.599651E-04
4.020439E+03	3.447480E-03	3.627727E-04
4.030341E+03	3.476754E-03	3.654448E-04
4.040244E+03	3.504812E-03	3.679845E-04
4.050147E+03	3.531541E-03	3.703804E-04
4.060049E+03	3.556948E-03	3.726336E-04
4.069952E+03	3.580953E-03	3.747367E-04
4.079854E+03	3.603546E-03	3.766889E-04
4.089757E+03	3.624688E-03	3.784869E-04
4.099659E+03	3.644348E-03	3.801280E-04
4.109562E+03	3.662498E-03	3.816098E-04
4.119464E+03	3.679116E-03	3.829307E-04
4.129367E+03	3.694216E-03	3.840928E-04
4.139270E+03	3.707785E-03	3.850952E-04
4.149172E+03	3.719785E-03	3.859348E-04
4.159075E+03	3.730214E-03	3.866117E-04
4.168977E+03	3.739070E-03	3.871265E-04
4.178880E+03	3.746388E-03	3.874834E-04
4.188782E+03	3.752144E-03	3.876804E-04
4.198685E+03	3.756346E-03	3.877189E-04
4.208587E+03	3.758972E-03	3.875972E-04
4.218490E+03	3.760062E-03	3.873200E-04
4.228393E+03	3.759591E-03	3.868854E-04
4.238295E+03	3.757568E-03	3.862946E-04
4.248198E+03	3.753991E-03	3.855483E-04
4.258100E+03	3.748797E-03	3.846402E-04
4.268003E+03	3.742038E-03	3.835762E-04
4.277905E+03	3.733633E-03	3.823488E-04
4.287808E+03	3.723554E-03	3.809554E-04
4.297711E+03	3.711733E-03	3.793896E-04
4.307613E+03	3.698182E-03	3.776533E-04
4.317516E+03	3.682750E-03	3.757314E-04
4.327418E+03	3.665432E-03	3.736241E-04
4.337321E+03	3.646157E-03	3.713246E-04
4.347223E+03	3.624891E-03	3.688300E-04
4.357126E+03	3.601781E-03	3.661556E-04
4.367028E+03	3.577074E-03	3.633268E-04
4.376931E+03	3.551077E-03	3.603752E-04
4.386834E+03	3.523961E-03	3.573182E-04
4.396736E+03	3.496002E-03	3.541841E-04
4.406639E+03	3.467369E-03	3.509899E-04
4.416541E+03	3.438242E-03	3.477540E-04
4.426444E+03	3.408844E-03	3.444988E-04
4.436346E+03	3.379233E-03	3.412302E-04
4.446249E+03	3.349631E-03	3.379706E-04
4.456151E+03	3.320072E-03	3.347231E-04
4.466054E+03	3.290725E-03	3.315046E-04
4.475957E+03	3.261662E-03	3.283222E-04
4.485859E+03	3.232975E-03	3.251851E-04
4.495762E+03	3.204751E-03	3.221018E-04
4.505664E+03	3.177013E-03	3.190743E-04
4.515567E+03	3.149894E-03	3.161158E-04
4.525469E+03	3.123408E-03	3.132274E-04
4.535372E+03	3.097622E-03	3.104155E-04
4.545274E+03	3.072600E-03	3.076864E-04
4.555177E+03	3.048402E-03	3.050459E-04
4.565080E+03	3.025059E-03	3.024966E-04
4.574982E+03	3.002598E-03	3.000411E-04
4.584885E+03	2.981073E-03	2.976845E-04
4.594787E+03	2.960535E-03	2.954315E-04
4.604690E+03	2.941030E-03	2.932865E-04
4.614592E+03	2.922551E-03	2.912485E-04
4.624495E+03	2.905167E-03	2.893241E-04
4.634398E+03	2.888889E-03	2.875141E-04
4.644300E+03	2.873726E-03	2.858190E-04
4.654203E+03	2.859708E-03	2.842417E-04
4.664105E+03	2.846835E-03	2.827818E-04
4.674008E+03	2.835102E-03	2.814386E-04
4.683910E+03	2.824505E-03	2.802112E-04
4.693813E+03	2.815040E-03	2.790992E-04
4.703715E+03	2.806702E-03	2.781017E-04
4.713618E+03	2.799481E-03	2.772175E-04
4.723521E+03	2.793365E-03	2.764451E-04
4.733423E+03	2.788309E-03	2.757798E-04
4.743326E+03	2.784321E-03	2.752222E-04
4.753228E+03	2.781324E-03	2.747644E-04
4.763131E+03	2.779348E-03	2.744093E-04
4.773033E+03	2.778314E-03	2.741486E-04
4.782936E+03	2.778221E-03	2.739823E-04
4.792838E+03	2.779042E-03	2.739073E-04
4.802741E+03	2.780694E-03	2.739154E-04
4.812644E+03	2.783202E-03	2.740088E-04
4.822546E+03	2.786508E-03	2.741816E-04
4.832449E+03	2.790609E-03	2.744335E-04
4.842351E+03	2.795392E-03	2.747531E-04
4.852254E+03	2.800909E-03	2.751453E-04
4.862156E+03	2.807072E-03	2.756014E-04
4.872059E+03	2.813877E-03	2.761209E-04
4.881961E+03	2.821264E-03	2.766979E-04
4.891864E+03	2.829230E-03	2.773316E-04
4.901767E+03	2.837686E-03	2.780135E-04
4.911669E+03	2.846627E-03	2.787430E-04
4.921572E+03	2.856050E-03	2.795197E-04
4.931474E+03	2.865868E-03	2.803347E-04
4.941377E+03	2.876047E-03	2.811849E-04
4.951279E+03	2.886584E-03	2.820699E-04
4.961182E+03	2.897449E-03	2.829865E-04
4.971085E+03	2.908552E-03	2.839261E-04
4.980987E+03	2.919891E-03	2.848883E-04
4.990890E+03	2.931436E-03	2.858700E-04
5.000792E+03	2.943153E-03	2.868681E-04
5.010695E+03	2.954982E-03	2.878766E-04
5.020597E+03	2.966890E-03	2.888922E-04
5.030500E+03	2.978874E-03	2.899146E-04
5.040402E+03	2.990841E-03	2.909347E-04
5.050305E+03	3.002784E-03	2.919518E-04
5.060208E+03	3.014637E-03	2.929595E-04
5.070110E+03	3.026360E-03	2.939540E-04
5.080013E+03	3.037914E-03	2.949313E-04
5.089915E+03	3.049255E-03	2.958873E-04
5.099818E+03	3.060308E-03	2.968147E-04
5.109720E+03	3.071054E-03	2.977117E-04
5.119623E+03	3.081384E-03	2.985676E-04
5.129525E+03	3.091273E-03	2.993802E-04
5.139428E+03	3.100634E-03	3.001411E-04
5.149331E+03	3.109409E-03	3.008446E-04
5.159233E+03	3.117536E-03	3.014850E-04
5.169136E+03	3.124952E-03	3.020562E-04
5.179038E+03	3.131530E-03	3.025458E-04
5.188941E+03	3.137264E-03	3.029537E-04
5.198843E+03	3.141994E-03	3.032642E-04
5.208746E+03	3.145714E-03	3.034770E-04
5.218648E+03	3.148294E-03	3.035798E-04
5.228551E+03	3.149701E-03	3.035693E-04
5.238454E+03	3.149840E-03	3.034367E-04
5.248356E+03	3.148619E-03	3.031733E-04
5.258259E+03	3.146017E-03	3.027772E-04
5.268161E+03	3.141921E-03	3.022376E-04
5.278064E+03	3.136319E-03	3.015537E-04
5.287966E+03	3.129147E-03	3.007195E-04
5.297869E+03	3.120348E-03	2.997297E-04
5.307772E+03	3.109906E-03	2.985830E-04
5.317674E+03	3.097817E-03	2.972792E-04
5.327577E+03	3.084088E-03	2.958193E-04
5.337479E+03	3.068675E-03	2.941992E-04
5.347382E+03	3.051642E-03	2.924253E-04
5.357284E+03	3.033002E-03	2.904990E-04
5.367187E+03	3.012842E-03	2.884289E-04
5.377089E+03	2.991170E-03	2.862159E-04
5.386992E+03	2.968156E-03	2.838767E-04
5.396895E+03	2.943923E-03	2.814228E-04
5.406797E+03	2.918745E-03	2.788810E-04
5.416700E+03	2.892674E-03	2.762562E-04
5.426602E+03	2.865629E-03	2.735407E-04
5.436505E+03	2.837606E-03	2.707344E-04
5.446407E+03	2.808709E-03	2.678472E-04
5.456310E+03	2.779184E-03	2.649028E-04
5.466212E+03	2.749146E-03	2.619121E-04
5.476115E+03	2.718881E-03	2.589025E-04
5.486018E+03	2.688530E-03	2.558872E-04
5.495920E+03	2.658310E-03	2.528873E-04
5.505823E+03	2.628431E-03	2.499223E-04
5.515725E+03	2.599087E-03	2.470108E-04
5.525628E+03	2.570409E-03	2.441651E-04
5.535530E+03	2.542564E-03	2.414010E-04
5.545433E+03	2.515707E-03	2.387330E-04
5.555335E+03	2.489947E-03	2.361714E-04
5.565238E+03	2.465380E-03	2.337252E-04
5.575141E+03	2.442139E-03	2.314065E-04
5.585043E+03	2.420261E-03	2.292190E-04
5.594946E+03	2.399822E-03	2.271695E-04
5.604848E+03	2.380856E-03	2.252612E-04
5.614751E+03	2.363411E-03	2.234981E-04
5.624653E+03	2.347494E-03	2.218809E-04
5.634556E+03	2.333102E-03	2.204091E-04
5.644459E+03	2.320245E-03	2.190833E-04
5.654361E+03	2.308924E-03	2.179034E-04
5.664264E+03	2.299079E-03	2.168636E-04
5.674166E+03	2.290696E-03	2.159623E-04
5.684069E+03	2.283725E-03	2.151946E-04
5.693971E+03	2.278115E-03	2.145555E-04
5.703874E+03	2.273856E-03	2.140438E-04
5.713776E+03	2.270839E-03	2.136491E-04
5.723679E+03	2.269048E-03	2.133697E-04
5.733582E+03	2.268396E-03	2.131973E-04
5.743484E+03	2.268842E-03	2.131278E-04
5.753387E+03	2.270320E-03	2.131550E-04
5.763289E+03	2.272767E-03	2.132726E-04
5.773192E+03	2.276146E-03	2.134771E-04
5.783094E+03	2.280370E-03	2.137603E-04
5.792997E+03	2.285408E-03	2.141190E-04
5.802899E+03	2.291206E-03	2.145481E-04
5.812802E+03	2.297685E-03	2.150402E-04
5.822705E+03	2.304850E-03	2.155955E-04
5.832607E+03	2.312605E-03	2.162049E-04
5.842510E+03	2.320960E-03	2.168695E-04
5.852412E+03	2.329854E-03	2.175833E-04
5.862315E+03	2.339253E-03	2.183432E-04
5.872217E+03	2.349155E-03	2.191488E-04
5.882120E+03	2.359482E-03	2.199929E-04
5.892022E+03	2.370239E-03	2.208757E-04
5.901925E+03	2.381435E-03	2.217981E-04
5.911828E+03	2.393001E-03	2.227536E-04
5.921730E+03	2.404953E-03	2.237438E-04
5.931633E+03	2.417284E-03	2.247678E-04
5.941535E+03	2.429961E-03	2.258225E-04
5.951438E+03	2.442982E-03	2.269077E-04
5.961340E+03	2.456348E-03	2.280235E-04
5.971243E+03	2.470034E-03	2.291675E-04
5.981146E+03	2.484043E-03	2.303400E-04
5.991048E+03	2.498413E-03	2.315443E-04
6.000951E+03	2.513064E-03	2.327732E-04
6.010853E+03	2.528062E-03	2.340326E-04
6.020756E+03	2.543329E-03	2.353153E-04
6.030658E+03	2.558931E-03	2.366274E-04
6.040561E+03	2.574783E-03	2.379610E-04
6.050463E+03	2.590919E-03	2.393192E-04
6.060366E+03	2.607275E-03	2.406961E-04
6.070269E+03	2.623876E-03	2.420938E-04
6.080171E+03	2.640642E-03	2.435053E-04
6.090074E+03	2.657518E-03	2.449253E-04
6.099976E+03	2.674503E-03	2.463536E-04
6.109879E+03	2.691487E-03	2.477802E-04
6.119781E+03	2.708451E-03	2.492035E-04
6.129684E+03	2.725335E-03	2.506178E-04
6.139586E+03	2.742106E-03	2.520202E-04
6.149489E+03	2.758778E-03	2.534120E-04
6.159392E+03	2.775433E-03	2.548009E-04
6.169294E+03	2.792081E-03	2.561877E-04
6.179197E+03	2.808759E-03	2.575758E-04
6.189099E+03	2.825493E-03	2.589677E-04
6.199002E+03	2.842378E-03	2.603720E-04
6.208904E+03	2.859357E-03	2.617835E-04
6.218807E+03	2.876438E-03	2.632028E-04
6.228709E+03	2.893664E-03	2.646340E-04
6.238612E+03	2.911038E-03	2.660770E-04
6.248515E+03	2.928521E-03	2.675284E-04
6.258417E+03	2.946071E-03	2.689843E-04
6.268320E+03	2.963725E-03	2.704481E-04
6.278222E+03	2.981400E-03	2.719121E-04
6.288125E+03	2.999091E-03	2.733758E-04
6.298027E+03	3.016753E-03	2.748352E-04
6.307930E+03	3.034341E-03	2.762860E-04
6.317833E+03	3.051809E-03	2.777242E-04
6.327735E+03	3.069111E-03	2.791455E-04
6.337638E+03	3.086203E-03	2.805458E-04
6.347540E+03	3.102994E-03	2.819170E-04
6.357443E+03	3.119484E-03	2.832591E-04
6.367345E+03	3.135628E-03	2.845681E-04
6.377248E+03	3.151431E-03	2.858443E-04
6.387150E+03	3.166901E-03	2.870886E-04
6.397053E+03	3.181953E-03	2.882932E-04
6.406956E+03	3.196647E-03	2.894638E-04
6.416858E+03	3.210948E-03	2.905970E-04
6.426761E+03	3.224879E-03	2.916951E-04
6.436663E+03	3.238362E-03	2.927511E-04
6.446566E+03	3.251469E-03	2.937713E-04
6.456468E+03	3.264132E-03	2.947499E-04
6.466371E+03	3.276380E-03	2.956894E-04
6.476273E+03	3.288147E-03	2.965840E-04
6.486176E+03	3.299462E-03	2.974362E-04
6.496079E+03	3.310373E-03	2.982506E-04
6.505981E+03	3.320757E-03	2.990160E-04
6.515884E+03	3.330660E-03	2.997367E-04
6.525786E+03	3.340129E-03	3.004170E-04
6.535689E+03	3.349052E-03	3.010467E-04
6.545591E+03	3.357526E-03	3.016348E-04
6.555494E+03	3.365447E-03	3.021720E-04
6.565396E+03	3.372915E-03	3.026673E-04
6.575299E+03	3.379822E-03	3.031111E-04
6.585202E+03	3.386222E-03	3.035082E-04
6.595104E+03	3.392115E-03	3.038589E-04
6.605007E+03	3.397445E-03	3.041581E-04
6.614909E+03	3.402269E-03	3.044110E-04
6.624812E+03	3.406529E-03	3.046126E-04
6.634714E+03	3.410229E-03	3.047632E-04
6.644617E+03	3.413427E-03	3.048682E-04
6.654520E+03	3.416069E-03	3.049228E-04
6.664422E+03	3.418094E-03	3.049215E-04
6.674325E+03	3.419622E-03	3.048754E-04
6.684227E+03	3.420540E-03	3.047744E-04
6.694130E+03	3.420907E-03	3.046237E-04
6.704032E+03	3.420729E-03	3.044241E-04
6.713935E+03	3.419947E-03	3.041704E-04
6.723837E+03	3.418563E-03	3.038629E-04
6.733740E+03	3.416577E-03	3.035018E-04
6.743643E+03	3.414062E-03	3.030935E-04
6.753545E+03	3.410958E-03	3.026328E-04
6.763448E+03	3.407205E-03	3.021147E-04
6.773350E+03	3.402876E-03	3.015456E-04
6.783253E+03	3.397974E-03	3.009259E-04
6.793155E+03	3.392507E-03	3.002564E-04
6.803058E+03	3.386421E-03	2.995327E-04
6.812960E+03	3.379724E-03	2.987553E-04
6.822863E+03	3.372488E-03	2.979308E-04
6.832766E+03	3.364658E-03	2.970545E-04
6.842668E+03	3.356252E-03	2.961280E-04
6.852571E+03	3.347279E-03	2.951523E-04
6.862473E+03	3.337753E-03	2.941287E-04
6.872376E+03	3.327687E-03	2.930586E-04
6.882278E+03	3.317097E-03	2.919434E-04
6.892181E+03	3.305936E-03	2.907791E-04
6.902083E+03	3.294224E-03	2.895675E-04
6.911986E+03	3.282041E-03	2.883160E-04
6.921889E+03	3.269409E-03	2.870263E-04
6.931791E+03	3.256218E-03	2.856891E-04
6.941694E+03	3.242623E-03	2.843181E-04
6.951596E+03	3.228580E-03	2.829095E-04
6.961499E+03	3.214114E-03	2.814656E-04
6.971401E+03	3.199187E-03	2.799830E-04
6.981304E+03	3.183891E-03	2.784701E-04
6.991207E+03	3.168249E-03	2.769289E-04
7.001109E+03	3.152293E-03	2.753624E-04
7.011012E+03	3.135989E-03	2.737676E-04
7.020914E+03	3.119367E-03	2.721472E-04
7.030817E+03	3.102520E-03	2.705094E-04
7.040719E+03	3.085415E-03	2.688514E-04
7.050622E+03	3.068028E-03	2.671712E-04
7.060524E+03	3.050510E-03	2.654820E-04
7.070427E+03	3.032839E-03	2.637820E-04
7.080330E+03	3.015042E-03	2.620736E-04
7.090232E+03	2.997092E-03	2.603545E-04
7.100135E+03	2.979087E-03	2.586332E-04
7.110037E+03	2.961061E-03	2.569127E-04
7.119940E+03	2.942985E-03	2.551906E-04
7.129842E+03	2.924894E-03	2.534698E-04
7.139745E+03	2.906880E-03	2.517585E-04
7.149647E+03	2.888915E-03	2.500542E-04
7.159550E+03	2.871030E-03	2.483597E-04
7.169453E+03	2.853256E-03	2.466776E-04
7.179355E+03	2.835622E-03	2.450104E-04
7.189258E+03	2.818098E-03	2.433556E-04
7.199160E+03	2.800828E-03	2.417255E-04
7.209063E+03	2.783779E-03	2.401174E-04
7.218965E+03	2.766858E-03	2.385232E-04
7.228868E+03	2.750262E-03	2.369599E-04
7.238770E+03	2.733840E-03	2.354145E-04
7.248673E+03	2.717726E-03	2.338985E-04
7.258576E+03	2.701882E-03	2.324086E-04
7.268478E+03	2.686324E-03	2.309463E-04
7.278381E+03	2.671011E-03	2.295079E-04
7.288283E+03	2.655958E-03	2.280947E-04
7.298186E+03	2.641176E-03	2.267077E-04
7.308088E+03	2.626676E-03	2.253478E-04
7.317991E+03	2.612353E-03	2.240060E-04
7.327894E+03	2.598269E-03	2.226876E-04
7.337796E+03	2.584314E-03	2.213832E-04
7.347699E+03	2.570430E-03	2.200878E-04
7.357601E+03	2.556556E-03	2.187962E-04
7.367504E+03	2.542734E-03	2.175122E-04
7.377406E+03	2.528947E-03	2.162340E-04
7.387309E+03	2.515276E-03	2.149688E-04
7.397211E+03	2.501797E-03	2.137230E-04
7.407114E+03	2.488408E-03	2.124878E-04
7.417017E+03	2.475114E-03	2.112635E-04
7.426919E+03	2.461967E-03	2.100547E-04
7.436822E+03	2.448804E-03	2.088471E-04
7.446724E+03	2.435735E-03	2.076501E-04
7.456627E+03	2.422836E-03	2.064704E-04
7.466529E+03	2.410188E-03	2.053144E-04
7.476432E+03	2.397864E-03	2.041885E-04
7.486334E+03	2.385927E-03	2.030980E-04
7.496237E+03	2.374486E-03	2.020518E-04
7.506140E+03	2.363528E-03	2.010491E-04
7.516042E+03	2.353142E-03	2.000970E-04
7.525945E+03	2.343296E-03	1.991930E-04
7.535847E+03	2.334061E-03	1.983428E-04
7.545750E+03	2.325446E-03	1.975473E-04
7.555652E+03	2.317402E-03	1.968020E-04
7.565555E+03	2.309982E-03	1.961115E-04
7.575457E+03	2.303181E-03	1.954753E-04
7.585360E+03	2.296939E-03	1.948880E-04
7.595263E+03	2.291298E-03	1.943533E-04
7.605165E+03	2.286193E-03	1.938656E-04
7.615068E+03	2.281718E-03	1.934327E-04
7.624970E+03	2.277748E-03	1.930441E-04
7.634873E+03	2.274322E-03	1.927029E-04
7.644775E+03	2.271366E-03	1.924028E-04
7.654678E+03	2.268918E-03	1.921469E-04
7.664581E+03	2.266957E-03	1.919336E-04
7.674483E+03	2.265464E-03	1.917610E-04
7.684386E+03	2.264365E-03	1.916229E-04
7.694288E+03	2.263695E-03	1.915222E-04
7.704191E+03	2.263433E-03	1.914571E-04
7.714093E+03	2.263504E-03	1.914212E-04
7.723996E+03	2.263944E-03	1.914176E-04
7.733898E+03	2.264678E-03	1.914398E-04
7.743801E+03	2.265743E-03	1.914909E-04
7.753704E+03	2.267008E-03	1.915599E-04
7.763606E+03	2.268622E-03	1.916593E-04
7.773509E+03	2.270401E-03	1.917736E-04
7.783411E+03	2.272381E-03	1.919058E-04
7.793314E+03	2.274491E-03	1.920499E-04
7.803216E+03	2.276771E-03	1.922093E-04
7.813119E+03	2.279148E-03	1.923777E-04
7.823021E+03	2.281550E-03	1.925491E-04
7.832924E+03	2.283961E-03	1.927223E-04
7.842827E+03	2.286368E-03	1.928959E-04
7.852729E+03	2.288699E-03	1.930640E-04
7.862632E+03	2.290882E-03	1.932206E-04
7.872534E+03	2.292844E-03	1.933595E-04
7.882437E+03	2.294573E-03	1.934796E-04
7.892339E+03	2.295938E-03	1.935700E-04
7.902242E+03	2.297102E-03	1.936443E-04
7.912144E+03	2.298053E-03	1.937018E-04
7.922047E+03	2.298782E-03	1.937414E-04
7.931950E+03	2.299397E-03	1.937724E-04
7.941852E+03	2.299889E-03	1.937942E-04
7.951755E+03	2.300373E-03	1.938161E-04
7.961657E+03	2.300720E-03	1.938276E-04
7.971560E+03	2.301106E-03	1.938434E-04
7.981462E+03	2.301466E-03	1.938581E-04
7.991365E+03	2.301794E-03	1.938711E-04
8.001268E+03	2.302149E-03	1.938875E-04
8.011170E+03	2.302526E-03	1.939068E-04
8.021073E+03	2.302863E-03	1.939238E-04
8.030975E+03	2.303216E-03	1.939434E-04
8.040878E+03	2.303586E-03	1.939655E-04
8.050780E+03	2.304034E-03	1.939953E-04
8.060683E+03	2.304433E-03	1.940222E-04
8.070585E+03	2.304847E-03	1.940516E-04
8.080488E+03	2.305275E-03	1.940834E-04
8.090391E+03	2.305719E-03	1.941178E-04
8.100293E+03	2.306180E-03	1.941550E-04
8.110196E+03	2.306661E-03	1.941951E-04
8.120098E+03	2.307101E-03	1.942330E-04
8.130001E+03	2.307565E-03	1.942744E-04
8.139903E+03	2.308058E-03	1.943196E-04
8.149806E+03	2.308584E-03	1.943690E-04
8.159708E+03	2.309084E-03	1.944176E-04
8.169611E+03	2.309561E-03	1.944659E-04
8.179514E+03	2.310085E-03	1.945196E-04
8.189416E+03	2.310598E-03	1.945740E-04
8.199319E+03	2.311104E-03	1.946293E-04
8.209221E+03	2.311675E-03	1.946917E-04
8.219124E+03	2.312184E-03	1.947507E-04
8.229026E+03	2.312770E-03	1.948177E-04
8.238929E+03	2.313370E-03	1.948878E-04
8.248831E+03	2.313925E-03	1.949558E-04
8.258734E+03	2.314572E-03	1.950334E-04
8.268637E+03	2.315181E-03	1.951097E-04
8.278539E+03	2.315825E-03	1.951909E-04
8.288442E+03	2.316506E-03	1.952771E-04
8.298344E+03	2.317161E-03	1.953632E-04
8.308247E+03	2.317858E-03	1.954549E-04
8.318149E+03	2.318534E-03	1.955469E-04
8.328052E+03	2.319188E-03	1.956392E-04
8.337955E+03	2.319890E-03	1.957378E-04
8.347857E+03	2.320573E-03	1.958370E-04
8.357760E+03	2.321236E-03	1.959369E-04
8.367662E+03	2.321948E-03	1.960432E-04
8.377565E+03	2.322571E-03	1.961445E-04
8.387467E+03	2.323174E-03	1.962466E-04
8.397370E+03	2.323756E-03	1.963493E-04
8.407272E+03	2.324316E-03	1.964529E-04
8.417175E+03	2.324785E-03	1.965514E-04
8.427078E+03	2.325233E-03	1.966508E-04
8.436980E+03	2.325660E-03	1.967511E-04
8.446883E+03	2.325998E-03	1.968468E-04
8.456785E+03	2.326249E-03	1.969379E-04
8.466688E+03	2.326486E-03	1.970308E-04
8.476590E+03	2.326642E-03	1.971198E-04
8.486493E+03	2.326724E-03	1.972056E-04
8.496395E+03	2.326738E-03	1.972887E-04
8.506298E+03	2.326692E-03	1.973697E-04
8.516201E+03	2.326523E-03	1.974437E-04
8.526103E+03	2.326387E-03	1.975236E-04
8.536006E+03	2.326152E-03	1.975986E-04
8.545908E+03	2.325834E-03	1.976697E-04
8.555811E+03	2.325521E-03	1.977447E-04
8.565713E+03	2.325157E-03	1.978190E-04
8.575616E+03	2.324763E-03	1.978943E-04
8.585518E+03	2.324361E-03	1.979724E-04
8.595421E+03	2.323973E-03	1.980555E-04
8.605324E+03	2.323623E-03	1.981455E-04
8.615226E+03	2.323264E-03	1.982386E-04
8.625129E+03	2.322922E-03	1.983370E-04
8.635031E+03	2.322697E-03	1.984494E-04
8.644934E+03	2.322543E-03	1.985719E-04
8.654836E+03	2.322488E-03	1.987070E-04
8.664739E+03	2.322484E-03	1.988506E-04
8.674642E+03	2.322630E-03	1.990114E-04
8.684544E+03	2.322877E-03	1.991851E-04
8.694447E+03	2.323245E-03	1.993737E-04
8.704349E+03	2.323676E-03	1.995722E-04
8.714252E+03	2.324259E-03	1.997884E-04
8.724154E+03	2.325001E-03	2.000229E-04
8.734057E+03	2.325750E-03	2.002629E-04
8.743959E+03	2.326651E-03	2.005209E-04
8.753862E+03	2.327533E-03	2.007822E-04
8.763765E+03	2.328443E-03	2.010510E-04
8.773667E+03	2.329338E-03	2.013236E-04
8.783570E+03	2.330162E-03	2.015952E-04
8.793472E+03	2.330920E-03	2.018664E-04
8.803375E+03	2.331524E-03	2.021296E-04
8.813277E+03	2.331872E-03	2.023759E-04
8.823180E+03	2.331928E-03	2.026022E-04
8.833082E+03	2.331651E-03	2.028050E-04
8.842985E+03	2.330946E-03	2.029756E-04
8.852888E+03	2.329918E-03	2.031232E-04
8.862790E+03	2.328836E-03	2.032710E-04
8.872693E+03	2.327711E-03	2.034197E-04
8.882595E+03	2.326618E-03	2.035761E-04
8.892498E+03	2.325789E-03	2.037602E-04
8.902400E+03	2.325100E-03	2.039612E-04
8.912303E+03	2.324757E-03	2.041972E-04
8.951913E+03	2.326586E-03	2.054687E-04
8.991523E+03	2.333906E-03	2.072993E-04
9.031134E+03	2.346229E-03	2.096497E-04
9.070744E+03	2.362299E-03	2.124109E-04
9.110354E+03	2.380776E-03	2.154645E-04
9.149964E+03	2.400404E-03	2.186969E-04
9.189575E+03	2.420260E-03	2.220221E-04
9.229185E+03	2.439291E-03	2.253400E-04
9.268795E+03	2.456846E-03	2.285848E-04
9.308405E+03	2.471931E-03	2.316573E-04
9.348016E+03	2.483941E-03	2.344916E-04
9.387626E+03	2.492451E-03	2.370377E-04
9.427236E+03	2.496959E-03	2.392367E-04
9.466846E+03	2.497461E-03	2.410759E-04
9.506456E+03	2.493873E-03	2.425354E-04
9.546067E+03	2.486120E-03	2.435955E-04
9.585677E+03	2.474750E-03	2.442981E-04
9.625287E+03	2.460100E-03	2.446658E-04
9.664897E+03	2.442386E-03	2.447101E-04
9.704508E+03	2.422186E-03	2.444801E-04
9.744118E+03	2.399893E-03	2.440077E-04
9.783728E+03	2.375852E-03	2.433216E-04
9.823338E+03	2.350349E-03	2.424453E-04
9.862949E+03	2.323600E-03	2.413966E-04
9.902559E+03	2.295762E-03	2.401875E-04
9.942169E+03	2.266938E-03	2.388253E-04
9.981779E+03	2.237390E-03	2.373345E-04
1.002139E+04	2.207156E-03	2.357167E-04
1.006100E+04	2.176038E-03	2.339486E-04
1.010061E+04	2.144238E-03	2.320495E-04
1.014022E+04	2.111956E-03	2.300392E-04
1.017983E+04	2.078960E-03	2.278913E-04
1.021944E+04	2.045437E-03	2.256248E-04
