#wls	flux	fluxerr
1.584409E+03	2.254887E-03	1.659167E-04
1.624020E+03	2.329652E-03	1.714153E-04
1.663630E+03	2.402045E-03	1.767391E-04
1.703240E+03	2.470972E-03	1.818078E-04
1.742850E+03	2.536212E-03	1.866048E-04
1.782461E+03	2.596540E-03	1.910403E-04
1.822071E+03	2.651151E-03	1.950549E-04
1.861681E+03	2.699645E-03	1.986193E-04
1.901291E+03	2.740686E-03	2.016351E-04
1.940902E+03	2.773607E-03	2.040534E-04
1.980512E+03	2.797327E-03	2.057945E-04
2.020122E+03	2.811232E-03	2.068135E-04
2.059732E+03	2.813992E-03	2.070124E-04
2.099342E+03	2.804673E-03	2.063227E-04
2.138953E+03	2.782380E-03	2.046785E-04
2.178563E+03	2.745701E-03	2.019761E-04
2.218173E+03	2.693593E-03	1.981388E-04
2.257783E+03	2.626171E-03	1.931751E-04
2.297394E+03	2.544515E-03	1.871645E-04
2.337004E+03	2.451303E-03	1.803040E-04
2.376614E+03	2.348766E-03	1.727580E-04
2.416224E+03	2.238867E-03	1.646707E-04
2.455835E+03	2.123624E-03	1.561907E-04
2.495445E+03	2.004329E-03	1.474131E-04
2.535055E+03	1.882430E-03	1.384442E-04
2.574665E+03	1.759160E-03	1.293750E-04
2.614276E+03	1.635780E-03	1.202981E-04
2.653886E+03	1.513322E-03	1.112894E-04
2.693496E+03	1.392807E-03	1.024240E-04
2.733106E+03	1.275174E-03	9.377097E-05
2.772716E+03	1.161284E-03	8.539356E-05
2.812327E+03	1.051934E-03	7.735049E-05
2.851937E+03	9.478859E-04	6.969766E-05
2.891547E+03	8.497990E-04	6.248355E-05
2.931157E+03	7.582304E-04	5.574910E-05
2.970768E+03	6.735732E-04	4.952317E-05
2.980670E+03	6.535355E-04	4.804957E-05
2.990573E+03	6.339302E-04	4.660779E-05
3.000475E+03	6.147840E-04	4.519978E-05
3.010378E+03	5.960801E-04	4.382430E-05
3.020280E+03	5.778284E-04	4.248210E-05
3.030183E+03	5.600373E-04	4.117377E-05
3.040086E+03	5.426781E-04	3.989722E-05
3.049988E+03	5.257817E-04	3.865471E-05
3.059891E+03	5.093206E-04	3.744422E-05
3.069793E+03	4.933110E-04	3.626695E-05
3.079696E+03	4.777377E-04	3.512176E-05
3.089598E+03	4.625959E-04	3.400831E-05
3.099501E+03	4.478988E-04	3.292758E-05
3.109403E+03	4.336232E-04	3.187785E-05
3.119306E+03	4.197886E-04	3.086055E-05
3.129209E+03	4.063652E-04	2.987349E-05
3.139111E+03	3.933704E-04	2.891797E-05
3.149014E+03	3.807835E-04	2.799244E-05
3.158916E+03	3.686124E-04	2.709749E-05
3.168819E+03	3.568439E-04	2.623214E-05
3.178721E+03	3.454775E-04	2.539638E-05
3.188624E+03	3.345062E-04	2.458967E-05
3.198526E+03	3.239231E-04	2.381151E-05
3.208429E+03	3.137152E-04	2.306094E-05
3.218332E+03	3.038859E-04	2.233821E-05
3.228234E+03	2.944223E-04	2.164237E-05
3.238137E+03	2.853209E-04	2.097318E-05
3.248039E+03	2.765688E-04	2.032967E-05
3.257942E+03	2.681580E-04	1.971125E-05
3.267844E+03	2.600841E-04	1.911761E-05
3.277747E+03	2.523346E-04	1.854782E-05
3.287650E+03	2.449042E-04	1.800150E-05
3.297552E+03	2.377839E-04	1.747799E-05
3.307455E+03	2.309583E-04	1.697613E-05
3.317357E+03	2.244250E-04	1.649578E-05
3.327260E+03	2.181723E-04	1.603605E-05
3.337162E+03	2.121912E-04	1.559630E-05
3.347065E+03	2.064735E-04	1.517591E-05
3.356967E+03	2.010050E-04	1.477385E-05
3.366870E+03	1.957833E-04	1.438993E-05
3.376773E+03	1.907975E-04	1.402335E-05
3.386675E+03	1.860375E-04	1.367338E-05
3.396578E+03	1.814958E-04	1.333946E-05
3.406480E+03	1.771652E-04	1.302106E-05
3.416383E+03	1.730343E-04	1.271734E-05
3.426285E+03	1.690987E-04	1.242798E-05
3.436188E+03	1.653480E-04	1.215222E-05
3.446090E+03	1.617760E-04	1.188959E-05
3.455993E+03	1.583753E-04	1.163956E-05
3.465896E+03	1.551387E-04	1.140159E-05
3.475798E+03	1.520592E-04	1.117517E-05
3.485701E+03	1.491306E-04	1.095984E-05
3.495603E+03	1.463449E-04	1.075502E-05
3.505506E+03	1.436952E-04	1.056019E-05
3.515408E+03	1.411760E-04	1.037497E-05
3.525311E+03	1.387811E-04	1.019888E-05
3.535213E+03	1.365059E-04	1.003159E-05
3.545116E+03	1.343432E-04	9.872564E-06
3.555019E+03	1.322891E-04	9.721524E-06
3.564921E+03	1.303385E-04	9.578094E-06
3.574824E+03	1.284892E-04	9.442112E-06
3.584726E+03	1.267353E-04	9.313138E-06
3.594629E+03	1.250736E-04	9.190944E-06
3.604531E+03	1.234975E-04	9.075045E-06
3.614434E+03	1.220045E-04	8.965250E-06
3.624337E+03	1.205907E-04	8.861285E-06
3.634239E+03	1.192528E-04	8.762890E-06
3.644142E+03	1.179884E-04	8.669900E-06
3.654044E+03	1.167953E-04	8.582152E-06
3.663947E+03	1.156703E-04	8.499408E-06
3.673849E+03	1.146124E-04	8.421595E-06
3.683752E+03	1.136184E-04	8.348485E-06
3.693654E+03	1.126885E-04	8.280080E-06
3.703557E+03	1.118206E-04	8.216231E-06
3.713460E+03	1.110127E-04	8.156793E-06
3.723362E+03	1.102638E-04	8.101692E-06
3.733265E+03	1.095739E-04	8.050926E-06
3.743167E+03	1.089410E-04	8.004349E-06
3.753070E+03	1.083650E-04	7.961956E-06
3.762972E+03	1.078440E-04	7.923603E-06
3.772875E+03	1.073771E-04	7.889222E-06
3.782777E+03	1.069641E-04	7.858804E-06
3.792680E+03	1.066050E-04	7.832344E-06
3.802583E+03	1.062978E-04	7.809703E-06
3.812485E+03	1.060434E-04	7.790941E-06
3.822388E+03	1.058391E-04	7.775857E-06
3.832290E+03	1.056865E-04	7.764574E-06
3.842193E+03	1.055830E-04	7.756894E-06
3.852095E+03	1.055301E-04	7.752937E-06
3.861998E+03	1.055261E-04	7.752571E-06
3.871900E+03	1.055709E-04	7.755789E-06
3.881803E+03	1.056636E-04	7.762521E-06
3.891706E+03	1.058040E-04	7.772761E-06
3.901608E+03	1.059912E-04	7.786440E-06
3.911511E+03	1.062259E-04	7.803611E-06
3.921413E+03	1.065064E-04	7.824145E-06
3.931316E+03	1.068327E-04	7.848036E-06
3.941218E+03	1.072037E-04	7.875214E-06
3.951121E+03	1.076202E-04	7.905738E-06
3.961024E+03	1.080813E-04	7.939536E-06
3.970926E+03	1.085861E-04	7.976544E-06
3.980829E+03	1.091338E-04	8.016696E-06
3.990731E+03	1.097250E-04	8.060050E-06
4.000634E+03	1.103581E-04	8.106477E-06
4.010536E+03	1.110339E-04	8.156043E-06
4.020439E+03	1.117507E-04	8.208618E-06
4.030341E+03	1.125085E-04	8.264203E-06
4.040244E+03	1.133074E-04	8.322804E-06
4.050147E+03	1.141465E-04	8.384358E-06
4.060049E+03	1.150250E-04	8.448807E-06
4.069952E+03	1.159422E-04	8.516092E-06
4.079854E+03	1.168989E-04	8.586285E-06
4.089757E+03	1.178936E-04	8.659265E-06
4.099659E+03	1.189264E-04	8.735040E-06
4.109562E+03	1.199956E-04	8.813486E-06
4.119464E+03	1.211013E-04	8.894615E-06
4.129367E+03	1.222438E-04	8.978438E-06
4.139270E+03	1.234212E-04	9.064832E-06
4.149172E+03	1.246338E-04	9.153807E-06
4.159075E+03	1.258799E-04	9.245237E-06
4.168977E+03	1.271596E-04	9.339135E-06
4.178880E+03	1.284711E-04	9.435368E-06
4.188782E+03	1.298146E-04	9.533952E-06
4.198685E+03	1.311883E-04	9.634750E-06
4.208587E+03	1.325913E-04	9.737696E-06
4.218490E+03	1.340216E-04	9.842646E-06
4.228393E+03	1.354794E-04	9.949608E-06
4.238295E+03	1.369624E-04	1.005843E-05
4.248198E+03	1.384698E-04	1.016903E-05
4.258100E+03	1.399993E-04	1.028126E-05
4.268003E+03	1.415485E-04	1.039493E-05
4.277905E+03	1.431161E-04	1.050995E-05
4.287808E+03	1.447008E-04	1.062623E-05
4.297711E+03	1.462999E-04	1.074356E-05
4.307613E+03	1.479119E-04	1.086183E-05
4.317516E+03	1.495339E-04	1.098085E-05
4.327418E+03	1.511655E-04	1.110055E-05
4.337321E+03	1.528047E-04	1.122082E-05
4.347223E+03	1.544536E-04	1.134179E-05
4.357126E+03	1.561103E-04	1.146334E-05
4.367028E+03	1.577755E-04	1.158552E-05
4.376931E+03	1.594490E-04	1.170829E-05
4.386834E+03	1.611327E-04	1.183182E-05
4.396736E+03	1.628252E-04	1.195598E-05
4.406639E+03	1.645261E-04	1.208076E-05
4.416541E+03	1.662364E-04	1.220624E-05
4.426444E+03	1.679559E-04	1.233238E-05
4.436346E+03	1.696846E-04	1.245920E-05
4.446249E+03	1.714207E-04	1.258656E-05
4.456151E+03	1.731658E-04	1.271458E-05
4.466054E+03	1.749181E-04	1.284312E-05
4.475957E+03	1.766779E-04	1.297222E-05
4.485859E+03	1.784450E-04	1.310184E-05
4.495762E+03	1.802165E-04	1.323179E-05
4.505664E+03	1.819942E-04	1.336219E-05
4.515567E+03	1.837765E-04	1.349293E-05
4.525469E+03	1.855637E-04	1.362402E-05
4.535372E+03	1.873527E-04	1.375525E-05
4.545274E+03	1.891459E-04	1.388678E-05
4.555177E+03	1.909402E-04	1.401839E-05
4.565080E+03	1.927378E-04	1.415024E-05
4.574982E+03	1.945361E-04	1.428214E-05
4.584885E+03	1.963357E-04	1.441413E-05
4.594787E+03	1.981356E-04	1.454614E-05
4.604690E+03	1.999386E-04	1.467838E-05
4.614592E+03	2.017424E-04	1.481067E-05
4.624495E+03	2.035499E-04	1.494323E-05
4.634398E+03	2.053605E-04	1.507602E-05
4.644300E+03	2.071739E-04	1.520901E-05
4.654203E+03	2.089935E-04	1.534246E-05
4.664105E+03	2.108175E-04	1.547623E-05
4.674008E+03	2.126474E-04	1.561043E-05
4.683910E+03	2.144816E-04	1.574494E-05
4.693813E+03	2.163218E-04	1.587988E-05
4.703715E+03	2.181641E-04	1.601498E-05
4.713618E+03	2.200105E-04	1.615038E-05
4.723521E+03	2.218594E-04	1.628596E-05
4.733423E+03	2.237126E-04	1.642185E-05
4.743326E+03	2.255684E-04	1.655794E-05
4.753228E+03	2.274268E-04	1.669421E-05
4.763131E+03	2.292881E-04	1.683069E-05
4.773033E+03	2.311523E-04	1.696738E-05
4.782936E+03	2.330196E-04	1.710430E-05
4.792838E+03	2.348879E-04	1.724129E-05
4.802741E+03	2.367596E-04	1.737852E-05
4.812644E+03	2.386346E-04	1.751600E-05
4.822546E+03	2.405110E-04	1.765357E-05
4.832449E+03	2.423887E-04	1.779124E-05
4.842351E+03	2.442700E-04	1.792917E-05
4.852254E+03	2.461503E-04	1.806702E-05
4.862156E+03	2.480339E-04	1.820512E-05
4.872059E+03	2.499187E-04	1.834329E-05
4.881961E+03	2.518018E-04	1.848134E-05
4.891864E+03	2.536850E-04	1.861940E-05
4.901767E+03	2.555682E-04	1.875745E-05
4.911669E+03	2.574479E-04	1.889524E-05
4.921572E+03	2.593262E-04	1.903294E-05
4.931474E+03	2.611970E-04	1.917007E-05
4.941377E+03	2.630640E-04	1.930692E-05
4.951279E+03	2.649236E-04	1.944323E-05
4.961182E+03	2.667719E-04	1.957871E-05
4.971085E+03	2.686097E-04	1.971341E-05
4.980987E+03	2.704326E-04	1.984702E-05
4.990890E+03	2.722388E-04	1.997940E-05
5.000792E+03	2.740257E-04	2.011036E-05
5.010695E+03	2.757912E-04	2.023974E-05
5.020597E+03	2.775302E-04	2.036718E-05
5.030500E+03	2.792427E-04	2.049267E-05
5.040402E+03	2.809231E-04	2.061581E-05
5.050305E+03	2.825686E-04	2.073638E-05
5.060208E+03	2.841733E-04	2.085395E-05
5.070110E+03	2.857369E-04	2.096851E-05
5.080013E+03	2.872506E-04	2.107940E-05
5.089915E+03	2.887169E-04	2.118681E-05
5.099818E+03	2.901269E-04	2.129008E-05
5.109720E+03	2.914798E-04	2.138917E-05
5.119623E+03	2.927698E-04	2.148363E-05
5.129525E+03	2.939905E-04	2.157301E-05
5.139428E+03	2.951412E-04	2.165725E-05
5.149331E+03	2.962158E-04	2.173590E-05
5.159233E+03	2.972106E-04	2.180870E-05
5.169136E+03	2.981220E-04	2.187538E-05
5.179038E+03	2.989435E-04	2.193545E-05
5.188941E+03	2.996717E-04	2.198868E-05
5.198843E+03	3.003000E-04	2.203458E-05
5.208746E+03	3.008275E-04	2.207308E-05
5.218648E+03	3.012479E-04	2.210372E-05
5.228551E+03	3.015573E-04	2.212622E-05
5.238454E+03	3.017530E-04	2.214036E-05
5.248356E+03	3.018282E-04	2.214567E-05
5.258259E+03	3.017799E-04	2.214192E-05
5.268161E+03	3.016056E-04	2.212892E-05
5.278064E+03	3.013025E-04	2.210648E-05
5.287966E+03	3.008661E-04	2.207425E-05
5.297869E+03	3.002973E-04	2.203230E-05
5.307772E+03	2.995954E-04	2.198060E-05
5.317674E+03	2.987602E-04	2.191911E-05
5.327577E+03	2.977889E-04	2.184764E-05
5.337479E+03	2.966886E-04	2.176671E-05
5.347382E+03	2.954586E-04	2.167626E-05
5.357284E+03	2.941073E-04	2.157691E-05
5.367187E+03	2.926361E-04	2.146877E-05
5.377089E+03	2.910522E-04	2.135237E-05
5.386992E+03	2.893615E-04	2.122812E-05
5.396895E+03	2.875764E-04	2.109695E-05
5.406797E+03	2.857014E-04	2.095920E-05
5.416700E+03	2.837420E-04	2.081526E-05
5.426602E+03	2.817020E-04	2.066539E-05
5.436505E+03	2.795910E-04	2.051033E-05
5.446407E+03	2.774143E-04	2.035045E-05
5.456310E+03	2.751804E-04	2.018638E-05
5.466212E+03	2.728985E-04	2.001879E-05
5.476115E+03	2.705777E-04	1.984835E-05
5.486018E+03	2.682281E-04	1.967579E-05
5.495920E+03	2.658618E-04	1.950202E-05
5.505823E+03	2.634886E-04	1.932773E-05
5.515725E+03	2.611235E-04	1.915405E-05
5.525628E+03	2.587729E-04	1.898144E-05
5.535530E+03	2.564536E-04	1.881112E-05
5.545433E+03	2.541710E-04	1.864351E-05
5.555335E+03	2.519382E-04	1.847954E-05
5.565238E+03	2.497668E-04	1.832008E-05
5.575141E+03	2.476602E-04	1.816538E-05
5.585043E+03	2.456340E-04	1.801658E-05
5.594946E+03	2.436922E-04	1.787396E-05
5.604848E+03	2.418381E-04	1.773779E-05
5.614751E+03	2.400843E-04	1.760898E-05
5.624653E+03	2.384299E-04	1.748745E-05
5.634556E+03	2.368807E-04	1.737365E-05
5.644459E+03	2.354418E-04	1.726794E-05
5.654361E+03	2.341151E-04	1.717045E-05
5.664264E+03	2.329023E-04	1.708132E-05
5.674166E+03	2.318040E-04	1.700060E-05
5.684069E+03	2.308234E-04	1.692850E-05
5.693971E+03	2.299632E-04	1.686524E-05
5.703874E+03	2.292190E-04	1.681048E-05
5.713776E+03	2.285981E-04	1.676476E-05
5.723679E+03	2.280954E-04	1.672772E-05
5.733582E+03	2.277162E-04	1.669973E-05
5.743484E+03	2.274582E-04	1.668063E-05
5.753387E+03	2.273239E-04	1.667061E-05
5.763289E+03	2.273136E-04	1.666967E-05
5.773192E+03	2.274303E-04	1.667805E-05
5.783094E+03	2.276719E-04	1.669559E-05
5.792997E+03	2.280388E-04	1.672231E-05
5.802899E+03	2.285338E-04	1.675843E-05
5.812802E+03	2.291602E-04	1.680419E-05
5.822705E+03	2.299132E-04	1.685922E-05
5.832607E+03	2.307981E-04	1.692393E-05
5.842510E+03	2.318128E-04	1.699815E-05
5.852412E+03	2.329600E-04	1.708208E-05
5.862315E+03	2.342397E-04	1.717573E-05
5.872217E+03	2.356489E-04	1.727887E-05
5.882120E+03	2.371899E-04	1.739168E-05
5.892022E+03	2.388620E-04	1.751409E-05
5.901925E+03	2.406616E-04	1.764585E-05
5.911828E+03	2.425925E-04	1.778723E-05
5.921730E+03	2.446480E-04	1.793774E-05
5.931633E+03	2.468286E-04	1.809742E-05
5.941535E+03	2.491320E-04	1.826611E-05
5.951438E+03	2.515523E-04	1.844336E-05
5.961340E+03	2.540893E-04	1.862916E-05
5.971243E+03	2.567331E-04	1.882279E-05
5.981146E+03	2.594853E-04	1.902436E-05
5.991048E+03	2.623352E-04	1.923309E-05
6.000951E+03	2.652804E-04	1.944880E-05
6.010853E+03	2.683120E-04	1.967084E-05
6.020756E+03	2.714235E-04	1.989873E-05
6.030658E+03	2.746046E-04	2.013172E-05
6.040561E+03	2.778447E-04	2.036903E-05
6.050463E+03	2.811388E-04	2.061029E-05
6.060366E+03	2.844686E-04	2.085417E-05
6.070269E+03	2.878284E-04	2.110024E-05
6.080171E+03	2.912024E-04	2.134734E-05
6.090074E+03	2.945810E-04	2.159478E-05
6.099976E+03	2.979404E-04	2.184080E-05
6.109879E+03	3.012750E-04	2.208499E-05
6.119781E+03	3.045638E-04	2.232583E-05
6.129684E+03	3.077944E-04	2.256240E-05
6.139586E+03	3.109501E-04	2.279346E-05
6.149489E+03	3.140305E-04	2.301900E-05
6.159392E+03	3.170408E-04	2.323941E-05
6.169294E+03	3.199874E-04	2.345513E-05
6.179197E+03	3.228781E-04	2.366675E-05
6.189099E+03	3.257097E-04	2.387404E-05
6.199002E+03	3.285010E-04	2.407837E-05
6.208904E+03	3.312463E-04	2.427932E-05
6.218807E+03	3.339576E-04	2.447778E-05
6.228709E+03	3.366442E-04	2.467442E-05
6.238612E+03	3.393017E-04	2.486892E-05
6.248515E+03	3.419401E-04	2.506202E-05
6.258417E+03	3.445653E-04	2.525415E-05
6.268320E+03	3.471833E-04	2.544574E-05
6.278222E+03	3.497912E-04	2.563660E-05
6.288125E+03	3.523958E-04	2.582720E-05
6.298027E+03	3.549987E-04	2.601768E-05
6.307930E+03	3.576025E-04	2.620822E-05
6.317833E+03	3.602037E-04	2.639856E-05
6.327735E+03	3.627997E-04	2.658852E-05
6.337638E+03	3.653867E-04	2.677781E-05
6.347540E+03	3.679666E-04	2.696658E-05
6.357443E+03	3.705357E-04	2.715456E-05
6.367345E+03	3.730789E-04	2.734063E-05
6.377248E+03	3.756137E-04	2.752609E-05
6.387150E+03	3.781416E-04	2.771103E-05
6.397053E+03	3.806696E-04	2.789597E-05
6.406956E+03	3.832106E-04	2.808187E-05
6.416858E+03	3.857610E-04	2.826845E-05
6.426761E+03	3.883342E-04	2.845669E-05
6.436663E+03	3.909323E-04	2.864677E-05
6.446566E+03	3.935637E-04	2.883927E-05
6.456468E+03	3.962180E-04	2.903344E-05
6.466371E+03	3.989155E-04	2.923079E-05
6.476273E+03	4.016465E-04	2.943057E-05
6.486176E+03	4.044189E-04	2.963339E-05
6.496079E+03	4.072346E-04	2.983938E-05
6.505981E+03	4.100896E-04	3.004825E-05
6.515884E+03	4.129916E-04	3.026055E-05
6.525786E+03	4.159430E-04	3.047646E-05
6.535689E+03	4.189387E-04	3.069563E-05
6.545591E+03	4.219803E-04	3.091814E-05
6.555494E+03	4.250695E-04	3.114414E-05
6.565396E+03	4.282145E-04	3.137423E-05
6.575299E+03	4.314028E-04	3.160748E-05
6.585202E+03	4.346430E-04	3.184452E-05
6.595104E+03	4.379359E-04	3.208543E-05
6.605007E+03	4.412757E-04	3.232977E-05
6.614909E+03	4.446708E-04	3.257815E-05
6.624812E+03	4.481144E-04	3.283009E-05
6.634714E+03	4.516153E-04	3.308621E-05
6.644617E+03	4.551590E-04	3.334546E-05
6.654520E+03	4.587536E-04	3.360844E-05
6.664422E+03	4.624079E-04	3.387580E-05
6.674325E+03	4.661069E-04	3.414641E-05
6.684227E+03	4.698593E-04	3.442093E-05
6.694130E+03	4.736572E-04	3.469878E-05
6.704032E+03	4.775099E-04	3.498065E-05
6.713935E+03	4.814097E-04	3.526595E-05
6.723837E+03	4.853568E-04	3.555471E-05
6.733740E+03	4.893606E-04	3.584763E-05
6.743643E+03	4.934043E-04	3.614346E-05
6.753545E+03	4.975055E-04	3.644349E-05
6.763448E+03	5.016471E-04	3.674649E-05
6.773350E+03	5.058475E-04	3.705378E-05
6.783253E+03	5.100882E-04	3.736401E-05
6.793155E+03	5.143688E-04	3.767718E-05
6.803058E+03	5.186987E-04	3.799393E-05
6.812960E+03	5.230772E-04	3.831425E-05
6.822863E+03	5.274846E-04	3.863667E-05
6.832766E+03	5.319389E-04	3.896253E-05
6.842668E+03	5.364295E-04	3.929104E-05
6.852571E+03	5.409650E-04	3.962283E-05
6.862473E+03	5.455236E-04	3.995631E-05
6.872376E+03	5.501137E-04	4.029209E-05
6.882278E+03	5.547334E-04	4.063003E-05
6.892181E+03	5.593701E-04	4.096922E-05
6.902083E+03	5.640325E-04	4.131028E-05
6.911986E+03	5.687184E-04	4.165306E-05
6.921889E+03	5.734146E-04	4.199658E-05
6.931791E+03	5.781189E-04	4.234068E-05
6.941694E+03	5.828289E-04	4.268521E-05
6.951596E+03	5.875538E-04	4.303082E-05
6.961499E+03	5.922686E-04	4.337569E-05
6.971401E+03	5.969947E-04	4.372137E-05
6.981304E+03	6.017065E-04	4.406601E-05
6.991207E+03	6.064141E-04	4.441034E-05
7.001109E+03	6.111041E-04	4.475336E-05
7.011012E+03	6.157867E-04	4.509585E-05
7.020914E+03	6.204610E-04	4.543772E-05
7.030817E+03	6.251136E-04	4.577800E-05
7.040719E+03	6.297306E-04	4.611567E-05
7.050622E+03	6.343367E-04	4.645253E-05
7.060524E+03	6.389184E-04	4.678760E-05
7.070427E+03	6.434753E-04	4.712085E-05
7.080330E+03	6.480073E-04	4.745228E-05
7.090232E+03	6.525005E-04	4.778087E-05
7.100135E+03	6.569683E-04	4.810758E-05
7.110037E+03	6.613971E-04	4.843144E-05
7.119940E+03	6.657866E-04	4.875243E-05
7.129842E+03	6.701510E-04	4.907156E-05
7.139745E+03	6.744761E-04	4.938782E-05
7.149647E+03	6.787762E-04	4.970225E-05
7.159550E+03	6.830227E-04	5.001274E-05
7.169453E+03	6.872292E-04	5.032031E-05
7.179355E+03	6.913955E-04	5.062494E-05
7.189258E+03	6.955205E-04	5.092654E-05
7.199160E+03	6.996036E-04	5.122507E-05
7.209063E+03	7.036435E-04	5.152043E-05
7.218965E+03	7.076238E-04	5.181143E-05
7.228868E+03	7.115576E-04	5.209902E-05
7.238770E+03	7.154433E-04	5.238309E-05
7.248673E+03	7.192790E-04	5.266350E-05
7.258576E+03	7.230469E-04	5.293895E-05
7.268478E+03	7.267608E-04	5.321044E-05
7.278381E+03	7.304343E-04	5.347898E-05
7.288283E+03	7.340338E-04	5.374210E-05
7.298186E+03	7.375738E-04	5.400085E-05
7.308088E+03	7.410524E-04	5.425513E-05
7.317991E+03	7.444852E-04	5.450604E-05
7.327894E+03	7.478549E-04	5.475234E-05
7.337796E+03	7.511778E-04	5.499522E-05
7.347699E+03	7.544713E-04	5.523594E-05
7.357601E+03	7.577191E-04	5.547332E-05
7.367504E+03	7.609568E-04	5.570996E-05
7.377406E+03	7.641520E-04	5.594350E-05
7.387309E+03	7.673240E-04	5.617533E-05
7.397211E+03	7.704576E-04	5.640437E-05
7.407114E+03	7.735729E-04	5.663206E-05
7.417017E+03	7.766370E-04	5.685601E-05
7.426919E+03	7.796700E-04	5.707768E-05
7.436822E+03	7.826743E-04	5.729726E-05
7.446724E+03	7.856335E-04	5.751355E-05
7.456627E+03	7.885865E-04	5.772938E-05
7.466529E+03	7.914977E-04	5.794216E-05
7.476432E+03	7.943871E-04	5.815334E-05
7.486334E+03	7.972369E-04	5.836163E-05
7.496237E+03	8.000670E-04	5.856849E-05
7.506140E+03	8.028591E-04	5.877257E-05
7.516042E+03	8.056329E-04	5.897531E-05
7.525945E+03	8.083695E-04	5.917534E-05
7.535847E+03	8.110689E-04	5.937265E-05
7.545750E+03	8.137504E-04	5.956866E-05
7.555652E+03	8.163942E-04	5.976190E-05
7.565555E+03	8.189990E-04	5.995231E-05
7.575457E+03	8.215840E-04	6.014126E-05
7.585360E+03	8.241277E-04	6.032720E-05
7.595263E+03	8.266483E-04	6.051145E-05
7.605165E+03	8.291031E-04	6.069089E-05
7.615068E+03	8.315302E-04	6.086832E-05
7.624970E+03	8.339272E-04	6.104354E-05
7.634873E+03	8.362704E-04	6.121483E-05
7.644775E+03	8.385773E-04	6.138348E-05
7.654678E+03	8.408233E-04	6.154766E-05
7.664581E+03	8.430046E-04	6.170712E-05
7.674483E+03	8.451379E-04	6.186308E-05
7.684386E+03	8.472195E-04	6.201525E-05
7.694288E+03	8.492448E-04	6.216330E-05
7.704191E+03	8.511876E-04	6.230533E-05
7.714093E+03	8.530645E-04	6.244253E-05
7.723996E+03	8.548707E-04	6.257457E-05
7.733898E+03	8.566007E-04	6.270104E-05
7.743801E+03	8.582498E-04	6.282159E-05
7.753704E+03	8.598125E-04	6.293582E-05
7.763606E+03	8.613058E-04	6.304498E-05
7.773509E+03	8.627022E-04	6.314706E-05
7.783411E+03	8.639966E-04	6.324167E-05
7.793314E+03	8.651839E-04	6.332846E-05
7.803216E+03	8.663052E-04	6.341041E-05
7.813119E+03	8.673105E-04	6.348388E-05
7.823021E+03	8.682185E-04	6.355024E-05
7.832924E+03	8.690025E-04	6.360753E-05
7.842827E+03	8.697057E-04	6.365891E-05
7.852729E+03	8.703256E-04	6.370420E-05
7.862632E+03	8.708133E-04	6.373981E-05
7.872534E+03	8.712372E-04	6.377077E-05
7.882437E+03	8.715734E-04	6.379531E-05
7.892339E+03	8.718214E-04	6.381340E-05
7.902242E+03	8.720051E-04	6.382680E-05
7.912144E+03	8.721019E-04	6.383383E-05
7.922047E+03	8.720892E-04	6.383287E-05
7.931950E+03	8.720168E-04	6.382753E-05
7.941852E+03	8.718156E-04	6.381278E-05
7.951755E+03	8.715601E-04	6.379405E-05
7.961657E+03	8.711822E-04	6.376638E-05
7.971560E+03	8.707338E-04	6.373355E-05
7.981462E+03	8.701712E-04	6.369237E-05
7.991365E+03	8.695476E-04	6.364674E-05
8.001268E+03	8.688200E-04	6.359349E-05
8.011170E+03	8.680180E-04	6.353480E-05
8.021073E+03	8.671234E-04	6.346935E-05
8.030975E+03	8.661667E-04	6.339935E-05
8.040878E+03	8.651539E-04	6.332526E-05
8.050780E+03	8.640434E-04	6.324402E-05
8.060683E+03	8.628901E-04	6.315965E-05
8.070585E+03	8.616766E-04	6.307089E-05
8.080488E+03	8.604098E-04	6.297822E-05
8.090391E+03	8.590719E-04	6.288037E-05
8.100293E+03	8.577185E-04	6.278138E-05
8.110196E+03	8.563079E-04	6.267821E-05
8.120098E+03	8.548709E-04	6.257312E-05
8.130001E+03	8.534143E-04	6.246659E-05
8.139903E+03	8.519200E-04	6.235732E-05
8.149806E+03	8.503949E-04	6.224579E-05
8.159708E+03	8.488694E-04	6.213424E-05
8.169611E+03	8.473497E-04	6.202312E-05
8.179514E+03	8.457932E-04	6.190932E-05
8.189416E+03	8.442549E-04	6.179685E-05
8.199319E+03	8.427160E-04	6.168435E-05
8.209221E+03	8.411823E-04	6.157223E-05
8.219124E+03	8.396592E-04	6.146089E-05
8.229026E+03	8.381523E-04	6.135075E-05
8.238929E+03	8.366666E-04	6.124216E-05
8.248831E+03	8.352073E-04	6.113551E-05
8.258734E+03	8.337789E-04	6.103113E-05
8.268637E+03	8.323860E-04	6.092936E-05
8.278539E+03	8.310086E-04	6.082872E-05
8.288442E+03	8.296752E-04	6.073131E-05
8.298344E+03	8.283892E-04	6.063738E-05
8.308247E+03	8.271301E-04	6.054542E-05
8.318149E+03	8.259253E-04	6.045744E-05
8.328052E+03	8.247535E-04	6.037188E-05
8.337955E+03	8.236416E-04	6.029072E-05
8.347857E+03	8.225681E-04	6.021237E-05
8.357760E+03	8.215348E-04	6.013698E-05
8.367662E+03	8.205687E-04	6.006650E-05
8.377565E+03	8.196467E-04	5.999926E-05
8.387467E+03	8.187709E-04	5.993541E-05
8.397370E+03	8.179425E-04	5.987504E-05
8.407272E+03	8.171629E-04	5.981824E-05
8.417175E+03	8.164334E-04	5.976512E-05
8.427078E+03	8.157305E-04	5.971395E-05
8.436980E+03	8.151043E-04	5.966840E-05
8.446883E+03	8.145310E-04	5.962674E-05
8.456785E+03	8.139869E-04	5.958722E-05
8.466688E+03	8.134977E-04	5.955171E-05
8.476590E+03	8.130390E-04	5.951846E-05
8.486493E+03	8.126362E-04	5.948930E-05
8.496395E+03	8.122651E-04	5.946247E-05
8.506298E+03	8.119513E-04	5.943984E-05
8.516201E+03	8.116704E-04	5.941963E-05
8.526103E+03	8.114229E-04	5.940186E-05
8.536006E+03	8.112090E-04	5.938657E-05
8.545908E+03	8.110292E-04	5.937378E-05
8.555811E+03	8.109093E-04	5.936539E-05
8.565713E+03	8.107993E-04	5.935772E-05
8.575616E+03	8.107246E-04	5.935266E-05
8.585518E+03	8.106606E-04	5.934837E-05
8.595421E+03	8.106582E-04	5.934861E-05
8.605324E+03	8.106417E-04	5.934782E-05
8.615226E+03	8.106876E-04	5.935162E-05
8.625129E+03	8.107200E-04	5.935443E-05
8.635031E+03	8.107901E-04	5.936001E-05
8.644934E+03	8.108470E-04	5.936463E-05
8.654836E+03	8.109427E-04	5.937209E-05
8.664739E+03	8.110513E-04	5.938052E-05
8.674642E+03	8.111468E-04	5.938799E-05
8.684544E+03	8.112294E-04	5.939453E-05
8.694447E+03	8.113251E-04	5.940203E-05
8.704349E+03	8.114074E-04	5.940857E-05
8.714252E+03	8.114761E-04	5.941412E-05
8.724154E+03	8.115306E-04	5.941864E-05
8.734057E+03	8.115436E-04	5.942012E-05
8.743959E+03	8.115139E-04	5.941849E-05
8.753862E+03	8.114403E-04	5.941366E-05
8.763765E+03	8.112944E-04	5.940354E-05
8.773667E+03	8.111290E-04	5.939200E-05
8.783570E+03	8.109156E-04	5.937695E-05
8.793472E+03	8.107077E-04	5.936232E-05
8.803375E+03	8.104762E-04	5.934598E-05
8.813277E+03	8.102480E-04	5.932987E-05
8.823180E+03	8.099931E-04	5.931183E-05
8.833082E+03	8.097946E-04	5.929793E-05
8.842985E+03	8.095947E-04	5.928393E-05
8.852888E+03	8.094198E-04	5.927177E-05
8.862790E+03	8.092969E-04	5.926343E-05
8.872693E+03	8.091951E-04	5.925664E-05
8.882595E+03	8.091122E-04	5.925126E-05
8.892498E+03	8.090755E-04	5.924925E-05
8.902400E+03	8.090829E-04	5.925049E-05
8.912303E+03	8.091322E-04	5.925481E-05
8.951913E+03	8.097983E-04	5.930650E-05
8.991523E+03	8.112404E-04	5.941516E-05
9.031134E+03	8.135725E-04	5.958914E-05
9.070744E+03	8.167833E-04	5.982762E-05
9.110354E+03	8.209309E-04	6.013486E-05
9.149964E+03	8.260110E-04	6.051055E-05
9.189575E+03	8.319865E-04	6.095197E-05
9.229185E+03	8.388194E-04	6.145635E-05
9.268795E+03	8.464261E-04	6.201756E-05
9.308405E+03	8.546654E-04	6.262527E-05
9.348016E+03	8.634238E-04	6.327116E-05
9.387626E+03	8.724844E-04	6.393934E-05
9.427236E+03	8.815644E-04	6.460908E-05
9.466846E+03	8.905220E-04	6.527000E-05
9.506456E+03	8.990620E-04	6.590042E-05
9.546067E+03	9.068798E-04	6.647804E-05
9.585677E+03	9.137887E-04	6.698912E-05
9.625287E+03	9.193738E-04	6.740324E-05
9.664897E+03	9.235429E-04	6.771362E-05
9.704508E+03	9.258518E-04	6.788765E-05
9.744118E+03	9.262847E-04	6.792415E-05
9.783728E+03	9.246082E-04	6.780597E-05
9.823338E+03	9.207754E-04	6.752961E-05
9.862949E+03	9.145687E-04	6.707910E-05
9.902559E+03	9.061146E-04	6.646367E-05
9.942169E+03	8.953683E-04	6.567998E-05
9.981779E+03	8.825698E-04	6.474562E-05
1.002139E+04	8.676966E-04	6.365890E-05
1.006100E+04	8.510011E-04	6.243830E-05
1.010061E+04	8.327626E-04	6.110428E-05
1.014022E+04	8.131103E-04	5.966631E-05
1.017983E+04	7.924148E-04	5.815156E-05
1.021944E+04	7.707163E-04	5.656296E-05
