#wls	flux	fluxerr
1.584409E+03	6.208565E-03	2.064163E-03
1.624020E+03	6.404650E-03	2.129323E-03
1.663630E+03	6.590915E-03	2.191215E-03
1.703240E+03	6.765451E-03	2.249206E-03
1.742850E+03	6.925506E-03	2.302379E-03
1.782461E+03	7.068836E-03	2.349990E-03
1.822071E+03	7.192414E-03	2.391032E-03
1.861681E+03	7.294434E-03	2.424904E-03
1.901291E+03	7.372380E-03	2.450772E-03
1.940902E+03	7.423158E-03	2.467606E-03
1.980512E+03	7.445002E-03	2.474821E-03
2.020122E+03	7.435159E-03	2.471501E-03
2.059732E+03	7.391246E-03	2.456855E-03
2.099342E+03	7.312399E-03	2.430597E-03
2.138953E+03	7.195770E-03	2.391780E-03
2.178563E+03	7.039580E-03	2.339814E-03
2.218173E+03	6.841989E-03	2.274089E-03
2.257783E+03	6.600100E-03	2.193642E-03
2.297394E+03	6.321585E-03	2.101025E-03
2.337004E+03	6.014320E-03	1.998856E-03
2.376614E+03	5.684591E-03	1.889225E-03
2.416224E+03	5.337761E-03	1.773915E-03
2.455835E+03	4.979010E-03	1.654648E-03
2.495445E+03	4.613102E-03	1.533007E-03
2.535055E+03	4.244299E-03	1.410411E-03
2.574665E+03	3.877033E-03	1.288330E-03
2.614276E+03	3.515415E-03	1.168133E-03
2.653886E+03	3.163262E-03	1.051086E-03
2.693496E+03	2.824074E-03	9.383529E-04
2.733106E+03	2.501159E-03	8.310331E-04
2.772716E+03	2.197022E-03	7.299581E-04
2.812327E+03	1.913852E-03	6.358548E-04
2.851937E+03	1.653509E-03	5.493413E-04
2.891547E+03	1.417298E-03	4.708496E-04
2.931157E+03	1.205991E-03	4.006363E-04
2.970768E+03	1.019588E-03	3.387006E-04
2.980670E+03	9.767943E-04	3.244817E-04
2.990573E+03	9.354889E-04	3.107577E-04
3.000475E+03	8.956658E-04	2.975263E-04
3.010378E+03	8.572940E-04	2.847772E-04
3.020280E+03	8.203416E-04	2.724998E-04
3.030183E+03	7.847949E-04	2.606896E-04
3.040086E+03	7.506025E-04	2.493294E-04
3.049988E+03	7.177630E-04	2.384188E-04
3.059891E+03	6.862249E-04	2.279407E-04
3.069793E+03	6.559668E-04	2.178879E-04
3.079696E+03	6.269527E-04	2.082485E-04
3.089598E+03	5.991579E-04	1.990144E-04
3.099501E+03	5.725447E-04	1.901728E-04
3.109403E+03	5.470754E-04	1.817113E-04
3.119306E+03	5.227236E-04	1.736212E-04
3.129209E+03	4.994418E-04	1.658866E-04
3.139111E+03	4.772120E-04	1.585015E-04
3.149014E+03	4.559879E-04	1.514507E-04
3.158916E+03	4.357415E-04	1.447246E-04
3.168819E+03	4.164360E-04	1.383112E-04
3.178721E+03	3.980365E-04	1.321989E-04
3.188624E+03	3.805134E-04	1.263777E-04
3.198526E+03	3.638324E-04	1.208363E-04
3.208429E+03	3.479530E-04	1.155612E-04
3.218332E+03	3.328591E-04	1.105472E-04
3.228234E+03	3.185008E-04	1.057775E-04
3.238137E+03	3.048620E-04	1.012468E-04
3.248039E+03	2.919011E-04	9.694140E-05
3.257942E+03	2.795928E-04	9.285278E-05
3.267844E+03	2.679113E-04	8.897244E-05
3.277747E+03	2.568201E-04	8.528815E-05
3.287650E+03	2.462992E-04	8.179338E-05
3.297552E+03	2.363216E-04	7.847907E-05
3.307455E+03	2.268580E-04	7.533551E-05
3.317357E+03	2.178837E-04	7.235452E-05
3.327260E+03	2.093752E-04	6.952827E-05
3.337162E+03	2.013126E-04	6.685016E-05
3.347065E+03	1.936687E-04	6.431111E-05
3.356967E+03	1.864279E-04	6.190600E-05
3.366870E+03	1.795655E-04	5.962655E-05
3.376773E+03	1.730627E-04	5.746660E-05
3.386675E+03	1.669040E-04	5.542091E-05
3.396578E+03	1.610660E-04	5.348178E-05
3.406480E+03	1.555370E-04	5.164528E-05
3.416383E+03	1.502996E-04	4.990567E-05
3.426285E+03	1.453344E-04	4.825646E-05
3.436188E+03	1.406316E-04	4.669439E-05
3.446090E+03	1.361735E-04	4.521362E-05
3.455993E+03	1.319485E-04	4.381029E-05
3.465896E+03	1.279441E-04	4.248022E-05
3.475798E+03	1.241445E-04	4.121816E-05
3.485701E+03	1.205404E-04	4.002104E-05
3.495603E+03	1.171191E-04	3.888467E-05
3.505506E+03	1.138692E-04	3.780521E-05
3.515408E+03	1.107811E-04	3.677948E-05
3.525311E+03	1.078436E-04	3.580380E-05
3.535213E+03	1.050477E-04	3.487514E-05
3.545116E+03	1.023838E-04	3.399032E-05
3.555019E+03	9.984524E-05	3.314711E-05
3.564921E+03	9.742450E-05	3.234306E-05
3.574824E+03	9.511393E-05	3.157559E-05
3.584726E+03	9.290804E-05	3.084289E-05
3.594629E+03	9.080166E-05	3.014324E-05
3.604531E+03	8.878822E-05	2.947446E-05
3.614434E+03	8.686557E-05	2.883583E-05
3.624337E+03	8.502763E-05	2.822534E-05
3.634239E+03	8.327166E-05	2.764207E-05
3.644142E+03	8.159425E-05	2.708490E-05
3.654044E+03	7.999206E-05	2.655271E-05
3.663947E+03	7.846252E-05	2.604464E-05
3.673849E+03	7.700378E-05	2.556008E-05
3.683752E+03	7.561127E-05	2.509752E-05
3.693654E+03	7.428463E-05	2.465683E-05
3.703557E+03	7.302007E-05	2.423676E-05
3.713460E+03	7.181592E-05	2.383675E-05
3.723362E+03	7.067039E-05	2.345621E-05
3.733265E+03	6.958013E-05	2.309402E-05
3.743167E+03	6.854458E-05	2.274999E-05
3.753070E+03	6.756105E-05	2.242324E-05
3.762972E+03	6.662796E-05	2.211324E-05
3.772875E+03	6.574330E-05	2.181931E-05
3.782777E+03	6.490557E-05	2.154097E-05
3.792680E+03	6.411291E-05	2.127760E-05
3.802583E+03	6.336392E-05	2.102872E-05
3.812485E+03	6.265683E-05	2.079375E-05
3.822388E+03	6.199090E-05	2.057244E-05
3.832290E+03	6.136441E-05	2.036423E-05
3.842193E+03	6.077573E-05	2.016857E-05
3.852095E+03	6.022375E-05	1.998510E-05
3.861998E+03	5.970701E-05	1.981332E-05
3.871900E+03	5.922492E-05	1.965305E-05
3.881803E+03	5.877604E-05	1.950379E-05
3.891706E+03	5.835942E-05	1.936524E-05
3.901608E+03	5.797375E-05	1.923697E-05
3.911511E+03	5.761773E-05	1.911854E-05
3.921413E+03	5.729138E-05	1.900996E-05
3.931316E+03	5.699265E-05	1.891054E-05
3.941218E+03	5.672116E-05	1.882016E-05
3.951121E+03	5.647578E-05	1.873844E-05
3.961024E+03	5.625584E-05	1.866517E-05
3.970926E+03	5.606064E-05	1.860010E-05
3.980829E+03	5.588870E-05	1.854276E-05
3.990731E+03	5.573989E-05	1.849308E-05
4.000634E+03	5.561314E-05	1.845073E-05
4.010536E+03	5.550795E-05	1.841553E-05
4.020439E+03	5.542339E-05	1.838717E-05
4.030341E+03	5.535849E-05	1.836533E-05
4.040244E+03	5.531328E-05	1.835003E-05
4.050147E+03	5.528644E-05	1.834081E-05
4.060049E+03	5.527757E-05	1.833756E-05
4.069952E+03	5.528630E-05	1.834014E-05
4.079854E+03	5.531144E-05	1.834817E-05
4.089757E+03	5.535304E-05	1.836165E-05
4.099659E+03	5.540995E-05	1.838021E-05
4.109562E+03	5.548189E-05	1.840376E-05
4.119464E+03	5.556858E-05	1.843219E-05
4.129367E+03	5.566893E-05	1.846515E-05
4.139270E+03	5.578313E-05	1.850270E-05
4.149172E+03	5.590961E-05	1.854432E-05
4.159075E+03	5.604913E-05	1.859027E-05
4.168977E+03	5.620012E-05	1.864001E-05
4.178880E+03	5.636246E-05	1.869351E-05
4.188782E+03	5.653554E-05	1.875058E-05
4.198685E+03	5.671925E-05	1.881116E-05
4.208587E+03	5.691209E-05	1.887477E-05
4.218490E+03	5.711442E-05	1.894152E-05
4.228393E+03	5.732528E-05	1.901110E-05
4.238295E+03	5.754361E-05	1.908315E-05
4.248198E+03	5.776940E-05	1.915766E-05
4.258100E+03	5.800211E-05	1.923447E-05
4.268003E+03	5.824025E-05	1.931307E-05
4.277905E+03	5.848331E-05	1.939330E-05
4.287808E+03	5.873074E-05	1.947498E-05
4.297711E+03	5.898202E-05	1.955792E-05
4.307613E+03	5.923652E-05	1.964193E-05
4.317516E+03	5.949421E-05	1.972699E-05
4.327418E+03	5.975453E-05	1.981291E-05
4.337321E+03	6.001686E-05	1.989950E-05
4.347223E+03	6.028207E-05	1.998704E-05
4.357126E+03	6.054963E-05	2.007534E-05
4.367028E+03	6.081945E-05	2.016440E-05
4.376931E+03	6.109195E-05	2.025433E-05
4.386834E+03	6.136711E-05	2.034514E-05
4.396736E+03	6.164435E-05	2.043664E-05
4.406639E+03	6.192420E-05	2.052899E-05
4.416541E+03	6.220616E-05	2.062204E-05
4.426444E+03	6.249024E-05	2.071578E-05
4.436346E+03	6.277654E-05	2.081025E-05
4.446249E+03	6.306405E-05	2.090512E-05
4.456151E+03	6.335341E-05	2.100060E-05
4.466054E+03	6.364423E-05	2.109655E-05
4.475957E+03	6.393617E-05	2.119286E-05
4.485859E+03	6.422941E-05	2.128961E-05
4.495762E+03	6.452312E-05	2.138649E-05
4.505664E+03	6.481754E-05	2.148361E-05
4.515567E+03	6.511294E-05	2.158105E-05
4.525469E+03	6.540916E-05	2.167875E-05
4.535372E+03	6.570536E-05	2.177644E-05
4.545274E+03	6.600199E-05	2.187426E-05
4.555177E+03	6.629889E-05	2.197216E-05
4.565080E+03	6.659587E-05	2.207009E-05
4.574982E+03	6.689351E-05	2.216822E-05
4.584885E+03	6.719108E-05	2.226633E-05
4.594787E+03	6.748915E-05	2.236459E-05
4.604690E+03	6.778768E-05	2.246300E-05
4.614592E+03	6.808666E-05	2.256155E-05
4.624495E+03	6.838611E-05	2.266025E-05
4.634398E+03	6.868601E-05	2.275909E-05
4.644300E+03	6.898649E-05	2.285811E-05
4.654203E+03	6.928875E-05	2.295772E-05
4.664105E+03	6.959292E-05	2.305795E-05
4.674008E+03	6.989913E-05	2.315885E-05
4.683910E+03	7.020872E-05	2.326086E-05
4.693813E+03	7.052128E-05	2.336384E-05
4.703715E+03	7.083693E-05	2.346784E-05
4.713618E+03	7.115654E-05	2.357315E-05
4.723521E+03	7.148028E-05	2.367981E-05
4.733423E+03	7.180776E-05	2.378771E-05
4.743326E+03	7.213984E-05	2.389712E-05
4.753228E+03	7.247677E-05	2.400813E-05
4.763131E+03	7.281816E-05	2.412060E-05
4.773033E+03	7.316496E-05	2.423486E-05
4.782936E+03	7.351747E-05	2.435100E-05
4.792838E+03	7.387598E-05	2.446912E-05
4.802741E+03	7.424080E-05	2.458931E-05
4.812644E+03	7.461162E-05	2.471149E-05
4.822546E+03	7.499010E-05	2.483619E-05
4.832449E+03	7.537526E-05	2.496310E-05
4.842351E+03	7.576742E-05	2.509231E-05
4.852254E+03	7.616766E-05	2.522419E-05
4.862156E+03	7.657638E-05	2.535886E-05
4.872059E+03	7.699396E-05	2.549646E-05
4.881961E+03	7.741936E-05	2.563663E-05
4.891864E+03	7.785434E-05	2.577997E-05
4.901767E+03	7.829860E-05	2.592636E-05
4.911669E+03	7.875255E-05	2.607596E-05
4.921572E+03	7.921651E-05	2.622885E-05
4.931474E+03	7.969088E-05	2.638518E-05
4.941377E+03	8.017522E-05	2.654480E-05
4.951279E+03	8.066986E-05	2.670781E-05
4.961182E+03	8.117591E-05	2.687459E-05
4.971085E+03	8.169285E-05	2.704496E-05
4.980987E+03	8.222021E-05	2.721876E-05
4.990890E+03	8.275979E-05	2.739659E-05
5.000792E+03	8.330949E-05	2.757777E-05
5.010695E+03	8.387109E-05	2.776286E-05
5.020597E+03	8.444480E-05	2.795195E-05
5.030500E+03	8.502838E-05	2.814428E-05
5.040402E+03	8.562441E-05	2.834073E-05
5.050305E+03	8.623138E-05	2.854077E-05
5.060208E+03	8.684948E-05	2.874448E-05
5.070110E+03	8.747962E-05	2.895216E-05
5.080013E+03	8.812022E-05	2.916329E-05
5.089915E+03	8.877132E-05	2.937787E-05
5.099818E+03	8.943388E-05	2.959623E-05
5.109720E+03	9.010708E-05	2.981809E-05
5.119623E+03	9.079090E-05	3.004344E-05
5.129525E+03	9.148452E-05	3.027202E-05
5.139428E+03	9.218875E-05	3.050408E-05
5.149331E+03	9.290178E-05	3.073904E-05
5.159233E+03	9.362536E-05	3.097747E-05
5.169136E+03	9.435848E-05	3.121904E-05
5.179038E+03	9.510003E-05	3.146337E-05
5.188941E+03	9.584991E-05	3.171044E-05
5.198843E+03	9.660885E-05	3.196048E-05
5.208746E+03	9.737464E-05	3.221277E-05
5.218648E+03	9.814802E-05	3.246754E-05
5.228551E+03	9.892962E-05	3.272501E-05
5.238454E+03	9.971611E-05	3.298407E-05
5.248356E+03	1.005100E-04	3.324556E-05
5.258259E+03	1.013079E-04	3.350837E-05
5.268161E+03	1.021123E-04	3.377327E-05
5.278064E+03	1.029196E-04	3.403912E-05
5.287966E+03	1.037312E-04	3.430637E-05
5.297869E+03	1.045465E-04	3.457484E-05
5.307772E+03	1.053639E-04	3.484394E-05
5.317674E+03	1.061848E-04	3.511417E-05
5.327577E+03	1.070052E-04	3.538425E-05
5.337479E+03	1.078278E-04	3.565499E-05
5.347382E+03	1.086506E-04	3.592579E-05
5.357284E+03	1.094730E-04	3.619643E-05
5.367187E+03	1.102941E-04	3.646664E-05
5.377089E+03	1.111133E-04	3.673616E-05
5.386992E+03	1.119286E-04	3.700437E-05
5.396895E+03	1.127392E-04	3.727099E-05
5.406797E+03	1.135441E-04	3.753571E-05
5.416700E+03	1.143425E-04	3.779826E-05
5.426602E+03	1.151322E-04	3.805792E-05
5.436505E+03	1.159112E-04	3.831399E-05
5.446407E+03	1.166795E-04	3.856652E-05
5.456310E+03	1.174349E-04	3.881474E-05
5.466212E+03	1.181751E-04	3.905790E-05
5.476115E+03	1.188976E-04	3.929519E-05
5.486018E+03	1.196024E-04	3.952661E-05
5.495920E+03	1.202858E-04	3.975095E-05
5.505823E+03	1.209478E-04	3.996818E-05
5.515725E+03	1.215846E-04	4.017705E-05
5.525628E+03	1.221948E-04	4.037711E-05
5.535530E+03	1.227783E-04	4.056832E-05
5.545433E+03	1.233313E-04	4.074941E-05
5.555335E+03	1.238535E-04	4.092035E-05
5.565238E+03	1.243439E-04	4.108071E-05
5.575141E+03	1.247996E-04	4.122962E-05
5.585043E+03	1.252195E-04	4.136667E-05
5.594946E+03	1.256036E-04	4.149189E-05
5.604848E+03	1.259508E-04	4.160489E-05
5.614751E+03	1.262588E-04	4.170489E-05
5.624653E+03	1.265277E-04	4.179200E-05
5.634556E+03	1.267580E-04	4.186635E-05
5.644459E+03	1.269464E-04	4.192680E-05
5.654361E+03	1.270933E-04	4.197356E-05
5.664264E+03	1.271995E-04	4.200687E-05
5.674166E+03	1.272645E-04	4.202657E-05
5.684069E+03	1.272880E-04	4.203253E-05
5.693971E+03	1.272697E-04	4.202467E-05
5.703874E+03	1.272093E-04	4.200295E-05
5.713776E+03	1.271083E-04	4.196777E-05
5.723679E+03	1.269653E-04	4.191875E-05
5.733582E+03	1.267833E-04	4.185682E-05
5.743484E+03	1.265611E-04	4.178163E-05
5.753387E+03	1.262992E-04	4.169333E-05
5.763289E+03	1.260008E-04	4.159299E-05
5.773192E+03	1.256640E-04	4.147995E-05
5.783094E+03	1.252907E-04	4.135488E-05
5.792997E+03	1.248833E-04	4.121857E-05
5.802899E+03	1.244415E-04	4.107088E-05
5.812802E+03	1.239678E-04	4.091266E-05
5.822705E+03	1.234619E-04	4.074386E-05
5.832607E+03	1.229282E-04	4.056586E-05
5.842510E+03	1.223666E-04	4.037867E-05
5.852412E+03	1.217787E-04	4.018281E-05
5.862315E+03	1.211675E-04	3.997927E-05
5.872217E+03	1.205333E-04	3.976814E-05
5.882120E+03	1.198792E-04	3.955046E-05
5.892022E+03	1.192055E-04	3.932633E-05
5.901925E+03	1.185153E-04	3.909678E-05
5.911828E+03	1.178104E-04	3.886239E-05
5.921730E+03	1.170925E-04	3.862372E-05
5.931633E+03	1.163620E-04	3.838090E-05
5.941535E+03	1.156219E-04	3.813494E-05
5.951438E+03	1.148738E-04	3.788634E-05
5.961340E+03	1.141180E-04	3.763521E-05
5.971243E+03	1.133573E-04	3.738251E-05
5.981146E+03	1.125919E-04	3.712828E-05
5.991048E+03	1.118221E-04	3.687258E-05
6.000951E+03	1.110517E-04	3.661672E-05
6.010853E+03	1.102795E-04	3.636028E-05
6.020756E+03	1.095081E-04	3.610412E-05
6.030658E+03	1.087361E-04	3.584778E-05
6.040561E+03	1.079660E-04	3.559207E-05
6.050463E+03	1.071975E-04	3.533692E-05
6.060366E+03	1.064317E-04	3.508268E-05
6.070269E+03	1.056696E-04	3.482969E-05
6.080171E+03	1.049109E-04	3.457781E-05
6.090074E+03	1.041564E-04	3.432733E-05
6.099976E+03	1.034069E-04	3.407853E-05
6.109879E+03	1.026631E-04	3.383164E-05
6.119781E+03	1.019259E-04	3.358692E-05
6.129684E+03	1.011944E-04	3.334412E-05
6.139586E+03	1.004707E-04	3.310389E-05
6.149489E+03	9.975531E-05	3.286640E-05
6.159392E+03	9.904859E-05	3.263180E-05
6.169294E+03	9.835232E-05	3.240066E-05
6.179197E+03	9.766818E-05	3.217353E-05
6.189099E+03	9.699776E-05	3.195094E-05
6.199002E+03	9.634266E-05	3.173341E-05
6.208904E+03	9.570439E-05	3.152145E-05
6.218807E+03	9.508574E-05	3.131595E-05
6.228709E+03	9.448557E-05	3.111656E-05
6.238612E+03	9.390922E-05	3.092503E-05
6.248515E+03	9.335545E-05	3.074095E-05
6.258417E+03	9.282700E-05	3.056521E-05
6.268320E+03	9.232521E-05	3.039827E-05
6.278222E+03	9.185145E-05	3.024057E-05
6.288125E+03	9.140581E-05	3.009213E-05
6.298027E+03	9.098957E-05	2.995338E-05
6.307930E+03	9.060417E-05	2.982479E-05
6.317833E+03	9.024958E-05	2.970636E-05
6.327735E+03	8.992594E-05	2.959811E-05
6.337638E+03	8.963461E-05	2.950051E-05
6.347540E+03	8.937302E-05	2.941269E-05
6.357443E+03	8.914124E-05	2.933469E-05
6.367345E+03	8.893803E-05	2.926609E-05
6.377248E+03	8.876078E-05	2.920603E-05
6.387150E+03	8.861088E-05	2.915498E-05
6.397053E+03	8.848568E-05	2.911204E-05
6.406956E+03	8.838656E-05	2.907769E-05
6.416858E+03	8.831357E-05	2.905193E-05
6.426761E+03	8.826537E-05	2.903432E-05
6.436663E+03	8.824204E-05	2.902488E-05
6.446566E+03	8.824358E-05	2.902362E-05
6.456468E+03	8.827003E-05	2.903054E-05
6.466371E+03	8.832142E-05	2.904566E-05
6.476273E+03	8.839918E-05	2.906944E-05
6.486176E+03	8.850204E-05	2.910147E-05
6.496079E+03	8.862863E-05	2.914128E-05
6.505981E+03	8.878178E-05	2.918982E-05
6.515884E+03	8.895878E-05	2.924618E-05
6.525786E+03	8.916103E-05	2.931083E-05
6.535689E+03	8.938870E-05	2.938382E-05
6.545591E+03	8.964186E-05	2.946517E-05
6.555494E+03	8.992051E-05	2.955489E-05
6.565396E+03	9.022339E-05	2.965254E-05
6.575299E+03	9.055195E-05	2.975862E-05
6.585202E+03	9.090486E-05	2.987268E-05
6.595104E+03	9.128369E-05	2.999523E-05
6.605007E+03	9.168705E-05	3.012583E-05
6.614909E+03	9.211499E-05	3.026447E-05
6.624812E+03	9.256922E-05	3.041172E-05
6.634714E+03	9.304989E-05	3.056764E-05
6.644617E+03	9.355393E-05	3.073120E-05
6.654520E+03	9.408463E-05	3.090349E-05
6.664422E+03	9.463896E-05	3.108351E-05
6.674325E+03	9.522026E-05	3.127236E-05
6.684227E+03	9.582705E-05	3.146955E-05
6.694130E+03	9.645785E-05	3.167459E-05
6.704032E+03	9.711611E-05	3.188861E-05
6.713935E+03	9.779864E-05	3.211056E-05
6.723837E+03	9.850727E-05	3.234105E-05
6.733740E+03	9.924217E-05	3.258012E-05
6.743643E+03	1.000035E-04	3.282783E-05
6.753545E+03	1.007897E-04	3.308367E-05
6.763448E+03	1.016027E-04	3.334825E-05
6.773350E+03	1.024409E-04	3.362104E-05
6.783253E+03	1.033062E-04	3.390269E-05
6.793155E+03	1.041969E-04	3.419264E-05
6.803058E+03	1.051131E-04	3.449093E-05
6.812960E+03	1.060570E-04	3.479822E-05
6.822863E+03	1.070248E-04	3.511332E-05
6.832766E+03	1.080205E-04	3.543752E-05
6.842668E+03	1.090423E-04	3.577024E-05
6.852571E+03	1.100904E-04	3.611150E-05
6.862473E+03	1.111648E-04	3.646137E-05
6.872376E+03	1.122657E-04	3.681985E-05
6.882278E+03	1.133910E-04	3.718628E-05
6.892181E+03	1.145430E-04	3.756141E-05
6.902083E+03	1.157217E-04	3.794524E-05
6.911986E+03	1.169273E-04	3.833782E-05
6.921889E+03	1.181554E-04	3.873769E-05
6.931791E+03	1.194126E-04	3.914708E-05
6.941694E+03	1.206924E-04	3.956376E-05
6.951596E+03	1.219992E-04	3.998925E-05
6.961499E+03	1.233307E-04	4.042277E-05
6.971401E+03	1.246870E-04	4.086433E-05
6.981304E+03	1.260679E-04	4.131391E-05
6.991207E+03	1.274736E-04	4.177151E-05
7.001109E+03	1.289012E-04	4.223624E-05
7.011012E+03	1.303534E-04	4.270894E-05
7.020914E+03	1.318300E-04	4.318957E-05
7.030817E+03	1.333283E-04	4.367721E-05
7.040719E+03	1.348508E-04	4.417270E-05
7.050622E+03	1.363947E-04	4.467512E-05
7.060524E+03	1.379596E-04	4.518437E-05
7.070427E+03	1.395455E-04	4.570036E-05
7.080330E+03	1.411548E-04	4.622398E-05
7.090232E+03	1.427817E-04	4.675325E-05
7.100135E+03	1.444257E-04	4.728802E-05
7.110037E+03	1.460924E-04	4.783013E-05
7.119940E+03	1.477754E-04	4.837751E-05
7.129842E+03	1.494743E-04	4.893001E-05
7.139745E+03	1.511918E-04	4.948849E-05
7.149647E+03	1.529242E-04	5.005177E-05
7.159550E+03	1.546710E-04	5.061967E-05
7.169453E+03	1.564317E-04	5.119201E-05
7.179355E+03	1.582056E-04	5.176858E-05
7.189258E+03	1.599955E-04	5.235032E-05
7.199160E+03	1.617941E-04	5.293477E-05
7.209063E+03	1.636075E-04	5.352398E-05
7.218965E+03	1.654316E-04	5.411660E-05
7.228868E+03	1.672658E-04	5.471241E-05
7.238770E+03	1.691128E-04	5.531234E-05
7.248673E+03	1.709685E-04	5.591499E-05
7.258576E+03	1.728358E-04	5.652135E-05
7.268478E+03	1.747141E-04	5.713117E-05
7.278381E+03	1.766066E-04	5.774558E-05
7.288283E+03	1.785128E-04	5.836437E-05
7.298186E+03	1.804364E-04	5.898872E-05
7.308088E+03	1.823727E-04	5.961712E-05
7.317991E+03	1.843339E-04	6.025356E-05
7.327894E+03	1.863199E-04	6.089800E-05
7.337796E+03	1.883263E-04	6.154903E-05
7.347699E+03	1.903663E-04	6.221090E-05
7.357601E+03	1.924356E-04	6.288225E-05
7.367504E+03	1.945390E-04	6.356462E-05
7.377406E+03	1.966721E-04	6.425662E-05
7.387309E+03	1.988399E-04	6.495982E-05
7.397211E+03	2.010285E-04	6.566969E-05
7.407114E+03	2.032472E-04	6.638927E-05
7.417017E+03	2.054813E-04	6.711381E-05
7.426919E+03	2.077355E-04	6.784477E-05
7.436822E+03	2.100043E-04	6.858038E-05
7.446724E+03	2.122821E-04	6.931880E-05
7.456627E+03	2.145732E-04	7.006146E-05
7.466529E+03	2.168613E-04	7.080302E-05
7.476432E+03	2.191558E-04	7.154654E-05
7.486334E+03	2.214503E-04	7.228996E-05
7.496237E+03	2.237437E-04	7.303291E-05
7.506140E+03	2.260295E-04	7.377323E-05
7.516042E+03	2.283117E-04	7.451229E-05
7.525945E+03	2.305835E-04	7.524785E-05
7.535847E+03	2.328436E-04	7.597943E-05
7.545750E+03	2.350961E-04	7.670847E-05
7.555652E+03	2.373341E-04	7.743261E-05
7.565555E+03	2.395619E-04	7.815336E-05
7.575457E+03	2.417661E-04	7.886628E-05
7.585360E+03	2.439573E-04	7.957485E-05
7.595263E+03	2.461279E-04	8.027658E-05
7.605165E+03	2.482826E-04	8.097305E-05
7.615068E+03	2.504137E-04	8.166170E-05
7.624970E+03	2.525196E-04	8.234204E-05
7.634873E+03	2.545986E-04	8.301352E-05
7.644775E+03	2.566626E-04	8.367997E-05
7.654678E+03	2.586901E-04	8.433446E-05
7.664581E+03	2.606997E-04	8.498301E-05
7.674483E+03	2.626766E-04	8.562079E-05
7.684386E+03	2.646261E-04	8.624955E-05
7.694288E+03	2.665468E-04	8.686885E-05
7.704191E+03	2.684374E-04	8.747826E-05
7.714093E+03	2.703039E-04	8.807972E-05
7.723996E+03	2.721379E-04	8.867051E-05
7.733898E+03	2.739382E-04	8.925023E-05
7.743801E+03	2.757109E-04	8.982090E-05
7.753704E+03	2.774627E-04	9.038469E-05
7.763606E+03	2.791854E-04	9.093890E-05
7.773509E+03	2.808780E-04	9.148324E-05
7.783411E+03	2.825553E-04	9.202254E-05
7.793314E+03	2.842170E-04	9.255670E-05
7.803216E+03	2.858550E-04	9.308307E-05
7.813119E+03	2.874849E-04	9.360671E-05
7.823021E+03	2.891068E-04	9.412770E-05
7.832924E+03	2.907290E-04	9.464873E-05
7.842827E+03	2.923602E-04	9.517264E-05
7.852729E+03	2.940012E-04	9.569968E-05
7.862632E+03	2.956528E-04	9.623011E-05
7.872534E+03	2.973328E-04	9.676971E-05
7.882437E+03	2.990511E-04	9.732173E-05
7.892339E+03	3.007921E-04	9.788109E-05
7.902242E+03	3.025746E-04	9.845387E-05
7.912144E+03	3.043916E-04	9.903782E-05
7.922047E+03	3.062272E-04	9.962774E-05
7.931950E+03	3.080915E-04	1.002270E-04
7.941852E+03	3.099682E-04	1.008302E-04
7.951755E+03	3.118588E-04	1.014378E-04
7.961657E+03	3.137646E-04	1.020504E-04
7.971560E+03	3.156596E-04	1.026593E-04
7.981462E+03	3.175633E-04	1.032711E-04
7.991365E+03	3.194677E-04	1.038830E-04
8.001268E+03	3.213556E-04	1.044895E-04
8.011170E+03	3.232470E-04	1.050970E-04
8.021073E+03	3.251244E-04	1.057000E-04
8.030975E+03	3.269892E-04	1.062989E-04
8.040878E+03	3.288427E-04	1.068940E-04
8.050780E+03	3.306768E-04	1.074828E-04
8.060683E+03	3.325027E-04	1.080688E-04
8.070585E+03	3.343219E-04	1.086527E-04
8.080488E+03	3.361167E-04	1.092285E-04
8.090391E+03	3.379083E-04	1.098033E-04
8.100293E+03	3.396788E-04	1.103713E-04
8.110196E+03	3.414499E-04	1.109393E-04
8.120098E+03	3.432035E-04	1.115017E-04
8.130001E+03	3.449517E-04	1.120623E-04
8.139903E+03	3.466864E-04	1.126185E-04
8.149806E+03	3.484196E-04	1.131742E-04
8.159708E+03	3.501434E-04	1.137268E-04
8.169611E+03	3.518702E-04	1.142803E-04
8.179514E+03	3.535918E-04	1.148322E-04
8.189416E+03	3.553104E-04	1.153830E-04
8.199319E+03	3.570282E-04	1.159336E-04
8.209221E+03	3.587579E-04	1.164881E-04
8.219124E+03	3.604806E-04	1.170403E-04
8.229026E+03	3.622198E-04	1.175978E-04
8.238929E+03	3.639671E-04	1.181580E-04
8.248831E+03	3.657247E-04	1.187214E-04
8.258734E+03	3.674838E-04	1.192854E-04
8.268637E+03	3.692683E-04	1.198577E-04
8.278539E+03	3.710584E-04	1.204318E-04
8.288442E+03	3.728672E-04	1.210119E-04
8.298344E+03	3.746965E-04	1.215987E-04
8.308247E+03	3.765486E-04	1.221929E-04
8.318149E+03	3.784137E-04	1.227913E-04
8.328052E+03	3.803050E-04	1.233983E-04
8.337955E+03	3.822123E-04	1.240104E-04
8.347857E+03	3.841491E-04	1.246322E-04
8.357760E+03	3.861170E-04	1.252640E-04
8.367662E+03	3.881054E-04	1.259026E-04
8.377565E+03	3.901154E-04	1.265481E-04
8.387467E+03	3.921483E-04	1.272011E-04
8.397370E+03	3.942166E-04	1.278657E-04
8.407272E+03	3.963095E-04	1.285382E-04
8.417175E+03	3.984391E-04	1.292227E-04
8.427078E+03	4.005824E-04	1.299117E-04
8.436980E+03	4.027635E-04	1.306129E-04
8.446883E+03	4.049580E-04	1.313185E-04
8.456785E+03	4.071910E-04	1.320367E-04
8.466688E+03	4.094370E-04	1.327591E-04
8.476590E+03	4.117207E-04	1.334938E-04
8.486493E+03	4.140164E-04	1.342324E-04
8.496395E+03	4.163355E-04	1.349787E-04
8.506298E+03	4.186774E-04	1.357324E-04
8.516201E+03	4.210274E-04	1.364889E-04
8.526103E+03	4.233976E-04	1.372519E-04
8.536006E+03	4.257861E-04	1.380209E-04
8.545908E+03	4.281774E-04	1.387909E-04
8.555811E+03	4.305691E-04	1.395611E-04
8.565713E+03	4.329727E-04	1.403352E-04
8.575616E+03	4.353716E-04	1.411080E-04
8.585518E+03	4.377631E-04	1.418783E-04
8.595421E+03	4.401436E-04	1.426452E-04
8.605324E+03	4.425239E-04	1.434122E-04
8.615226E+03	4.448717E-04	1.441687E-04
8.625129E+03	4.472122E-04	1.449230E-04
8.635031E+03	4.495123E-04	1.456643E-04
8.644934E+03	4.517965E-04	1.464005E-04
8.654836E+03	4.540312E-04	1.471208E-04
8.664739E+03	4.562262E-04	1.478284E-04
8.674642E+03	4.583773E-04	1.485219E-04
8.684544E+03	4.604785E-04	1.491994E-04
8.694447E+03	4.625257E-04	1.498595E-04
8.704349E+03	4.644979E-04	1.504954E-04
8.714252E+03	4.664202E-04	1.511154E-04
8.724154E+03	4.682575E-04	1.517079E-04
8.734057E+03	4.700344E-04	1.522810E-04
8.743959E+03	4.717153E-04	1.528233E-04
8.753862E+03	4.733258E-04	1.533428E-04
8.763765E+03	4.748459E-04	1.538333E-04
8.773667E+03	4.762862E-04	1.542981E-04
8.783570E+03	4.776421E-04	1.547358E-04
8.793472E+03	4.788934E-04	1.551397E-04
8.803375E+03	4.800693E-04	1.555194E-04
8.813277E+03	4.811321E-04	1.558627E-04
8.823180E+03	4.820958E-04	1.561741E-04
8.833082E+03	4.829580E-04	1.564528E-04
8.842985E+03	4.837163E-04	1.566981E-04
8.852888E+03	4.843697E-04	1.569096E-04
8.862790E+03	4.849004E-04	1.570816E-04
8.872693E+03	4.853434E-04	1.572253E-04
8.882595E+03	4.856818E-04	1.573354E-04
8.892498E+03	4.859156E-04	1.574119E-04
8.902400E+03	4.860645E-04	1.574611E-04
8.912303E+03	4.860943E-04	1.574718E-04
8.951913E+03	4.854152E-04	1.572585E-04
8.991523E+03	4.835376E-04	1.566600E-04
9.031134E+03	4.808018E-04	1.557864E-04
9.070744E+03	4.775277E-04	1.547412E-04
9.110354E+03	4.739930E-04	1.536139E-04
9.149964E+03	4.704835E-04	1.524971E-04
9.189575E+03	4.672478E-04	1.514712E-04
9.229185E+03	4.644476E-04	1.505884E-04
9.268795E+03	4.622431E-04	1.499006E-04
9.308405E+03	4.607506E-04	1.494454E-04
9.348016E+03	4.600699E-04	1.492553E-04
9.387626E+03	4.602384E-04	1.493424E-04
9.427236E+03	4.613319E-04	1.497313E-04
9.466846E+03	4.633720E-04	1.504292E-04
9.506456E+03	4.663483E-04	1.514329E-04
9.546067E+03	4.703027E-04	1.527561E-04
9.585677E+03	4.752194E-04	1.543938E-04
9.625287E+03	4.810783E-04	1.563396E-04
9.664897E+03	4.879532E-04	1.586179E-04
9.704508E+03	4.957181E-04	1.611877E-04
9.744118E+03	5.044429E-04	1.640721E-04
9.783728E+03	5.140089E-04	1.672326E-04
9.823338E+03	5.244307E-04	1.706743E-04
9.862949E+03	5.356279E-04	1.743710E-04
9.902559E+03	5.474413E-04	1.782713E-04
9.942169E+03	5.597570E-04	1.823380E-04
9.981779E+03	5.723710E-04	1.865049E-04
1.002139E+04	5.850331E-04	1.906903E-04
1.006100E+04	5.975180E-04	1.948209E-04
1.010061E+04	6.094880E-04	1.987864E-04
1.014022E+04	6.207330E-04	2.025180E-04
1.017983E+04	6.310789E-04	2.059585E-04
1.021944E+04	6.402599E-04	2.090209E-04
