#wls	flux	fluxerr
1.584409E+03	3.253755E-03	6.437971E-04
1.624020E+03	3.352328E-03	6.632983E-04
1.663630E+03	3.445610E-03	6.817519E-04
1.703240E+03	3.533008E-03	6.990406E-04
1.742850E+03	3.612467E-03	7.147578E-04
1.782461E+03	3.683921E-03	7.288906E-04
1.822071E+03	3.745221E-03	7.410134E-04
1.861681E+03	3.795872E-03	7.510285E-04
1.901291E+03	3.834688E-03	7.587012E-04
1.940902E+03	3.859903E-03	7.636823E-04
1.980512E+03	3.871079E-03	7.658849E-04
2.020122E+03	3.866954E-03	7.650594E-04
2.059732E+03	3.846469E-03	7.609968E-04
2.099342E+03	3.808820E-03	7.535376E-04
2.138953E+03	3.753026E-03	7.424882E-04
2.178563E+03	3.677672E-03	7.275687E-04
2.218173E+03	3.581448E-03	7.085199E-04
2.257783E+03	3.464563E-03	6.853839E-04
2.297394E+03	3.329405E-03	6.586332E-04
2.337004E+03	3.180360E-03	6.291357E-04
2.376614E+03	3.020874E-03	5.975732E-04
2.416224E+03	2.854051E-03	5.645598E-04
2.455835E+03	2.682047E-03	5.305225E-04
2.495445E+03	2.507160E-03	4.959161E-04
2.535055E+03	2.331215E-03	4.611016E-04
2.574665E+03	2.156139E-03	4.264599E-04
2.614276E+03	1.983474E-03	3.922967E-04
2.653886E+03	1.814694E-03	3.589034E-04
2.693496E+03	1.651175E-03	3.265521E-04
2.733106E+03	1.494013E-03	2.954597E-04
2.772716E+03	1.344229E-03	2.658281E-04
2.812327E+03	1.202682E-03	2.378271E-04
2.851937E+03	1.070150E-03	2.116104E-04
2.891547E+03	9.472997E-04	1.873101E-04
2.931157E+03	8.346055E-04	1.650196E-04
2.970768E+03	7.323407E-04	1.447927E-04
2.980670E+03	7.084104E-04	1.400597E-04
2.990573E+03	6.851178E-04	1.354529E-04
3.000475E+03	6.624859E-04	1.309767E-04
3.010378E+03	6.404757E-04	1.266236E-04
3.020280E+03	6.191072E-04	1.223974E-04
3.030183E+03	5.983696E-04	1.182961E-04
3.040086E+03	5.782646E-04	1.143199E-04
3.049988E+03	5.587563E-04	1.104618E-04
3.059891E+03	5.398690E-04	1.067265E-04
3.069793E+03	5.215685E-04	1.031073E-04
3.079696E+03	5.038638E-04	9.960594E-05
3.089598E+03	4.867425E-04	9.622000E-05
3.099501E+03	4.701823E-04	9.294507E-05
3.109403E+03	4.541890E-04	8.978228E-05
3.119306E+03	4.387408E-04	8.672730E-05
3.129209E+03	4.238335E-04	8.377932E-05
3.139111E+03	4.094534E-04	8.093563E-05
3.149014E+03	3.955881E-04	7.819376E-05
3.158916E+03	3.822316E-04	7.555253E-05
3.168819E+03	3.693702E-04	7.300924E-05
3.178721E+03	3.569851E-04	7.056015E-05
3.188624E+03	3.450754E-04	6.820510E-05
3.198526E+03	3.336224E-04	6.594036E-05
3.208429E+03	3.226188E-04	6.376450E-05
3.218332E+03	3.120518E-04	6.167500E-05
3.228234E+03	3.019033E-04	5.966827E-05
3.238137E+03	2.921713E-04	5.774389E-05
3.248039E+03	2.828334E-04	5.589748E-05
3.257942E+03	2.738868E-04	5.412843E-05
3.267844E+03	2.653185E-04	5.243420E-05
3.277747E+03	2.571089E-04	5.081092E-05
3.287650E+03	2.492541E-04	4.925778E-05
3.297552E+03	2.417420E-04	4.777241E-05
3.307455E+03	2.345578E-04	4.635189E-05
3.317357E+03	2.276906E-04	4.499404E-05
3.327260E+03	2.211290E-04	4.369665E-05
3.337162E+03	2.148631E-04	4.245770E-05
3.347065E+03	2.088822E-04	4.127510E-05
3.356967E+03	2.031762E-04	4.014688E-05
3.366870E+03	1.977328E-04	3.907055E-05
3.376773E+03	1.925400E-04	3.804380E-05
3.386675E+03	1.875939E-04	3.706581E-05
3.396578E+03	1.828785E-04	3.613343E-05
3.406480E+03	1.783880E-04	3.524551E-05
3.416383E+03	1.741121E-04	3.440003E-05
3.426285E+03	1.700432E-04	3.359546E-05
3.436188E+03	1.661700E-04	3.282959E-05
3.446090E+03	1.624839E-04	3.210071E-05
3.455993E+03	1.589785E-04	3.140754E-05
3.465896E+03	1.556442E-04	3.074820E-05
3.475798E+03	1.524753E-04	3.012155E-05
3.485701E+03	1.494598E-04	2.952523E-05
3.495603E+03	1.465931E-04	2.895832E-05
3.505506E+03	1.438660E-04	2.841900E-05
3.515408E+03	1.412715E-04	2.790591E-05
3.525311E+03	1.388032E-04	2.741774E-05
3.535213E+03	1.364521E-04	2.695274E-05
3.545116E+03	1.342154E-04	2.651036E-05
3.555019E+03	1.320864E-04	2.608927E-05
3.564921E+03	1.300588E-04	2.568821E-05
3.574824E+03	1.281306E-04	2.530679E-05
3.584726E+03	1.262946E-04	2.494360E-05
3.594629E+03	1.245467E-04	2.459783E-05
3.604531E+03	1.228831E-04	2.426871E-05
3.614434E+03	1.213000E-04	2.395549E-05
3.624337E+03	1.197938E-04	2.365748E-05
3.634239E+03	1.183610E-04	2.337397E-05
3.644142E+03	1.169995E-04	2.310455E-05
3.654044E+03	1.157071E-04	2.284877E-05
3.663947E+03	1.144805E-04	2.260601E-05
3.673849E+03	1.133208E-04	2.237645E-05
3.683752E+03	1.122238E-04	2.215927E-05
3.693654E+03	1.111893E-04	2.195445E-05
3.703557E+03	1.102152E-04	2.176157E-05
3.713460E+03	1.093005E-04	2.158041E-05
3.723362E+03	1.084457E-04	2.141109E-05
3.733265E+03	1.076470E-04	2.125284E-05
3.743167E+03	1.069049E-04	2.110577E-05
3.753070E+03	1.062191E-04	2.096983E-05
3.762972E+03	1.055867E-04	2.084441E-05
3.772875E+03	1.050081E-04	2.072963E-05
3.782777E+03	1.044830E-04	2.062539E-05
3.792680E+03	1.040091E-04	2.053130E-05
3.802583E+03	1.035854E-04	2.044709E-05
3.812485E+03	1.032131E-04	2.037303E-05
3.822388E+03	1.028893E-04	2.030854E-05
3.832290E+03	1.026144E-04	2.025370E-05
3.842193E+03	1.023873E-04	2.020828E-05
3.852095E+03	1.022074E-04	2.017219E-05
3.861998E+03	1.020744E-04	2.014535E-05
3.871900E+03	1.019863E-04	2.012738E-05
3.881803E+03	1.019428E-04	2.011820E-05
3.891706E+03	1.019443E-04	2.011789E-05
3.901608E+03	1.019897E-04	2.012624E-05
3.911511E+03	1.020778E-04	2.014301E-05
3.921413E+03	1.022084E-04	2.016814E-05
3.931316E+03	1.023803E-04	2.020143E-05
3.941218E+03	1.025932E-04	2.024282E-05
3.951121E+03	1.028470E-04	2.029224E-05
3.961024E+03	1.031413E-04	2.034966E-05
3.970926E+03	1.034744E-04	2.041472E-05
3.980829E+03	1.038460E-04	2.048736E-05
3.990731E+03	1.042559E-04	2.056757E-05
4.000634E+03	1.047041E-04	2.065529E-05
4.010536E+03	1.051894E-04	2.075035E-05
4.020439E+03	1.057111E-04	2.085256E-05
4.030341E+03	1.062690E-04	2.096189E-05
4.040244E+03	1.068621E-04	2.107816E-05
4.050147E+03	1.074904E-04	2.120136E-05
4.060049E+03	1.081530E-04	2.133131E-05
4.069952E+03	1.088499E-04	2.146800E-05
4.079854E+03	1.095801E-04	2.161125E-05
4.089757E+03	1.103428E-04	2.176091E-05
4.099659E+03	1.111381E-04	2.191695E-05
4.109562E+03	1.119650E-04	2.207922E-05
4.119464E+03	1.128236E-04	2.224772E-05
4.129367E+03	1.137122E-04	2.242211E-05
4.139270E+03	1.146307E-04	2.260239E-05
4.149172E+03	1.155776E-04	2.278823E-05
4.159075E+03	1.165536E-04	2.297979E-05
4.168977E+03	1.175570E-04	2.317674E-05
4.178880E+03	1.185879E-04	2.337909E-05
4.188782E+03	1.196437E-04	2.358631E-05
4.198685E+03	1.207251E-04	2.379857E-05
4.208587E+03	1.218295E-04	2.401534E-05
4.218490E+03	1.229579E-04	2.423680E-05
4.228393E+03	1.241073E-04	2.446239E-05
4.238295E+03	1.252759E-04	2.469172E-05
4.248198E+03	1.264645E-04	2.492499E-05
4.258100E+03	1.276693E-04	2.516139E-05
4.268003E+03	1.288910E-04	2.540112E-05
4.277905E+03	1.301255E-04	2.564334E-05
4.287808E+03	1.313738E-04	2.588825E-05
4.297711E+03	1.326337E-04	2.613540E-05
4.307613E+03	1.339028E-04	2.638435E-05
4.317516E+03	1.351809E-04	2.663504E-05
4.327418E+03	1.364668E-04	2.688723E-05
4.337321E+03	1.377614E-04	2.714110E-05
4.347223E+03	1.390622E-04	2.739619E-05
4.357126E+03	1.403715E-04	2.765289E-05
4.367028E+03	1.416891E-04	2.791119E-05
4.376931E+03	1.430149E-04	2.817109E-05
4.386834E+03	1.443490E-04	2.843258E-05
4.396736E+03	1.456925E-04	2.869590E-05
4.406639E+03	1.470445E-04	2.896083E-05
4.416541E+03	1.484060E-04	2.922763E-05
4.426444E+03	1.497774E-04	2.949633E-05
4.436346E+03	1.511589E-04	2.976697E-05
4.446249E+03	1.525493E-04	3.003934E-05
4.456151E+03	1.539489E-04	3.031349E-05
4.466054E+03	1.553568E-04	3.058922E-05
4.475957E+03	1.567745E-04	3.086684E-05
4.485859E+03	1.581996E-04	3.114589E-05
4.495762E+03	1.596325E-04	3.142644E-05
4.505664E+03	1.610736E-04	3.170855E-05
4.515567E+03	1.625205E-04	3.199176E-05
4.525469E+03	1.639750E-04	3.227643E-05
4.535372E+03	1.654347E-04	3.256209E-05
4.545274E+03	1.669002E-04	3.284883E-05
4.555177E+03	1.683690E-04	3.313619E-05
4.565080E+03	1.698431E-04	3.342455E-05
4.574982E+03	1.713217E-04	3.371374E-05
4.584885E+03	1.728025E-04	3.400331E-05
4.594787E+03	1.742860E-04	3.429339E-05
4.604690E+03	1.757731E-04	3.458413E-05
4.614592E+03	1.772631E-04	3.487537E-05
4.624495E+03	1.787536E-04	3.516668E-05
4.634398E+03	1.802488E-04	3.545887E-05
4.644300E+03	1.817498E-04	3.575214E-05
4.654203E+03	1.832544E-04	3.604609E-05
4.664105E+03	1.847640E-04	3.634096E-05
4.674008E+03	1.862799E-04	3.663700E-05
4.683910E+03	1.877983E-04	3.693350E-05
4.693813E+03	1.893206E-04	3.723072E-05
4.703715E+03	1.908448E-04	3.752827E-05
4.713618E+03	1.923724E-04	3.782642E-05
4.723521E+03	1.939032E-04	3.812514E-05
4.733423E+03	1.954351E-04	3.842404E-05
4.743326E+03	1.969698E-04	3.872343E-05
4.753228E+03	1.985052E-04	3.902291E-05
4.763131E+03	2.000431E-04	3.932280E-05
4.773033E+03	2.015813E-04	3.962271E-05
4.782936E+03	2.031197E-04	3.992261E-05
4.792838E+03	2.046580E-04	4.022243E-05
4.802741E+03	2.061981E-04	4.052254E-05
4.812644E+03	2.077377E-04	4.082250E-05
4.822546E+03	2.092767E-04	4.112227E-05
4.832449E+03	2.108128E-04	4.142142E-05
4.842351E+03	2.123496E-04	4.172065E-05
4.852254E+03	2.138848E-04	4.201950E-05
4.862156E+03	2.154179E-04	4.231787E-05
4.872059E+03	2.169465E-04	4.261530E-05
4.881961E+03	2.184722E-04	4.291210E-05
4.891864E+03	2.199922E-04	4.320772E-05
4.901767E+03	2.215061E-04	4.350207E-05
4.911669E+03	2.230150E-04	4.379540E-05
4.921572E+03	2.245165E-04	4.408719E-05
4.931474E+03	2.260093E-04	4.437720E-05
4.941377E+03	2.274905E-04	4.466489E-05
4.951279E+03	2.289614E-04	4.495048E-05
4.961182E+03	2.304208E-04	4.523375E-05
4.971085E+03	2.318657E-04	4.551410E-05
4.980987E+03	2.332946E-04	4.579126E-05
4.990890E+03	2.347063E-04	4.606496E-05
5.000792E+03	2.360976E-04	4.633460E-05
5.010695E+03	2.374688E-04	4.660023E-05
5.020597E+03	2.388191E-04	4.686169E-05
5.030500E+03	2.401423E-04	4.711777E-05
5.040402E+03	2.414388E-04	4.736855E-05
5.050305E+03	2.427077E-04	4.761383E-05
5.060208E+03	2.439445E-04	4.785276E-05
5.070110E+03	2.451481E-04	4.808511E-05
5.080013E+03	2.463162E-04	4.831044E-05
5.089915E+03	2.474477E-04	4.852853E-05
5.099818E+03	2.485383E-04	4.873852E-05
5.109720E+03	2.495885E-04	4.894054E-05
5.119623E+03	2.505916E-04	4.913326E-05
5.129525E+03	2.515486E-04	4.931688E-05
5.139428E+03	2.524548E-04	4.949047E-05
5.149331E+03	2.533083E-04	4.965368E-05
5.159233E+03	2.541075E-04	4.980618E-05
5.169136E+03	2.548501E-04	4.994755E-05
5.179038E+03	2.555296E-04	5.007649E-05
5.188941E+03	2.561487E-04	5.019354E-05
5.198843E+03	2.567032E-04	5.029788E-05
5.208746E+03	2.571916E-04	5.038921E-05
5.218648E+03	2.576091E-04	5.046661E-05
5.228551E+03	2.579542E-04	5.052978E-05
5.238454E+03	2.582257E-04	5.057849E-05
5.248356E+03	2.584219E-04	5.061241E-05
5.258259E+03	2.585416E-04	5.063133E-05
5.268161E+03	2.585818E-04	5.063463E-05
5.278064E+03	2.585465E-04	5.062310E-05
5.287966E+03	2.584301E-04	5.059568E-05
5.297869E+03	2.582326E-04	5.055234E-05
5.307772E+03	2.579591E-04	5.049412E-05
5.317674E+03	2.576052E-04	5.042012E-05
5.327577E+03	2.571765E-04	5.033146E-05
5.337479E+03	2.566714E-04	5.022784E-05
5.347382E+03	2.560942E-04	5.011010E-05
5.357284E+03	2.554438E-04	4.997801E-05
5.367187E+03	2.547275E-04	4.983304E-05
5.377089E+03	2.539447E-04	4.967505E-05
5.386992E+03	2.531012E-04	4.950516E-05
5.396895E+03	2.521941E-04	4.932286E-05
5.406797E+03	2.512296E-04	4.912933E-05
5.416700E+03	2.502085E-04	4.892472E-05
5.426602E+03	2.491319E-04	4.870929E-05
5.436505E+03	2.480062E-04	4.848425E-05
5.446407E+03	2.468306E-04	4.824947E-05
5.456310E+03	2.456068E-04	4.800529E-05
5.466212E+03	2.443391E-04	4.775255E-05
5.476115E+03	2.430272E-04	4.749117E-05
5.486018E+03	2.416782E-04	4.722257E-05
5.495920E+03	2.402891E-04	4.694617E-05
5.505823E+03	2.388699E-04	4.666391E-05
5.515725E+03	2.374227E-04	4.637619E-05
5.525628E+03	2.359496E-04	4.608345E-05
5.535530E+03	2.344552E-04	4.578657E-05
5.545433E+03	2.329440E-04	4.548646E-05
5.555335E+03	2.314179E-04	4.518346E-05
5.565238E+03	2.298858E-04	4.487931E-05
5.575141E+03	2.283470E-04	4.457391E-05
5.585043E+03	2.268102E-04	4.426892E-05
5.594946E+03	2.252742E-04	4.396413E-05
5.604848E+03	2.237471E-04	4.366110E-05
5.614751E+03	2.222321E-04	4.336048E-05
5.624653E+03	2.207303E-04	4.306246E-05
5.634556E+03	2.192466E-04	4.276800E-05
5.644459E+03	2.177834E-04	4.247759E-05
5.654361E+03	2.163458E-04	4.219220E-05
5.664264E+03	2.149359E-04	4.191223E-05
5.674166E+03	2.135536E-04	4.163770E-05
5.684069E+03	2.122053E-04	4.136982E-05
5.693971E+03	2.108926E-04	4.110892E-05
5.703874E+03	2.096151E-04	4.085489E-05
5.713776E+03	2.083763E-04	4.060845E-05
5.723679E+03	2.071798E-04	4.037028E-05
5.733582E+03	2.060270E-04	4.014064E-05
5.743484E+03	2.049166E-04	3.991928E-05
5.753387E+03	2.038517E-04	3.970682E-05
5.763289E+03	2.028357E-04	3.950389E-05
5.773192E+03	2.018692E-04	3.931064E-05
5.783094E+03	2.009510E-04	3.912678E-05
5.792997E+03	2.000836E-04	3.895285E-05
5.802899E+03	1.992678E-04	3.878897E-05
5.812802E+03	1.985062E-04	3.863564E-05
5.822705E+03	1.977994E-04	3.849300E-05
5.832607E+03	1.971453E-04	3.836061E-05
5.842510E+03	1.965468E-04	3.823903E-05
5.852412E+03	1.960016E-04	3.812783E-05
5.862315E+03	1.955165E-04	3.802831E-05
5.872217E+03	1.950849E-04	3.793921E-05
5.882120E+03	1.947092E-04	3.786094E-05
5.892022E+03	1.943913E-04	3.779391E-05
5.901925E+03	1.941289E-04	3.773765E-05
5.911828E+03	1.939217E-04	3.769210E-05
5.921730E+03	1.937715E-04	3.765763E-05
5.931633E+03	1.936758E-04	3.763370E-05
5.941535E+03	1.936362E-04	3.762065E-05
5.951438E+03	1.936476E-04	3.761750E-05
5.961340E+03	1.937140E-04	3.762496E-05
5.971243E+03	1.938299E-04	3.764203E-05
5.981146E+03	1.939992E-04	3.766942E-05
5.991048E+03	1.942141E-04	3.770562E-05
6.000951E+03	1.944782E-04	3.775132E-05
6.010853E+03	1.947882E-04	3.780589E-05
6.020756E+03	1.951430E-04	3.786909E-05
6.030658E+03	1.955369E-04	3.793983E-05
6.040561E+03	1.959732E-04	3.801874E-05
6.050463E+03	1.964435E-04	3.810420E-05
6.060366E+03	1.969515E-04	3.819690E-05
6.070269E+03	1.974882E-04	3.829511E-05
6.080171E+03	1.980526E-04	3.839860E-05
6.090074E+03	1.986404E-04	3.850658E-05
6.099976E+03	1.992501E-04	3.861874E-05
6.109879E+03	1.998726E-04	3.873329E-05
6.119781E+03	2.005060E-04	3.884990E-05
6.129684E+03	2.011460E-04	3.896770E-05
6.139586E+03	2.017907E-04	3.908634E-05
6.149489E+03	2.024378E-04	3.920537E-05
6.159392E+03	2.030909E-04	3.932551E-05
6.169294E+03	2.037558E-04	3.944784E-05
6.179197E+03	2.044338E-04	3.957262E-05
6.189099E+03	2.051287E-04	3.970060E-05
6.199002E+03	2.058444E-04	3.983252E-05
6.208904E+03	2.065828E-04	3.996876E-05
6.218807E+03	2.073480E-04	4.011009E-05
6.228709E+03	2.081424E-04	4.025700E-05
6.238612E+03	2.089680E-04	4.040985E-05
6.248515E+03	2.098300E-04	4.056963E-05
6.258417E+03	2.107281E-04	4.073631E-05
6.268320E+03	2.116679E-04	4.091096E-05
6.278222E+03	2.126465E-04	4.109300E-05
6.288125E+03	2.136671E-04	4.128305E-05
6.298027E+03	2.147295E-04	4.148108E-05
6.307930E+03	2.158373E-04	4.168777E-05
6.317833E+03	2.169876E-04	4.190255E-05
6.327735E+03	2.181808E-04	4.212548E-05
6.337638E+03	2.194142E-04	4.235607E-05
6.347540E+03	2.206816E-04	4.259311E-05
6.357443E+03	2.219802E-04	4.283603E-05
6.367345E+03	2.233095E-04	4.308474E-05
6.377248E+03	2.246703E-04	4.333939E-05
6.387150E+03	2.260621E-04	4.359990E-05
6.397053E+03	2.274890E-04	4.386703E-05
6.406956E+03	2.289541E-04	4.414140E-05
6.416858E+03	2.304583E-04	4.442315E-05
6.426761E+03	2.319984E-04	4.471167E-05
6.436663E+03	2.335821E-04	4.500844E-05
6.446566E+03	2.352095E-04	4.531348E-05
6.456468E+03	2.368783E-04	4.562632E-05
6.466371E+03	2.385920E-04	4.594767E-05
6.476273E+03	2.403521E-04	4.627777E-05
6.486176E+03	2.421549E-04	4.661593E-05
6.496079E+03	2.440013E-04	4.696229E-05
6.505981E+03	2.458995E-04	4.731846E-05
6.515884E+03	2.478387E-04	4.768233E-05
6.525786E+03	2.498275E-04	4.805553E-05
6.535689E+03	2.518666E-04	4.843823E-05
6.545591E+03	2.539483E-04	4.882892E-05
6.555494E+03	2.560818E-04	4.922938E-05
6.565396E+03	2.582593E-04	4.963808E-05
6.575299E+03	2.604900E-04	5.005677E-05
6.585202E+03	2.627658E-04	5.048394E-05
6.595104E+03	2.650918E-04	5.092052E-05
6.605007E+03	2.674686E-04	5.136664E-05
6.614909E+03	2.698925E-04	5.182156E-05
6.624812E+03	2.723636E-04	5.228532E-05
6.634714E+03	2.748874E-04	5.275895E-05
6.644617E+03	2.774600E-04	5.324169E-05
6.654520E+03	2.800814E-04	5.373355E-05
6.664422E+03	2.827525E-04	5.423469E-05
6.674325E+03	2.854737E-04	5.474517E-05
6.684227E+03	2.882454E-04	5.526507E-05
6.694130E+03	2.910681E-04	5.579448E-05
6.704032E+03	2.939373E-04	5.633253E-05
6.713935E+03	2.968585E-04	5.688024E-05
6.723837E+03	2.998319E-04	5.743769E-05
6.733740E+03	3.028530E-04	5.800396E-05
6.743643E+03	3.059271E-04	5.858010E-05
6.753545E+03	3.090494E-04	5.916516E-05
6.763448E+03	3.122201E-04	5.975918E-05
6.773350E+03	3.154395E-04	6.036220E-05
6.783253E+03	3.187076E-04	6.097422E-05
6.793155E+03	3.220305E-04	6.159642E-05
6.803058E+03	3.253969E-04	6.222659E-05
6.812960E+03	3.288126E-04	6.286584E-05
6.822863E+03	3.322779E-04	6.351425E-05
6.832766E+03	3.357865E-04	6.417058E-05
6.842668E+03	3.393448E-04	6.483607E-05
6.852571E+03	3.429530E-04	6.551072E-05
6.862473E+03	3.466044E-04	6.619326E-05
6.872376E+03	3.502991E-04	6.688370E-05
6.882278E+03	3.540433E-04	6.758323E-05
6.892181E+03	3.578304E-04	6.829057E-05
6.902083E+03	3.616601E-04	6.900566E-05
6.911986E+03	3.655322E-04	6.972845E-05
6.921889E+03	3.694465E-04	7.045889E-05
6.931791E+03	3.733954E-04	7.119553E-05
6.941694E+03	3.773928E-04	7.194103E-05
6.951596E+03	3.814241E-04	7.269258E-05
6.961499E+03	3.854958E-04	7.345141E-05
6.971401E+03	3.896002E-04	7.421607E-05
6.981304E+03	3.937366E-04	7.498639E-05
6.991207E+03	3.979120E-04	7.576373E-05
7.001109E+03	4.021180E-04	7.654647E-05
7.011012E+03	4.063459E-04	7.733294E-05
7.020914E+03	4.106112E-04	7.812607E-05
7.030817E+03	4.149048E-04	7.892418E-05
7.040719E+03	4.192176E-04	7.972549E-05
7.050622E+03	4.235573E-04	8.053147E-05
7.060524E+03	4.279140E-04	8.134024E-05
7.070427E+03	4.322955E-04	8.215327E-05
7.080330E+03	4.366922E-04	8.296873E-05
7.090232E+03	4.411119E-04	8.378811E-05
7.100135E+03	4.455354E-04	8.460776E-05
7.110037E+03	4.499701E-04	8.542908E-05
7.119940E+03	4.544249E-04	8.625374E-05
7.129842E+03	4.588791E-04	8.707784E-05
7.139745E+03	4.633311E-04	8.790106E-05
7.149647E+03	4.677895E-04	8.872502E-05
7.159550E+03	4.722526E-04	8.954942E-05
7.169453E+03	4.767091E-04	9.037209E-05
7.179355E+03	4.811673E-04	9.119464E-05
7.189258E+03	4.856158E-04	9.201487E-05
7.199160E+03	4.900523E-04	9.283238E-05
7.209063E+03	4.944861E-04	9.364890E-05
7.218965E+03	4.989046E-04	9.446207E-05
7.228868E+03	5.033169E-04	9.527361E-05
7.238770E+03	5.077109E-04	9.608122E-05
7.248673E+03	5.120843E-04	9.688448E-05
7.258576E+03	5.164582E-04	9.768737E-05
7.268478E+03	5.208087E-04	9.848539E-05
7.278381E+03	5.251571E-04	9.928256E-05
7.288283E+03	5.294910E-04	1.000765E-04
7.298186E+03	5.338210E-04	1.008693E-04
7.308088E+03	5.381588E-04	1.016631E-04
7.317991E+03	5.424916E-04	1.024555E-04
7.327894E+03	5.468438E-04	1.032512E-04
7.337796E+03	5.512158E-04	1.040501E-04
7.347699E+03	5.556212E-04	1.048549E-04
7.357601E+03	5.600609E-04	1.056657E-04
7.367504E+03	5.645362E-04	1.064828E-04
7.377406E+03	5.690619E-04	1.073088E-04
7.387309E+03	5.736128E-04	1.081393E-04
7.397211E+03	5.781905E-04	1.089742E-04
7.407114E+03	5.827825E-04	1.098115E-04
7.417017E+03	5.874033E-04	1.106536E-04
7.426919E+03	5.920402E-04	1.114984E-04
7.436822E+03	5.966802E-04	1.123432E-04
7.446724E+03	6.013236E-04	1.131883E-04
7.456627E+03	6.059705E-04	1.140335E-04
7.466529E+03	6.106072E-04	1.148764E-04
7.476432E+03	6.152478E-04	1.157195E-04
7.486334E+03	6.198625E-04	1.165574E-04
7.496237E+03	6.244810E-04	1.173954E-04
7.506140E+03	6.290875E-04	1.182308E-04
7.516042E+03	6.336814E-04	1.190634E-04
7.525945E+03	6.382461E-04	1.198900E-04
7.535847E+03	6.427956E-04	1.207134E-04
7.545750E+03	6.473281E-04	1.215331E-04
7.555652E+03	6.518425E-04	1.223490E-04
7.565555E+03	6.563197E-04	1.231575E-04
7.575457E+03	6.607733E-04	1.239612E-04
7.585360E+03	6.651841E-04	1.247564E-04
7.595263E+03	6.695819E-04	1.255487E-04
7.605165E+03	6.739125E-04	1.263281E-04
7.615068E+03	6.782226E-04	1.271033E-04
7.624970E+03	6.824911E-04	1.278702E-04
7.634873E+03	6.866959E-04	1.286248E-04
7.644775E+03	6.908491E-04	1.293694E-04
7.654678E+03	6.949458E-04	1.301031E-04
7.664581E+03	6.989802E-04	1.308247E-04
7.674483E+03	7.029467E-04	1.315333E-04
7.684386E+03	7.068577E-04	1.322312E-04
7.694288E+03	7.106709E-04	1.329105E-04
7.704191E+03	7.144167E-04	1.335768E-04
7.714093E+03	7.180892E-04	1.342291E-04
7.723996E+03	7.216447E-04	1.348593E-04
7.733898E+03	7.251339E-04	1.354768E-04
7.743801E+03	7.285323E-04	1.360771E-04
7.753704E+03	7.318144E-04	1.366554E-04
7.763606E+03	7.350135E-04	1.372179E-04
7.773509E+03	7.381051E-04	1.377602E-04
7.783411E+03	7.411036E-04	1.382849E-04
7.793314E+03	7.440047E-04	1.387912E-04
7.803216E+03	7.468242E-04	1.392821E-04
7.813119E+03	7.495384E-04	1.397532E-04
7.823021E+03	7.521641E-04	1.402076E-04
7.832924E+03	7.547192E-04	1.406487E-04
7.842827E+03	7.571807E-04	1.410723E-04
7.852729E+03	7.595886E-04	1.414857E-04
7.862632E+03	7.619420E-04	1.418889E-04
7.872534E+03	7.642614E-04	1.422856E-04
7.882437E+03	7.665685E-04	1.426799E-04
7.892339E+03	7.688216E-04	1.430641E-04
7.902242E+03	7.710645E-04	1.434463E-04
7.912144E+03	7.732772E-04	1.438229E-04
7.922047E+03	7.754617E-04	1.441941E-04
7.931950E+03	7.775764E-04	1.445522E-04
7.941852E+03	7.796234E-04	1.448978E-04
7.951755E+03	7.816055E-04	1.452312E-04
7.961657E+03	7.835030E-04	1.455489E-04
7.971560E+03	7.853193E-04	1.458515E-04
7.981462E+03	7.870576E-04	1.461396E-04
7.991365E+03	7.886772E-04	1.464058E-04
8.001268E+03	7.902269E-04	1.466589E-04
8.011170E+03	7.916660E-04	1.468916E-04
8.021073E+03	7.930220E-04	1.471089E-04
8.030975E+03	7.942773E-04	1.473076E-04
8.040878E+03	7.954371E-04	1.474886E-04
8.050780E+03	7.964841E-04	1.476489E-04
8.060683E+03	7.974700E-04	1.477979E-04
8.070585E+03	7.983552E-04	1.479284E-04
8.080488E+03	7.991687E-04	1.480458E-04
8.090391E+03	7.998945E-04	1.481470E-04
8.100293E+03	8.005391E-04	1.482334E-04
8.110196E+03	8.011326E-04	1.483105E-04
8.120098E+03	8.016591E-04	1.483754E-04
8.130001E+03	8.021026E-04	1.484251E-04
8.139903E+03	8.025168E-04	1.484696E-04
8.149806E+03	8.028863E-04	1.485061E-04
8.159708E+03	8.032185E-04	1.485358E-04
8.169611E+03	8.034978E-04	1.485560E-04
8.179514E+03	8.037553E-04	1.485725E-04
8.189416E+03	8.039985E-04	1.485865E-04
8.199319E+03	8.042119E-04	1.485953E-04
8.209221E+03	8.044263E-04	1.486046E-04
8.219124E+03	8.046496E-04	1.486157E-04
8.229026E+03	8.048654E-04	1.486258E-04
8.238929E+03	8.050810E-04	1.486361E-04
8.248831E+03	8.053268E-04	1.486522E-04
8.258734E+03	8.055861E-04	1.486712E-04
8.268637E+03	8.058890E-04	1.486985E-04
8.278539E+03	8.062178E-04	1.487309E-04
8.288442E+03	8.065786E-04	1.487694E-04
8.298344E+03	8.069764E-04	1.488152E-04
8.308247E+03	8.074163E-04	1.488690E-04
8.318149E+03	8.079032E-04	1.489318E-04
8.328052E+03	8.084650E-04	1.490087E-04
8.337955E+03	8.090577E-04	1.490916E-04
8.347857E+03	8.097085E-04	1.491856E-04
8.357760E+03	8.104208E-04	1.492912E-04
8.367662E+03	8.111965E-04	1.494089E-04
8.377565E+03	8.120386E-04	1.495391E-04
8.387467E+03	8.129487E-04	1.496822E-04
8.397370E+03	8.139039E-04	1.498340E-04
8.407272E+03	8.149297E-04	1.499991E-04
8.417175E+03	8.160029E-04	1.501733E-04
8.427078E+03	8.171484E-04	1.503612E-04
8.436980E+03	8.183422E-04	1.505583E-04
8.446883E+03	8.196088E-04	1.507692E-04
8.456785E+03	8.209239E-04	1.509894E-04
8.466688E+03	8.222866E-04	1.512187E-04
8.476590E+03	8.237221E-04	1.514619E-04
8.486493E+03	8.251791E-04	1.517094E-04
8.496395E+03	8.267077E-04	1.519704E-04
8.506298E+03	8.282813E-04	1.522402E-04
8.516201E+03	8.298991E-04	1.525185E-04
8.526103E+03	8.315341E-04	1.528004E-04
8.536006E+03	8.332362E-04	1.530951E-04
8.545908E+03	8.349527E-04	1.533929E-04
8.555811E+03	8.367074E-04	1.536981E-04
8.565713E+03	8.384726E-04	1.540058E-04
8.575616E+03	8.402984E-04	1.543251E-04
8.585518E+03	8.421041E-04	1.546412E-04
8.595421E+03	8.439399E-04	1.549633E-04
8.605324E+03	8.457767E-04	1.552861E-04
8.615226E+03	8.476386E-04	1.556141E-04
8.625129E+03	8.494690E-04	1.559368E-04
8.635031E+03	8.513187E-04	1.562636E-04
8.644934E+03	8.531575E-04	1.565890E-04
8.654836E+03	8.549819E-04	1.569123E-04
8.664739E+03	8.567612E-04	1.572280E-04
8.674642E+03	8.585188E-04	1.575402E-04
8.684544E+03	8.602512E-04	1.578485E-04
8.694447E+03	8.619268E-04	1.581469E-04
8.704349E+03	8.635695E-04	1.584400E-04
8.714252E+03	8.651475E-04	1.587219E-04
8.724154E+03	8.666853E-04	1.589970E-04
8.734057E+03	8.681220E-04	1.592543E-04
8.743959E+03	8.695116E-04	1.595036E-04
8.753862E+03	8.707926E-04	1.597338E-04
8.763765E+03	8.720202E-04	1.599548E-04
8.773667E+03	8.731330E-04	1.601555E-04
8.783570E+03	8.742175E-04	1.603518E-04
8.793472E+03	8.752125E-04	1.605325E-04
8.803375E+03	8.761462E-04	1.607026E-04
8.813277E+03	8.770176E-04	1.608621E-04
8.823180E+03	8.778563E-04	1.610164E-04
8.833082E+03	8.786614E-04	1.611654E-04
8.842985E+03	8.794008E-04	1.613031E-04
8.852888E+03	8.801342E-04	1.614405E-04
8.862790E+03	8.807965E-04	1.615657E-04
8.872693E+03	8.814481E-04	1.616897E-04
8.882595E+03	8.820548E-04	1.618063E-04
8.892498E+03	8.826463E-04	1.619209E-04
8.902400E+03	8.831885E-04	1.620272E-04
8.912303E+03	8.837443E-04	1.621368E-04
8.951913E+03	8.855808E-04	1.625118E-04
8.991523E+03	8.872029E-04	1.628591E-04
9.031134E+03	8.887358E-04	1.632012E-04
9.070744E+03	8.904191E-04	1.635816E-04
9.110354E+03	8.924600E-04	1.640378E-04
9.149964E+03	8.950903E-04	1.646122E-04
9.189575E+03	8.985065E-04	1.653406E-04
9.229185E+03	9.027962E-04	1.662389E-04
9.268795E+03	9.080795E-04	1.673292E-04
9.308405E+03	9.142314E-04	1.685883E-04
9.348016E+03	9.211904E-04	1.700050E-04
9.387626E+03	9.286472E-04	1.715221E-04
9.427236E+03	9.364061E-04	1.731033E-04
9.466846E+03	9.441070E-04	1.746818E-04
9.506456E+03	9.514418E-04	1.762001E-04
9.546067E+03	9.581096E-04	1.776020E-04
9.585677E+03	9.638212E-04	1.788330E-04
9.625287E+03	9.682399E-04	1.798299E-04
9.664897E+03	9.711214E-04	1.805460E-04
9.704508E+03	9.721308E-04	1.809178E-04
9.744118E+03	9.711220E-04	1.809167E-04
9.783728E+03	9.680133E-04	1.805259E-04
9.823338E+03	9.625535E-04	1.796968E-04
9.862949E+03	9.548425E-04	1.784465E-04
9.902559E+03	9.448905E-04	1.767751E-04
9.942169E+03	9.326897E-04	1.746795E-04
9.981779E+03	9.184598E-04	1.721993E-04
1.002139E+04	9.024037E-04	1.693709E-04
1.006100E+04	8.848470E-04	1.662543E-04
1.010061E+04	8.659640E-04	1.628810E-04
1.014022E+04	8.459990E-04	1.592961E-04
1.017983E+04	8.253370E-04	1.555713E-04
1.021944E+04	8.041630E-04	1.517410E-04
