#wls	flux	fluxerr
1.584409E+03	2.203010E-03	0.000000E+00
1.624020E+03	2.283663E-03	0.000000E+00
1.663630E+03	2.363372E-03	0.000000E+00
1.703240E+03	2.441480E-03	0.000000E+00
1.742850E+03	2.517496E-03	0.000000E+00
1.782461E+03	2.590610E-03	0.000000E+00
1.822071E+03	2.660176E-03	0.000000E+00
1.861681E+03	2.725479E-03	0.000000E+00
1.901291E+03	2.785498E-03	0.000000E+00
1.940902E+03	2.839389E-03	0.000000E+00
1.980512E+03	2.886276E-03	0.000000E+00
2.020122E+03	2.925242E-03	0.000000E+00
2.059732E+03	2.955151E-03	0.000000E+00
2.099342E+03	2.975110E-03	0.000000E+00
2.138953E+03	2.983876E-03	0.000000E+00
2.178563E+03	2.980340E-03	0.000000E+00
2.218173E+03	2.962845E-03	0.000000E+00
2.257783E+03	2.930105E-03	0.000000E+00
2.297394E+03	2.883094E-03	0.000000E+00
2.337004E+03	2.823406E-03	0.000000E+00
2.376614E+03	2.752192E-03	0.000000E+00
2.416224E+03	2.670257E-03	0.000000E+00
2.455835E+03	2.578295E-03	0.000000E+00
2.495445E+03	2.477197E-03	0.000000E+00
2.535055E+03	2.367688E-03	0.000000E+00
2.574665E+03	2.250826E-03	0.000000E+00
2.614276E+03	2.127565E-03	0.000000E+00
2.653886E+03	1.998851E-03	0.000000E+00
2.693496E+03	1.865969E-03	0.000000E+00
2.733106E+03	1.730133E-03	0.000000E+00
2.772716E+03	1.592676E-03	0.000000E+00
2.812327E+03	1.454991E-03	0.000000E+00
2.851937E+03	1.318609E-03	0.000000E+00
2.891547E+03	1.185313E-03	0.000000E+00
2.931157E+03	1.057055E-03	0.000000E+00
2.970768E+03	9.355343E-04	0.000000E+00
2.980670E+03	9.063637E-04	0.000000E+00
2.990573E+03	8.777490E-04	0.000000E+00
3.000475E+03	8.496561E-04	0.000000E+00
3.010378E+03	8.221152E-04	0.000000E+00
3.020280E+03	7.951702E-04	0.000000E+00
3.030183E+03	7.687902E-04	0.000000E+00
3.040086E+03	7.430155E-04	0.000000E+00
3.049988E+03	7.178492E-04	0.000000E+00
3.059891E+03	6.932939E-04	0.000000E+00
3.069793E+03	6.693524E-04	0.000000E+00
3.079696E+03	6.460532E-04	0.000000E+00
3.089598E+03	6.233814E-04	0.000000E+00
3.099501E+03	6.013485E-04	0.000000E+00
3.109403E+03	5.799516E-04	0.000000E+00
3.119306E+03	5.591870E-04	0.000000E+00
3.129209E+03	5.390611E-04	0.000000E+00
3.139111E+03	5.195775E-04	0.000000E+00
3.149014E+03	5.007097E-04	0.000000E+00
3.158916E+03	4.824778E-04	0.000000E+00
3.168819E+03	4.648633E-04	0.000000E+00
3.178721E+03	4.478641E-04	0.000000E+00
3.188624E+03	4.314689E-04	0.000000E+00
3.198526E+03	4.156588E-04	0.000000E+00
3.208429E+03	4.004430E-04	0.000000E+00
3.218332E+03	3.857873E-04	0.000000E+00
3.228234E+03	3.716984E-04	0.000000E+00
3.238137E+03	3.581608E-04	0.000000E+00
3.248039E+03	3.451486E-04	0.000000E+00
3.257942E+03	3.326637E-04	0.000000E+00
3.267844E+03	3.206801E-04	0.000000E+00
3.277747E+03	3.091878E-04	0.000000E+00
3.287650E+03	2.981715E-04	0.000000E+00
3.297552E+03	2.876202E-04	0.000000E+00
3.307455E+03	2.775141E-04	0.000000E+00
3.317357E+03	2.678383E-04	0.000000E+00
3.327260E+03	2.585779E-04	0.000000E+00
3.337162E+03	2.497220E-04	0.000000E+00
3.347065E+03	2.412522E-04	0.000000E+00
3.356967E+03	2.331543E-04	0.000000E+00
3.366870E+03	2.254152E-04	0.000000E+00
3.376773E+03	2.180180E-04	0.000000E+00
3.386675E+03	2.109503E-04	0.000000E+00
3.396578E+03	2.041997E-04	0.000000E+00
3.406480E+03	1.977514E-04	0.000000E+00
3.416383E+03	1.915943E-04	0.000000E+00
3.426285E+03	1.857147E-04	0.000000E+00
3.436188E+03	1.800999E-04	0.000000E+00
3.446090E+03	1.747383E-04	0.000000E+00
3.455993E+03	1.696165E-04	0.000000E+00
3.465896E+03	1.647255E-04	0.000000E+00
3.475798E+03	1.600535E-04	0.000000E+00
3.485701E+03	1.555876E-04	0.000000E+00
3.495603E+03	1.513144E-04	0.000000E+00
3.505506E+03	1.472260E-04	0.000000E+00
3.515408E+03	1.433109E-04	0.000000E+00
3.525311E+03	1.395552E-04	0.000000E+00
3.535213E+03	1.359507E-04	0.000000E+00
3.545116E+03	1.324885E-04	0.000000E+00
3.555019E+03	1.291589E-04	0.000000E+00
3.564921E+03	1.259519E-04	0.000000E+00
3.574824E+03	1.228630E-04	0.000000E+00
3.584726E+03	1.198855E-04	0.000000E+00
3.594629E+03	1.170131E-04	0.000000E+00
3.604531E+03	1.142453E-04	0.000000E+00
3.614434E+03	1.115778E-04	0.000000E+00
3.624337E+03	1.090078E-04	0.000000E+00
3.634239E+03	1.065329E-04	0.000000E+00
3.644142E+03	1.041510E-04	0.000000E+00
3.654044E+03	1.018588E-04	0.000000E+00
3.663947E+03	9.965556E-05	0.000000E+00
3.673849E+03	9.753698E-05	0.000000E+00
3.683752E+03	9.550137E-05	0.000000E+00
3.693654E+03	9.354768E-05	0.000000E+00
3.703557E+03	9.167085E-05	0.000000E+00
3.713460E+03	8.987131E-05	0.000000E+00
3.723362E+03	8.814411E-05	0.000000E+00
3.733265E+03	8.648883E-05	0.000000E+00
3.743167E+03	8.490280E-05	0.000000E+00
3.753070E+03	8.338339E-05	0.000000E+00
3.762972E+03	8.192872E-05	0.000000E+00
3.772875E+03	8.053628E-05	0.000000E+00
3.782777E+03	7.920422E-05	0.000000E+00
3.792680E+03	7.793078E-05	0.000000E+00
3.802583E+03	7.671357E-05	0.000000E+00
3.812485E+03	7.555091E-05	0.000000E+00
3.822388E+03	7.444112E-05	0.000000E+00
3.832290E+03	7.338206E-05	0.000000E+00
3.842193E+03	7.237213E-05	0.000000E+00
3.852095E+03	7.140988E-05	0.000000E+00
3.861998E+03	7.049328E-05	0.000000E+00
3.871900E+03	6.962095E-05	0.000000E+00
3.881803E+03	6.879103E-05	0.000000E+00
3.891706E+03	6.800275E-05	0.000000E+00
3.901608E+03	6.725434E-05	0.000000E+00
3.911511E+03	6.654461E-05	0.000000E+00
3.921413E+03	6.587140E-05	0.000000E+00
3.931316E+03	6.523465E-05	0.000000E+00
3.941218E+03	6.463227E-05	0.000000E+00
3.951121E+03	6.406329E-05	0.000000E+00
3.961024E+03	6.352626E-05	0.000000E+00
3.970926E+03	6.302072E-05	0.000000E+00
3.980829E+03	6.254486E-05	0.000000E+00
3.990731E+03	6.209833E-05	0.000000E+00
4.000634E+03	6.167937E-05	0.000000E+00
4.010536E+03	6.128768E-05	0.000000E+00
4.020439E+03	6.092164E-05	0.000000E+00
4.030341E+03	6.058056E-05	0.000000E+00
4.040244E+03	6.026379E-05	0.000000E+00
4.050147E+03	5.997073E-05	0.000000E+00
4.060049E+03	5.969986E-05	0.000000E+00
4.069952E+03	5.945069E-05	0.000000E+00
4.079854E+03	5.922220E-05	0.000000E+00
4.089757E+03	5.901395E-05	0.000000E+00
4.099659E+03	5.882549E-05	0.000000E+00
4.109562E+03	5.865548E-05	0.000000E+00
4.119464E+03	5.850400E-05	0.000000E+00
4.129367E+03	5.836978E-05	0.000000E+00
4.139270E+03	5.825250E-05	0.000000E+00
4.149172E+03	5.815185E-05	0.000000E+00
4.159075E+03	5.806664E-05	0.000000E+00
4.168977E+03	5.799663E-05	0.000000E+00
4.178880E+03	5.794114E-05	0.000000E+00
4.188782E+03	5.790039E-05	0.000000E+00
4.198685E+03	5.787288E-05	0.000000E+00
4.208587E+03	5.785887E-05	0.000000E+00
4.218490E+03	5.785733E-05	0.000000E+00
4.228393E+03	5.786857E-05	0.000000E+00
4.238295E+03	5.789113E-05	0.000000E+00
4.248198E+03	5.792494E-05	0.000000E+00
4.258100E+03	5.796990E-05	0.000000E+00
4.268003E+03	5.802460E-05	0.000000E+00
4.277905E+03	5.808946E-05	0.000000E+00
4.287808E+03	5.816260E-05	0.000000E+00
4.297711E+03	5.824447E-05	0.000000E+00
4.307613E+03	5.833275E-05	0.000000E+00
4.317516E+03	5.842741E-05	0.000000E+00
4.327418E+03	5.852985E-05	0.000000E+00
4.337321E+03	5.864007E-05	0.000000E+00
4.347223E+03	5.875859E-05	0.000000E+00
4.357126E+03	5.888548E-05	0.000000E+00
4.367028E+03	5.901989E-05	0.000000E+00
4.376931E+03	5.916285E-05	0.000000E+00
4.386834E+03	5.931354E-05	0.000000E+00
4.396736E+03	5.947212E-05	0.000000E+00
4.406639E+03	5.963827E-05	0.000000E+00
4.416541E+03	5.981217E-05	0.000000E+00
4.426444E+03	5.999305E-05	0.000000E+00
4.436346E+03	6.018161E-05	0.000000E+00
4.446249E+03	6.037714E-05	0.000000E+00
4.456151E+03	6.057938E-05	0.000000E+00
4.466054E+03	6.078915E-05	0.000000E+00
4.475957E+03	6.100526E-05	0.000000E+00
4.485859E+03	6.122804E-05	0.000000E+00
4.495762E+03	6.145784E-05	0.000000E+00
4.505664E+03	6.169401E-05	0.000000E+00
4.515567E+03	6.193697E-05	0.000000E+00
4.525469E+03	6.218613E-05	0.000000E+00
4.535372E+03	6.244190E-05	0.000000E+00
4.545274E+03	6.270424E-05	0.000000E+00
4.555177E+03	6.297310E-05	0.000000E+00
4.565080E+03	6.324791E-05	0.000000E+00
4.574982E+03	6.352976E-05	0.000000E+00
4.584885E+03	6.381754E-05	0.000000E+00
4.594787E+03	6.411178E-05	0.000000E+00
4.604690E+03	6.441255E-05	0.000000E+00
4.614592E+03	6.471927E-05	0.000000E+00
4.624495E+03	6.503312E-05	0.000000E+00
4.634398E+03	6.535300E-05	0.000000E+00
4.644300E+03	6.567953E-05	0.000000E+00
4.654203E+03	6.601392E-05	0.000000E+00
4.664105E+03	6.635568E-05	0.000000E+00
4.674008E+03	6.670547E-05	0.000000E+00
4.683910E+03	6.706399E-05	0.000000E+00
4.693813E+03	6.743136E-05	0.000000E+00
4.703715E+03	6.780771E-05	0.000000E+00
4.713618E+03	6.819440E-05	0.000000E+00
4.723521E+03	6.859037E-05	0.000000E+00
4.733423E+03	6.899700E-05	0.000000E+00
4.743326E+03	6.941447E-05	0.000000E+00
4.753228E+03	6.984236E-05	0.000000E+00
4.763131E+03	7.028209E-05	0.000000E+00
4.773033E+03	7.073330E-05	0.000000E+00
4.782936E+03	7.119614E-05	0.000000E+00
4.792838E+03	7.167088E-05	0.000000E+00
4.802741E+03	7.215770E-05	0.000000E+00
4.812644E+03	7.265820E-05	0.000000E+00
4.822546E+03	7.317063E-05	0.000000E+00
4.832449E+03	7.369654E-05	0.000000E+00
4.842351E+03	7.423554E-05	0.000000E+00
4.852254E+03	7.478856E-05	0.000000E+00
4.862156E+03	7.535518E-05	0.000000E+00
4.872059E+03	7.593564E-05	0.000000E+00
4.881961E+03	7.653091E-05	0.000000E+00
4.891864E+03	7.713983E-05	0.000000E+00
4.901767E+03	7.776337E-05	0.000000E+00
4.911669E+03	7.840178E-05	0.000000E+00
4.921572E+03	7.905528E-05	0.000000E+00
4.931474E+03	7.972342E-05	0.000000E+00
4.941377E+03	8.040637E-05	0.000000E+00
4.951279E+03	8.110513E-05	0.000000E+00
4.961182E+03	8.181839E-05	0.000000E+00
4.971085E+03	8.254790E-05	0.000000E+00
4.980987E+03	8.329228E-05	0.000000E+00
4.990890E+03	8.405170E-05	0.000000E+00
5.000792E+03	8.482715E-05	0.000000E+00
5.010695E+03	8.561794E-05	0.000000E+00
5.020597E+03	8.642426E-05	0.000000E+00
5.030500E+03	8.724538E-05	0.000000E+00
5.040402E+03	8.808224E-05	0.000000E+00
5.050305E+03	8.893497E-05	0.000000E+00
5.060208E+03	8.980196E-05	0.000000E+00
5.070110E+03	9.068410E-05	0.000000E+00
5.080013E+03	9.158149E-05	0.000000E+00
5.089915E+03	9.249414E-05	0.000000E+00
5.099818E+03	9.342123E-05	0.000000E+00
5.109720E+03	9.436276E-05	0.000000E+00
5.119623E+03	9.531779E-05	0.000000E+00
5.129525E+03	9.628816E-05	0.000000E+00
5.139428E+03	9.727197E-05	0.000000E+00
5.149331E+03	9.826917E-05	0.000000E+00
5.159233E+03	9.927966E-05	0.000000E+00
5.169136E+03	1.003043E-04	0.000000E+00
5.179038E+03	1.013411E-04	0.000000E+00
5.188941E+03	1.023898E-04	0.000000E+00
5.198843E+03	1.034522E-04	0.000000E+00
5.208746E+03	1.045252E-04	0.000000E+00
5.218648E+03	1.056105E-04	0.000000E+00
5.228551E+03	1.067067E-04	0.000000E+00
5.238454E+03	1.078137E-04	0.000000E+00
5.248356E+03	1.089321E-04	0.000000E+00
5.258259E+03	1.100593E-04	0.000000E+00
5.268161E+03	1.111961E-04	0.000000E+00
5.278064E+03	1.123418E-04	0.000000E+00
5.287966E+03	1.134960E-04	0.000000E+00
5.297869E+03	1.146592E-04	0.000000E+00
5.307772E+03	1.158285E-04	0.000000E+00
5.317674E+03	1.170044E-04	0.000000E+00
5.327577E+03	1.181859E-04	0.000000E+00
5.337479E+03	1.193712E-04	0.000000E+00
5.347382E+03	1.205617E-04	0.000000E+00
5.357284E+03	1.217552E-04	0.000000E+00
5.367187E+03	1.229495E-04	0.000000E+00
5.377089E+03	1.241435E-04	0.000000E+00
5.386992E+03	1.253371E-04	0.000000E+00
5.396895E+03	1.265266E-04	0.000000E+00
5.406797E+03	1.277119E-04	0.000000E+00
5.416700E+03	1.288915E-04	0.000000E+00
5.426602E+03	1.300614E-04	0.000000E+00
5.436505E+03	1.312198E-04	0.000000E+00
5.446407E+03	1.323664E-04	0.000000E+00
5.456310E+03	1.334981E-04	0.000000E+00
5.466212E+03	1.346116E-04	0.000000E+00
5.476115E+03	1.357038E-04	0.000000E+00
5.486018E+03	1.367753E-04	0.000000E+00
5.495920E+03	1.378200E-04	0.000000E+00
5.505823E+03	1.388370E-04	0.000000E+00
5.515725E+03	1.398231E-04	0.000000E+00
5.525628E+03	1.407758E-04	0.000000E+00
5.535530E+03	1.416932E-04	0.000000E+00
5.545433E+03	1.425715E-04	0.000000E+00
5.555335E+03	1.434102E-04	0.000000E+00
5.565238E+03	1.442055E-04	0.000000E+00
5.575141E+03	1.449541E-04	0.000000E+00
5.585043E+03	1.456568E-04	0.000000E+00
5.594946E+03	1.463103E-04	0.000000E+00
5.604848E+03	1.469112E-04	0.000000E+00
5.614751E+03	1.474593E-04	0.000000E+00
5.624653E+03	1.479546E-04	0.000000E+00
5.634556E+03	1.483925E-04	0.000000E+00
5.644459E+03	1.487734E-04	0.000000E+00
5.654361E+03	1.490975E-04	0.000000E+00
5.664264E+03	1.493624E-04	0.000000E+00
5.674166E+03	1.495688E-04	0.000000E+00
5.684069E+03	1.497146E-04	0.000000E+00
5.693971E+03	1.498008E-04	0.000000E+00
5.703874E+03	1.498271E-04	0.000000E+00
5.713776E+03	1.497952E-04	0.000000E+00
5.723679E+03	1.497018E-04	0.000000E+00
5.733582E+03	1.495522E-04	0.000000E+00
5.743484E+03	1.493435E-04	0.000000E+00
5.753387E+03	1.490781E-04	0.000000E+00
5.763289E+03	1.487567E-04	0.000000E+00
5.773192E+03	1.483804E-04	0.000000E+00
5.783094E+03	1.479520E-04	0.000000E+00
5.792997E+03	1.474727E-04	0.000000E+00
5.802899E+03	1.469440E-04	0.000000E+00
5.812802E+03	1.463660E-04	0.000000E+00
5.822705E+03	1.457434E-04	0.000000E+00
5.832607E+03	1.450767E-04	0.000000E+00
5.842510E+03	1.443692E-04	0.000000E+00
5.852412E+03	1.436214E-04	0.000000E+00
5.862315E+03	1.428370E-04	0.000000E+00
5.872217E+03	1.420181E-04	0.000000E+00
5.882120E+03	1.411668E-04	0.000000E+00
5.892022E+03	1.402854E-04	0.000000E+00
5.901925E+03	1.393760E-04	0.000000E+00
5.911828E+03	1.384425E-04	0.000000E+00
5.921730E+03	1.374837E-04	0.000000E+00
5.931633E+03	1.365052E-04	0.000000E+00
5.941535E+03	1.355075E-04	0.000000E+00
5.951438E+03	1.344925E-04	0.000000E+00
5.961340E+03	1.334640E-04	0.000000E+00
5.971243E+03	1.324208E-04	0.000000E+00
5.981146E+03	1.313679E-04	0.000000E+00
5.991048E+03	1.303041E-04	0.000000E+00
6.000951E+03	1.292328E-04	0.000000E+00
6.010853E+03	1.281556E-04	0.000000E+00
6.020756E+03	1.270726E-04	0.000000E+00
6.030658E+03	1.259855E-04	0.000000E+00
6.040561E+03	1.248957E-04	0.000000E+00
6.050463E+03	1.238047E-04	0.000000E+00
6.060366E+03	1.227137E-04	0.000000E+00
6.070269E+03	1.216242E-04	0.000000E+00
6.080171E+03	1.205372E-04	0.000000E+00
6.090074E+03	1.194538E-04	0.000000E+00
6.099976E+03	1.183767E-04	0.000000E+00
6.109879E+03	1.173083E-04	0.000000E+00
6.119781E+03	1.162509E-04	0.000000E+00
6.129684E+03	1.152053E-04	0.000000E+00
6.139586E+03	1.141723E-04	0.000000E+00
6.149489E+03	1.131510E-04	0.000000E+00
6.159392E+03	1.121420E-04	0.000000E+00
6.169294E+03	1.111460E-04	0.000000E+00
6.179197E+03	1.101618E-04	0.000000E+00
6.189099E+03	1.091915E-04	0.000000E+00
6.199002E+03	1.082384E-04	0.000000E+00
6.208904E+03	1.073013E-04	0.000000E+00
6.218807E+03	1.063820E-04	0.000000E+00
6.228709E+03	1.054837E-04	0.000000E+00
6.238612E+03	1.046052E-04	0.000000E+00
6.248515E+03	1.037508E-04	0.000000E+00
6.258417E+03	1.029223E-04	0.000000E+00
6.268320E+03	1.021183E-04	0.000000E+00
6.278222E+03	1.013431E-04	0.000000E+00
6.288125E+03	1.005984E-04	0.000000E+00
6.298027E+03	9.988396E-05	0.000000E+00
6.307930E+03	9.920139E-05	0.000000E+00
6.317833E+03	9.855500E-05	0.000000E+00
6.327735E+03	9.794332E-05	0.000000E+00
6.337638E+03	9.736783E-05	0.000000E+00
6.347540E+03	9.683137E-05	0.000000E+00
6.357443E+03	9.632966E-05	0.000000E+00
6.367345E+03	9.585982E-05	0.000000E+00
6.377248E+03	9.542045E-05	0.000000E+00
6.387150E+03	9.501015E-05	0.000000E+00
6.397053E+03	9.462603E-05	0.000000E+00
6.406956E+03	9.426810E-05	0.000000E+00
6.416858E+03	9.393497E-05	0.000000E+00
6.426761E+03	9.362664E-05	0.000000E+00
6.436663E+03	9.334166E-05	0.000000E+00
6.446566E+03	9.308004E-05	0.000000E+00
6.456468E+03	9.284182E-05	0.000000E+00
6.466371E+03	9.262550E-05	0.000000E+00
6.476273E+03	9.243256E-05	0.000000E+00
6.486176E+03	9.226302E-05	0.000000E+00
6.496079E+03	9.211538E-05	0.000000E+00
6.505981E+03	9.199113E-05	0.000000E+00
6.515884E+03	9.188880E-05	0.000000E+00
6.525786E+03	9.180836E-05	0.000000E+00
6.535689E+03	9.175130E-05	0.000000E+00
6.545591E+03	9.171464E-05	0.000000E+00
6.555494E+03	9.170283E-05	0.000000E+00
6.565396E+03	9.171140E-05	0.000000E+00
6.575299E+03	9.174334E-05	0.000000E+00
6.585202E+03	9.179711E-05	0.000000E+00
6.595104E+03	9.187271E-05	0.000000E+00
6.605007E+03	9.197169E-05	0.000000E+00
6.614909E+03	9.209246E-05	0.000000E+00
6.624812E+03	9.223501E-05	0.000000E+00
6.634714E+03	9.239934E-05	0.000000E+00
6.644617E+03	9.258700E-05	0.000000E+00
6.654520E+03	9.279482E-05	0.000000E+00
6.664422E+03	9.302592E-05	0.000000E+00
6.674325E+03	9.327873E-05	0.000000E+00
6.684227E+03	9.355320E-05	0.000000E+00
6.694130E+03	9.384929E-05	0.000000E+00
6.704032E+03	9.416701E-05	0.000000E+00
6.713935E+03	9.450796E-05	0.000000E+00
6.723837E+03	9.486878E-05	0.000000E+00
6.733740E+03	9.525109E-05	0.000000E+00
6.743643E+03	9.565486E-05	0.000000E+00
6.753545E+03	9.608005E-05	0.000000E+00
6.763448E+03	9.652660E-05	0.000000E+00
6.773350E+03	9.699449E-05	0.000000E+00
6.783253E+03	9.748365E-05	0.000000E+00
6.793155E+03	9.799225E-05	0.000000E+00
6.803058E+03	9.852198E-05	0.000000E+00
6.812960E+03	9.907281E-05	0.000000E+00
6.822863E+03	9.964283E-05	0.000000E+00
6.832766E+03	1.002338E-04	0.000000E+00
6.842668E+03	1.008457E-04	0.000000E+00
6.852571E+03	1.014765E-04	0.000000E+00
6.862473E+03	1.021261E-04	0.000000E+00
6.872376E+03	1.027964E-04	0.000000E+00
6.882278E+03	1.034854E-04	0.000000E+00
6.892181E+03	1.041929E-04	0.000000E+00
6.902083E+03	1.049208E-04	0.000000E+00
6.911986E+03	1.056671E-04	0.000000E+00
6.921889E+03	1.064317E-04	0.000000E+00
6.931791E+03	1.072124E-04	0.000000E+00
6.941694E+03	1.080132E-04	0.000000E+00
6.951596E+03	1.088321E-04	0.000000E+00
6.961499E+03	1.096688E-04	0.000000E+00
6.971401E+03	1.105212E-04	0.000000E+00
6.981304E+03	1.113914E-04	0.000000E+00
6.991207E+03	1.122769E-04	0.000000E+00
7.001109E+03	1.131823E-04	0.000000E+00
7.011012E+03	1.141007E-04	0.000000E+00
7.020914E+03	1.150364E-04	0.000000E+00
7.030817E+03	1.159871E-04	0.000000E+00
7.040719E+03	1.169551E-04	0.000000E+00
7.050622E+03	1.179356E-04	0.000000E+00
7.060524E+03	1.189331E-04	0.000000E+00
7.070427E+03	1.199428E-04	0.000000E+00
7.080330E+03	1.209669E-04	0.000000E+00
7.090232E+03	1.220053E-04	0.000000E+00
7.100135E+03	1.230580E-04	0.000000E+00
7.110037E+03	1.241222E-04	0.000000E+00
7.119940E+03	1.251978E-04	0.000000E+00
7.129842E+03	1.262871E-04	0.000000E+00
7.139745E+03	1.273874E-04	0.000000E+00
7.149647E+03	1.285012E-04	0.000000E+00
7.159550E+03	1.296229E-04	0.000000E+00
7.169453E+03	1.307576E-04	0.000000E+00
7.179355E+03	1.319025E-04	0.000000E+00
7.189258E+03	1.330573E-04	0.000000E+00
7.199160E+03	1.342217E-04	0.000000E+00
7.209063E+03	1.353954E-04	0.000000E+00
7.218965E+03	1.365782E-04	0.000000E+00
7.228868E+03	1.377728E-04	0.000000E+00
7.238770E+03	1.389729E-04	0.000000E+00
7.248673E+03	1.401872E-04	0.000000E+00
7.258576E+03	1.414127E-04	0.000000E+00
7.268478E+03	1.426457E-04	0.000000E+00
7.278381E+03	1.438957E-04	0.000000E+00
7.288283E+03	1.451561E-04	0.000000E+00
7.298186E+03	1.464365E-04	0.000000E+00
7.308088E+03	1.477337E-04	0.000000E+00
7.317991E+03	1.490511E-04	0.000000E+00
7.327894E+03	1.503922E-04	0.000000E+00
7.337796E+03	1.517571E-04	0.000000E+00
7.347699E+03	1.531533E-04	0.000000E+00
7.357601E+03	1.545849E-04	0.000000E+00
7.367504E+03	1.560487E-04	0.000000E+00
7.377406E+03	1.575454E-04	0.000000E+00
7.387309E+03	1.590752E-04	0.000000E+00
7.397211E+03	1.606349E-04	0.000000E+00
7.407114E+03	1.622208E-04	0.000000E+00
7.417017E+03	1.638292E-04	0.000000E+00
7.426919E+03	1.654600E-04	0.000000E+00
7.436822E+03	1.671091E-04	0.000000E+00
7.446724E+03	1.687720E-04	0.000000E+00
7.456627E+03	1.704526E-04	0.000000E+00
7.466529E+03	1.721420E-04	0.000000E+00
7.476432E+03	1.738395E-04	0.000000E+00
7.486334E+03	1.755444E-04	0.000000E+00
7.496237E+03	1.772561E-04	0.000000E+00
7.506140E+03	1.789734E-04	0.000000E+00
7.516042E+03	1.806913E-04	0.000000E+00
7.525945E+03	1.824087E-04	0.000000E+00
7.535847E+03	1.841289E-04	0.000000E+00
7.545750E+03	1.858461E-04	0.000000E+00
7.555652E+03	1.875640E-04	0.000000E+00
7.565555E+03	1.892720E-04	0.000000E+00
7.575457E+03	1.909780E-04	0.000000E+00
7.585360E+03	1.926759E-04	0.000000E+00
7.595263E+03	1.943644E-04	0.000000E+00
7.605165E+03	1.960420E-04	0.000000E+00
7.615068E+03	1.977121E-04	0.000000E+00
7.624970E+03	1.993680E-04	0.000000E+00
7.634873E+03	2.010082E-04	0.000000E+00
7.644775E+03	2.026362E-04	0.000000E+00
7.654678E+03	2.042504E-04	0.000000E+00
7.664581E+03	2.058437E-04	0.000000E+00
7.674483E+03	2.074196E-04	0.000000E+00
7.684386E+03	2.089767E-04	0.000000E+00
7.694288E+03	2.105131E-04	0.000000E+00
7.704191E+03	2.120269E-04	0.000000E+00
7.714093E+03	2.135224E-04	0.000000E+00
7.723996E+03	2.149918E-04	0.000000E+00
7.733898E+03	2.164334E-04	0.000000E+00
7.743801E+03	2.178574E-04	0.000000E+00
7.753704E+03	2.192560E-04	0.000000E+00
7.763606E+03	2.206341E-04	0.000000E+00
7.773509E+03	2.219902E-04	0.000000E+00
7.783411E+03	2.233227E-04	0.000000E+00
7.793314E+03	2.246365E-04	0.000000E+00
7.803216E+03	2.259372E-04	0.000000E+00
7.813119E+03	2.272235E-04	0.000000E+00
7.823021E+03	2.285010E-04	0.000000E+00
7.832924E+03	2.297757E-04	0.000000E+00
7.842827E+03	2.310407E-04	0.000000E+00
7.852729E+03	2.323218E-04	0.000000E+00
7.862632E+03	2.336058E-04	0.000000E+00
7.872534E+03	2.348994E-04	0.000000E+00
7.882437E+03	2.362165E-04	0.000000E+00
7.892339E+03	2.375508E-04	0.000000E+00
7.902242E+03	2.389024E-04	0.000000E+00
7.912144E+03	2.402718E-04	0.000000E+00
7.922047E+03	2.416524E-04	0.000000E+00
7.931950E+03	2.430377E-04	0.000000E+00
7.941852E+03	2.444210E-04	0.000000E+00
7.951755E+03	2.458023E-04	0.000000E+00
7.961657E+03	2.471676E-04	0.000000E+00
7.971560E+03	2.485244E-04	0.000000E+00
7.981462E+03	2.498584E-04	0.000000E+00
7.991365E+03	2.511702E-04	0.000000E+00
8.001268E+03	2.524523E-04	0.000000E+00
8.011170E+03	2.537058E-04	0.000000E+00
8.021073E+03	2.549230E-04	0.000000E+00
8.030975E+03	2.561127E-04	0.000000E+00
8.040878E+03	2.572679E-04	0.000000E+00
8.050780E+03	2.583820E-04	0.000000E+00
8.060683E+03	2.594635E-04	0.000000E+00
8.070585E+03	2.605058E-04	0.000000E+00
8.080488E+03	2.615105E-04	0.000000E+00
8.090391E+03	2.624864E-04	0.000000E+00
8.100293E+03	2.634197E-04	0.000000E+00
8.110196E+03	2.643120E-04	0.000000E+00
8.120098E+03	2.651727E-04	0.000000E+00
8.130001E+03	2.660039E-04	0.000000E+00
8.139903E+03	2.667997E-04	0.000000E+00
8.149806E+03	2.675623E-04	0.000000E+00
8.159708E+03	2.682936E-04	0.000000E+00
8.169611E+03	2.690041E-04	0.000000E+00
8.179514E+03	2.696800E-04	0.000000E+00
8.189416E+03	2.703397E-04	0.000000E+00
8.199319E+03	2.709699E-04	0.000000E+00
8.209221E+03	2.715810E-04	0.000000E+00
8.219124E+03	2.721755E-04	0.000000E+00
8.229026E+03	2.727559E-04	0.000000E+00
8.238929E+03	2.733169E-04	0.000000E+00
8.248831E+03	2.738689E-04	0.000000E+00
8.258734E+03	2.744147E-04	0.000000E+00
8.268637E+03	2.749486E-04	0.000000E+00
8.278539E+03	2.754813E-04	0.000000E+00
8.288442E+03	2.760069E-04	0.000000E+00
8.298344E+03	2.765363E-04	0.000000E+00
8.308247E+03	2.770633E-04	0.000000E+00
8.318149E+03	2.775905E-04	0.000000E+00
8.328052E+03	2.781280E-04	0.000000E+00
8.337955E+03	2.786618E-04	0.000000E+00
8.347857E+03	2.792100E-04	0.000000E+00
8.357760E+03	2.797668E-04	0.000000E+00
8.367662E+03	2.803423E-04	0.000000E+00
8.377565E+03	2.809212E-04	0.000000E+00
8.387467E+03	2.815138E-04	0.000000E+00
8.397370E+03	2.821216E-04	0.000000E+00
8.407272E+03	2.827461E-04	0.000000E+00
8.417175E+03	2.833887E-04	0.000000E+00
8.427078E+03	2.840507E-04	0.000000E+00
8.436980E+03	2.847332E-04	0.000000E+00
8.446883E+03	2.854286E-04	0.000000E+00
8.456785E+03	2.861462E-04	0.000000E+00
8.466688E+03	2.868872E-04	0.000000E+00
8.476590E+03	2.876432E-04	0.000000E+00
8.486493E+03	2.884236E-04	0.000000E+00
8.496395E+03	2.892198E-04	0.000000E+00
8.506298E+03	2.900411E-04	0.000000E+00
8.516201E+03	2.908785E-04	0.000000E+00
8.526103E+03	2.917322E-04	0.000000E+00
8.536006E+03	2.926106E-04	0.000000E+00
8.545908E+03	2.935045E-04	0.000000E+00
8.555811E+03	2.944134E-04	0.000000E+00
8.565713E+03	2.953458E-04	0.000000E+00
8.575616E+03	2.962824E-04	0.000000E+00
8.585518E+03	2.972408E-04	0.000000E+00
8.595421E+03	2.982013E-04	0.000000E+00
8.605324E+03	2.991813E-04	0.000000E+00
8.615226E+03	3.001607E-04	0.000000E+00
8.625129E+03	3.011471E-04	0.000000E+00
8.635031E+03	3.021488E-04	0.000000E+00
8.644934E+03	3.031446E-04	0.000000E+00
8.654836E+03	3.041425E-04	0.000000E+00
8.664739E+03	3.051404E-04	0.000000E+00
8.674642E+03	3.061364E-04	0.000000E+00
8.684544E+03	3.071282E-04	0.000000E+00
8.694447E+03	3.081238E-04	0.000000E+00
8.704349E+03	3.091013E-04	0.000000E+00
8.714252E+03	3.100782E-04	0.000000E+00
8.724154E+03	3.110529E-04	0.000000E+00
8.734057E+03	3.120232E-04	0.000000E+00
8.743959E+03	3.129766E-04	0.000000E+00
8.753862E+03	3.139321E-04	0.000000E+00
8.763765E+03	3.148881E-04	0.000000E+00
8.773667E+03	3.158429E-04	0.000000E+00
8.783570E+03	3.167949E-04	0.000000E+00
8.793472E+03	3.177313E-04	0.000000E+00
8.803375E+03	3.186616E-04	0.000000E+00
8.813277E+03	3.195735E-04	0.000000E+00
8.823180E+03	3.204761E-04	0.000000E+00
8.833082E+03	3.213457E-04	0.000000E+00
8.842985E+03	3.222036E-04	0.000000E+00
8.852888E+03	3.230250E-04	0.000000E+00
8.862790E+03	3.238202E-04	0.000000E+00
8.872693E+03	3.245878E-04	0.000000E+00
8.882595E+03	3.253264E-04	0.000000E+00
8.892498E+03	3.260230E-04	0.000000E+00
8.902400E+03	3.267001E-04	0.000000E+00
8.912303E+03	3.273448E-04	0.000000E+00
8.951913E+03	3.296042E-04	0.000000E+00
8.991523E+03	3.313976E-04	0.000000E+00
9.031134E+03	3.328037E-04	0.000000E+00
9.070744E+03	3.338973E-04	0.000000E+00
9.110354E+03	3.347749E-04	0.000000E+00
9.149964E+03	3.355245E-04	0.000000E+00
9.189575E+03	3.362328E-04	0.000000E+00
9.229185E+03	3.370061E-04	0.000000E+00
9.268795E+03	3.379003E-04	0.000000E+00
9.308405E+03	3.389572E-04	0.000000E+00
9.348016E+03	3.402208E-04	0.000000E+00
9.387626E+03	3.416669E-04	0.000000E+00
9.427236E+03	3.432910E-04	0.000000E+00
9.466846E+03	3.450193E-04	0.000000E+00
9.506456E+03	3.468040E-04	0.000000E+00
9.546067E+03	3.485704E-04	0.000000E+00
9.585677E+03	3.502365E-04	0.000000E+00
9.625287E+03	3.517163E-04	0.000000E+00
9.664897E+03	3.528993E-04	0.000000E+00
9.704508E+03	3.536754E-04	0.000000E+00
9.744118E+03	3.539678E-04	0.000000E+00
9.783728E+03	3.536905E-04	0.000000E+00
9.823338E+03	3.527766E-04	0.000000E+00
9.862949E+03	3.512120E-04	0.000000E+00
9.902559E+03	3.489822E-04	0.000000E+00
9.942169E+03	3.460673E-04	0.000000E+00
9.981779E+03	3.425581E-04	0.000000E+00
1.002139E+04	3.385062E-04	0.000000E+00
1.006100E+04	3.339120E-04	0.000000E+00
1.010061E+04	3.289348E-04	0.000000E+00
1.014022E+04	3.236088E-04	0.000000E+00
1.017983E+04	3.179932E-04	0.000000E+00
1.021944E+04	3.121699E-04	0.000000E+00
