#wls	flux	fluxerr
1.600000E+03	2.483795E-16	2.709512E-17
1.640000E+03	2.569296E-16	2.801480E-17
1.680000E+03	2.654120E-16	2.892589E-17
1.720000E+03	2.738047E-16	2.982595E-17
1.760000E+03	2.819993E-16	3.070316E-17
1.800000E+03	2.899545E-16	3.155300E-17
1.840000E+03	2.975683E-16	3.236439E-17
1.880000E+03	3.047805E-16	3.313081E-17
1.920000E+03	3.114959E-16	3.384193E-17
1.960000E+03	3.176119E-16	3.448666E-17
2.000000E+03	3.229729E-16	3.504821E-17
2.040000E+03	3.274697E-16	3.551484E-17
2.080000E+03	3.309703E-16	3.587237E-17
2.120000E+03	3.332848E-16	3.610042E-17
2.160000E+03	3.342422E-16	3.618070E-17
2.200000E+03	3.336389E-16	3.609147E-17
2.240000E+03	3.312944E-16	3.581352E-17
2.280000E+03	3.271492E-16	3.534084E-17
2.320000E+03	3.212160E-16	3.467520E-17
2.360000E+03	3.136947E-16	3.383861E-17
2.400000E+03	3.047621E-16	3.285054E-17
2.440000E+03	2.945762E-16	3.172838E-17
2.480000E+03	2.833183E-16	3.049200E-17
2.520000E+03	2.711264E-16	2.915658E-17
2.560000E+03	2.581217E-16	2.773543E-17
2.600000E+03	2.444640E-16	2.624600E-17
2.640000E+03	2.302713E-16	2.470118E-17
2.680000E+03	2.156930E-16	2.311723E-17
2.720000E+03	2.008594E-16	2.150828E-17
2.760000E+03	1.859342E-16	1.989200E-17
2.800000E+03	1.710633E-16	1.828410E-17
2.840000E+03	1.564090E-16	1.670196E-17
2.880000E+03	1.421333E-16	1.516290E-17
2.920000E+03	1.283921E-16	1.368350E-17
2.960000E+03	1.153289E-16	1.227895E-17
3.000000E+03	1.030655E-16	1.096206E-17
3.010000E+03	1.001353E-16	1.064764E-17
3.020000E+03	9.726312E-17	1.033955E-17
3.030000E+03	9.444735E-17	1.003759E-17
3.040000E+03	9.169266E-17	9.742277E-18
3.050000E+03	8.899727E-17	9.453400E-18
3.060000E+03	8.636148E-17	9.170994E-18
3.070000E+03	8.378554E-17	8.895079E-18
3.080000E+03	8.127307E-17	8.626036E-18
3.090000E+03	7.882056E-17	8.363489E-18
3.100000E+03	7.643125E-17	8.107776E-18
3.110000E+03	7.410334E-17	7.858703E-18
3.120000E+03	7.183814E-17	7.616404E-18
3.130000E+03	6.963534E-17	7.380841E-18
3.140000E+03	6.749460E-17	7.151973E-18
3.150000E+03	6.541560E-17	6.929763E-18
3.160000E+03	6.339914E-17	6.714290E-18
3.170000E+03	6.144351E-17	6.505367E-18
3.180000E+03	5.954931E-17	6.303056E-18
3.190000E+03	5.771587E-17	6.107279E-18
3.200000E+03	5.594243E-17	5.917952E-18
3.210000E+03	5.422918E-17	5.735089E-18
3.220000E+03	5.257332E-17	5.558389E-18
3.230000E+03	5.097667E-17	5.388043E-18
3.240000E+03	4.943558E-17	5.223657E-18
3.250000E+03	4.795156E-17	5.065388E-18
3.260000E+03	4.652186E-17	4.912940E-18
3.270000E+03	4.514614E-17	4.766272E-18
3.280000E+03	4.382320E-17	4.625256E-18
3.290000E+03	4.255118E-17	4.489687E-18
3.300000E+03	4.133019E-17	4.359576E-18
3.310000E+03	4.015768E-17	4.234647E-18
3.320000E+03	3.903246E-17	4.114773E-18
3.330000E+03	3.795448E-17	3.999943E-18
3.340000E+03	3.692128E-17	3.889894E-18
3.350000E+03	3.593171E-17	3.784501E-18
3.360000E+03	3.498453E-17	3.683631E-18
3.370000E+03	3.407903E-17	3.587203E-18
3.380000E+03	3.321305E-17	3.494989E-18
3.390000E+03	3.238543E-17	3.406861E-18
3.400000E+03	3.159550E-17	3.322746E-18
3.410000E+03	3.084162E-17	3.242469E-18
3.420000E+03	3.012271E-17	3.165912E-18
3.430000E+03	2.943691E-17	3.092878E-18
3.440000E+03	2.878355E-17	3.023292E-18
3.450000E+03	2.816162E-17	2.957046E-18
3.460000E+03	2.756944E-17	2.893961E-18
3.470000E+03	2.700611E-17	2.833939E-18
3.480000E+03	2.647040E-17	2.776849E-18
3.490000E+03	2.596182E-17	2.722636E-18
3.500000E+03	2.547863E-17	2.671116E-18
3.510000E+03	2.502040E-17	2.622242E-18
3.520000E+03	2.458587E-17	2.575879E-18
3.530000E+03	2.417409E-17	2.531924E-18
3.540000E+03	2.378423E-17	2.490290E-18
3.550000E+03	2.341515E-17	2.450856E-18
3.560000E+03	2.306640E-17	2.413570E-18
3.570000E+03	2.273671E-17	2.378300E-18
3.580000E+03	2.242541E-17	2.344973E-18
3.590000E+03	2.213212E-17	2.313548E-18
3.600000E+03	2.185596E-17	2.283931E-18
3.610000E+03	2.159636E-17	2.256060E-18
3.620000E+03	2.135253E-17	2.229852E-18
3.630000E+03	2.112378E-17	2.205233E-18
3.640000E+03	2.090961E-17	2.182150E-18
3.650000E+03	2.070918E-17	2.160513E-18
3.660000E+03	2.052226E-17	2.140297E-18
3.670000E+03	2.034810E-17	2.121421E-18
3.680000E+03	2.018629E-17	2.103844E-18
3.690000E+03	2.003673E-17	2.087552E-18
3.700000E+03	1.989868E-17	2.072468E-18
3.710000E+03	1.977184E-17	2.058559E-18
3.720000E+03	1.965627E-17	2.045830E-18
3.730000E+03	1.955148E-17	2.034230E-18
3.740000E+03	1.945717E-17	2.023725E-18
3.750000E+03	1.937339E-17	2.014319E-18
3.760000E+03	1.929966E-17	2.005963E-18
3.770000E+03	1.923585E-17	1.998641E-18
3.780000E+03	1.918201E-17	1.992358E-18
3.790000E+03	1.913779E-17	1.987076E-18
3.800000E+03	1.910309E-17	1.982784E-18
3.810000E+03	1.907776E-17	1.979465E-18
3.820000E+03	1.906167E-17	1.977104E-18
3.830000E+03	1.905484E-17	1.975704E-18
3.840000E+03	1.905699E-17	1.975233E-18
3.850000E+03	1.906814E-17	1.975693E-18
3.860000E+03	1.908833E-17	1.977088E-18
3.870000E+03	1.911728E-17	1.979386E-18
3.880000E+03	1.915487E-17	1.982575E-18
3.890000E+03	1.920127E-17	1.986672E-18
3.900000E+03	1.925639E-17	1.991666E-18
3.910000E+03	1.931991E-17	1.997522E-18
3.920000E+03	1.939201E-17	2.004261E-18
3.930000E+03	1.947273E-17	2.011883E-18
3.940000E+03	1.956159E-17	2.020338E-18
3.950000E+03	1.965876E-17	2.029644E-18
3.960000E+03	1.976421E-17	2.039795E-18
3.970000E+03	1.987777E-17	2.050775E-18
3.980000E+03	1.999909E-17	2.062545E-18
3.990000E+03	2.012846E-17	2.075136E-18
4.000000E+03	2.026550E-17	2.088505E-18
4.010000E+03	2.040996E-17	2.102628E-18
4.020000E+03	2.056197E-17	2.117516E-18
4.030000E+03	2.072110E-17	2.133125E-18
4.040000E+03	2.088744E-17	2.149464E-18
4.050000E+03	2.106038E-17	2.166467E-18
4.060000E+03	2.124021E-17	2.184165E-18
4.070000E+03	2.142644E-17	2.202507E-18
4.080000E+03	2.161885E-17	2.221469E-18
4.090000E+03	2.181748E-17	2.241054E-18
4.100000E+03	2.202172E-17	2.261199E-18
4.110000E+03	2.223184E-17	2.281932E-18
4.120000E+03	2.244719E-17	2.303185E-18
4.130000E+03	2.266769E-17	2.324949E-18
4.140000E+03	2.289323E-17	2.347213E-18
4.150000E+03	2.312335E-17	2.369927E-18
4.160000E+03	2.335796E-17	2.393084E-18
4.170000E+03	2.359677E-17	2.416653E-18
4.180000E+03	2.383930E-17	2.440584E-18
4.190000E+03	2.408566E-17	2.464888E-18
4.200000E+03	2.433515E-17	2.489493E-18
4.210000E+03	2.458788E-17	2.514409E-18
4.220000E+03	2.484314E-17	2.539565E-18
4.230000E+03	2.510080E-17	2.564947E-18
4.240000E+03	2.536054E-17	2.590521E-18
4.250000E+03	2.562161E-17	2.616211E-18
4.260000E+03	2.588404E-17	2.642020E-18
4.270000E+03	2.614729E-17	2.667892E-18
4.280000E+03	2.641076E-17	2.693766E-18
4.290000E+03	2.667381E-17	2.719578E-18
4.300000E+03	2.693627E-17	2.745309E-18
4.310000E+03	2.719774E-17	2.770920E-18
4.320000E+03	2.745710E-17	2.796297E-18
4.330000E+03	2.771440E-17	2.821443E-18
4.340000E+03	2.796852E-17	2.846247E-18
4.350000E+03	2.821948E-17	2.870711E-18
4.360000E+03	2.846638E-17	2.894743E-18
4.370000E+03	2.870904E-17	2.918327E-18
4.380000E+03	2.894727E-17	2.941441E-18
4.390000E+03	2.918096E-17	2.964078E-18
4.400000E+03	2.941009E-17	2.986235E-18
4.410000E+03	2.963507E-17	3.007953E-18
4.420000E+03	2.985631E-17	3.029277E-18
4.430000E+03	3.007406E-17	3.050230E-18
4.440000E+03	3.028882E-17	3.070865E-18
4.450000E+03	3.050060E-17	3.091182E-18
4.460000E+03	3.071020E-17	3.111265E-18
4.470000E+03	3.091766E-17	3.131117E-18
4.480000E+03	3.112330E-17	3.150769E-18
4.490000E+03	3.132740E-17	3.170251E-18
4.500000E+03	3.153026E-17	3.189596E-18
4.510000E+03	3.173221E-17	3.208833E-18
4.520000E+03	3.193354E-17	3.227995E-18
4.530000E+03	3.213400E-17	3.247054E-18
4.540000E+03	3.233444E-17	3.266098E-18
4.550000E+03	3.253464E-17	3.285103E-18
4.560000E+03	3.273484E-17	3.304096E-18
4.570000E+03	3.293508E-17	3.323078E-18
4.580000E+03	3.313593E-17	3.342108E-18
4.590000E+03	3.333741E-17	3.361187E-18
4.600000E+03	3.353918E-17	3.380282E-18
4.610000E+03	3.374212E-17	3.399480E-18
4.620000E+03	3.394588E-17	3.418746E-18
4.630000E+03	3.415041E-17	3.438077E-18
4.640000E+03	3.435629E-17	3.457528E-18
4.650000E+03	3.456375E-17	3.477123E-18
4.660000E+03	3.477210E-17	3.496794E-18
4.670000E+03	3.498221E-17	3.516626E-18
4.680000E+03	3.519402E-17	3.536614E-18
4.690000E+03	3.540743E-17	3.556748E-18
4.700000E+03	3.562275E-17	3.577058E-18
4.710000E+03	3.583991E-17	3.597537E-18
4.720000E+03	3.605924E-17	3.618218E-18
4.730000E+03	3.628008E-17	3.639035E-18
4.740000E+03	3.650284E-17	3.660028E-18
4.750000E+03	3.672795E-17	3.681240E-18
4.760000E+03	3.695451E-17	3.702581E-18
4.770000E+03	3.718330E-17	3.724129E-18
4.780000E+03	3.741409E-17	3.745860E-18
4.790000E+03	3.764665E-17	3.767750E-18
4.800000E+03	3.788174E-17	3.789877E-18
4.810000E+03	3.811833E-17	3.812137E-18
4.820000E+03	3.835757E-17	3.834643E-18
4.830000E+03	3.859838E-17	3.857288E-18
4.840000E+03	3.884144E-17	3.880141E-18
4.850000E+03	3.908603E-17	3.903128E-18
4.860000E+03	3.933285E-17	3.926318E-18
4.870000E+03	3.958108E-17	3.949630E-18
4.880000E+03	3.983106E-17	3.973099E-18
4.890000E+03	4.008272E-17	3.996716E-18
4.900000E+03	4.033565E-17	4.020441E-18
4.910000E+03	4.058979E-17	4.044266E-18
4.920000E+03	4.084505E-17	4.068184E-18
4.930000E+03	4.110179E-17	4.092229E-18
4.940000E+03	4.135918E-17	4.116319E-18
4.950000E+03	4.161796E-17	4.140528E-18
4.960000E+03	4.187729E-17	4.164771E-18
4.970000E+03	4.213751E-17	4.189082E-18
4.980000E+03	4.239814E-17	4.213414E-18
4.990000E+03	4.265909E-17	4.237758E-18
5.000000E+03	4.292024E-17	4.262101E-18
5.010000E+03	4.318183E-17	4.286467E-18
5.020000E+03	4.344281E-17	4.310752E-18
5.030000E+03	4.370336E-17	4.334974E-18
5.040000E+03	4.396273E-17	4.359059E-18
5.050000E+03	4.422103E-17	4.383016E-18
5.060000E+03	4.447742E-17	4.406765E-18
5.070000E+03	4.473104E-17	4.430218E-18
5.080000E+03	4.498185E-17	4.453373E-18
5.090000E+03	4.522933E-17	4.476178E-18
5.100000E+03	4.547247E-17	4.498535E-18
5.110000E+03	4.571022E-17	4.520339E-18
5.120000E+03	4.594279E-17	4.541612E-18
5.130000E+03	4.616863E-17	4.562201E-18
5.140000E+03	4.638700E-17	4.582034E-18
5.150000E+03	4.659718E-17	4.601041E-18
5.160000E+03	4.679844E-17	4.619150E-18
5.170000E+03	4.698959E-17	4.636244E-18
5.180000E+03	4.717035E-17	4.652300E-18
5.190000E+03	4.733909E-17	4.667154E-18
5.200000E+03	4.749557E-17	4.680786E-18
5.210000E+03	4.763813E-17	4.693035E-18
5.220000E+03	4.776697E-17	4.703919E-18
5.230000E+03	4.788042E-17	4.713278E-18
5.240000E+03	4.797816E-17	4.721081E-18
5.250000E+03	4.805841E-17	4.727156E-18
5.260000E+03	4.812080E-17	4.731466E-18
5.270000E+03	4.816443E-17	4.733927E-18
5.280000E+03	4.818742E-17	4.734356E-18
5.290000E+03	4.818884E-17	4.732663E-18
5.300000E+03	4.816821E-17	4.728805E-18
5.310000E+03	4.812416E-17	4.722649E-18
5.320000E+03	4.805529E-17	4.714061E-18
5.330000E+03	4.796079E-17	4.702963E-18
5.340000E+03	4.783989E-17	4.689283E-18
5.350000E+03	4.769191E-17	4.672960E-18
5.360000E+03	4.751587E-17	4.653898E-18
5.370000E+03	4.731184E-17	4.632108E-18
5.380000E+03	4.707916E-17	4.607529E-18
5.390000E+03	4.681831E-17	4.580211E-18
5.400000E+03	4.652911E-17	4.550140E-18
5.410000E+03	4.621301E-17	4.517461E-18
5.420000E+03	4.587133E-17	4.482307E-18
5.430000E+03	4.550477E-17	4.444748E-18
5.440000E+03	4.511618E-17	4.405065E-18
5.450000E+03	4.470734E-17	4.363436E-18
5.460000E+03	4.427854E-17	4.319890E-18
5.470000E+03	4.383351E-17	4.274793E-18
5.480000E+03	4.337396E-17	4.228316E-18
5.490000E+03	4.290185E-17	4.180650E-18
5.500000E+03	4.241979E-17	4.132050E-18
5.510000E+03	4.193013E-17	4.082747E-18
5.520000E+03	4.143538E-17	4.032987E-18
5.530000E+03	4.093891E-17	3.983097E-18
5.540000E+03	4.044326E-17	3.933323E-18
5.550000E+03	3.995219E-17	3.884033E-18
5.560000E+03	3.946893E-17	3.835540E-18
5.570000E+03	3.899627E-17	3.788113E-18
5.580000E+03	3.853760E-17	3.742080E-18
5.590000E+03	3.809577E-17	3.697717E-18
5.600000E+03	3.767341E-17	3.655276E-18
5.610000E+03	3.727324E-17	3.615018E-18
5.620000E+03	3.689733E-17	3.577144E-18
5.630000E+03	3.654741E-17	3.541816E-18
5.640000E+03	3.622522E-17	3.509201E-18
5.650000E+03	3.593176E-17	3.479393E-18
5.660000E+03	3.566805E-17	3.452485E-18
5.670000E+03	3.543434E-17	3.428501E-18
5.680000E+03	3.523057E-17	3.407429E-18
5.690000E+03	3.505670E-17	3.389263E-18
5.700000E+03	3.491209E-17	3.373938E-18
5.710000E+03	3.479583E-17	3.361362E-18
5.720000E+03	3.470722E-17	3.351463E-18
5.730000E+03	3.464503E-17	3.344122E-18
5.740000E+03	3.460836E-17	3.339248E-18
5.750000E+03	3.459558E-17	3.336680E-18
5.760000E+03	3.460618E-17	3.336366E-18
5.770000E+03	3.463870E-17	3.338163E-18
5.780000E+03	3.469215E-17	3.341973E-18
5.790000E+03	3.476648E-17	3.347789E-18
5.800000E+03	3.486032E-17	3.355477E-18
5.810000E+03	3.497394E-17	3.365060E-18
5.820000E+03	3.510700E-17	3.376503E-18
5.830000E+03	3.525927E-17	3.389783E-18
5.840000E+03	3.543023E-17	3.404846E-18
5.850000E+03	3.562054E-17	3.421754E-18
5.860000E+03	3.582979E-17	3.440466E-18
5.870000E+03	3.605831E-17	3.461010E-18
5.880000E+03	3.630608E-17	3.483384E-18
5.890000E+03	3.657271E-17	3.507546E-18
5.900000E+03	3.685853E-17	3.533528E-18
5.910000E+03	3.716394E-17	3.561363E-18
5.920000E+03	3.748801E-17	3.590962E-18
5.930000E+03	3.783104E-17	3.622352E-18
5.940000E+03	3.819288E-17	3.655515E-18
5.950000E+03	3.857371E-17	3.690467E-18
5.960000E+03	3.897244E-17	3.727100E-18
5.970000E+03	3.938961E-17	3.765466E-18
5.980000E+03	3.982396E-17	3.805440E-18
5.990000E+03	4.027552E-17	3.847025E-18
6.000000E+03	4.074385E-17	3.890176E-18
6.010000E+03	4.122795E-17	3.934796E-18
6.020000E+03	4.172774E-17	3.980875E-18
6.030000E+03	4.224166E-17	4.028263E-18
6.040000E+03	4.276999E-17	4.076986E-18
6.050000E+03	4.331053E-17	4.126832E-18
6.060000E+03	4.386349E-17	4.177818E-18
6.070000E+03	4.442697E-17	4.229766E-18
6.080000E+03	4.500059E-17	4.282634E-18
6.090000E+03	4.558227E-17	4.336226E-18
6.100000E+03	4.617092E-17	4.390437E-18
6.110000E+03	4.676478E-17	4.445098E-18
6.120000E+03	4.736256E-17	4.500088E-18
6.130000E+03	4.796177E-17	4.555168E-18
6.140000E+03	4.856033E-17	4.610143E-18
6.150000E+03	4.915669E-17	4.664864E-18
6.160000E+03	4.974867E-17	4.719125E-18
6.170000E+03	5.033280E-17	4.772600E-18
6.180000E+03	5.090748E-17	4.825134E-18
6.190000E+03	5.147051E-17	4.876525E-18
6.200000E+03	5.202056E-17	4.926645E-18
6.210000E+03	5.255723E-17	4.975459E-18
6.220000E+03	5.308034E-17	5.022952E-18
6.230000E+03	5.359058E-17	5.069191E-18
6.240000E+03	5.409022E-17	5.114392E-18
6.250000E+03	5.457964E-17	5.158593E-18
6.260000E+03	5.505866E-17	5.201778E-18
6.270000E+03	5.553001E-17	5.244206E-18
6.280000E+03	5.599439E-17	5.285946E-18
6.290000E+03	5.645112E-17	5.326932E-18
6.300000E+03	5.690322E-17	5.367452E-18
6.310000E+03	5.734929E-17	5.407375E-18
6.320000E+03	5.779173E-17	5.446927E-18
6.330000E+03	5.822993E-17	5.486050E-18
6.340000E+03	5.866476E-17	5.524830E-18
6.350000E+03	5.909638E-17	5.563279E-18
6.360000E+03	5.952489E-17	5.601409E-18
6.370000E+03	5.995041E-17	5.639230E-18
6.380000E+03	6.037216E-17	5.676672E-18
6.390000E+03	6.078933E-17	5.713657E-18
6.400000E+03	6.120277E-17	5.750267E-18
6.410000E+03	6.161072E-17	5.786337E-18
6.420000E+03	6.201401E-17	5.821945E-18
6.430000E+03	6.241169E-17	5.857003E-18
6.440000E+03	6.280366E-17	5.891503E-18
6.450000E+03	6.319078E-17	5.925527E-18
6.460000E+03	6.357495E-17	5.959252E-18
6.470000E+03	6.395623E-17	5.992685E-18
6.480000E+03	6.433567E-17	6.025927E-18
6.490000E+03	6.471445E-17	6.059085E-18
6.500000E+03	6.509174E-17	6.092084E-18
6.510000E+03	6.546975E-17	6.125133E-18
6.520000E+03	6.584874E-17	6.158253E-18
6.530000E+03	6.622792E-17	6.191372E-18
6.540000E+03	6.660961E-17	6.224707E-18
6.550000E+03	6.699300E-17	6.258183E-18
6.560000E+03	6.737729E-17	6.291724E-18
6.570000E+03	6.776480E-17	6.325549E-18
6.580000E+03	6.815471E-17	6.359580E-18
6.590000E+03	6.854722E-17	6.393835E-18
6.600000E+03	6.894366E-17	6.428440E-18
6.610000E+03	6.934197E-17	6.463201E-18
6.620000E+03	6.974228E-17	6.498133E-18
6.630000E+03	7.014701E-17	6.533459E-18
6.640000E+03	7.055392E-17	6.568973E-18
6.650000E+03	7.096305E-17	6.604676E-18
6.660000E+03	7.137553E-17	6.640676E-18
6.670000E+03	7.179014E-17	6.676858E-18
6.680000E+03	7.220677E-17	6.713213E-18
6.690000E+03	7.262650E-17	6.749841E-18
6.700000E+03	7.304666E-17	6.786495E-18
6.710000E+03	7.346701E-17	6.823153E-18
6.720000E+03	7.388984E-17	6.860027E-18
6.730000E+03	7.431229E-17	6.896854E-18
6.740000E+03	7.473403E-17	6.933603E-18
6.750000E+03	7.515602E-17	6.970362E-18
6.760000E+03	7.557655E-17	7.006976E-18
6.770000E+03	7.599521E-17	7.043406E-18
6.780000E+03	7.641155E-17	7.079612E-18
6.790000E+03	7.682511E-17	7.115552E-18
6.800000E+03	7.723404E-17	7.151055E-18
6.810000E+03	7.763923E-17	7.186205E-18
6.820000E+03	7.804019E-17	7.220958E-18
6.830000E+03	7.843501E-17	7.255139E-18
6.840000E+03	7.882462E-17	7.288834E-18
6.850000E+03	7.920708E-17	7.321864E-18
6.860000E+03	7.958189E-17	7.354187E-18
6.870000E+03	7.994857E-17	7.385759E-18
6.880000E+03	8.030519E-17	7.416402E-18
6.890000E+03	8.065428E-17	7.446353E-18
6.900000E+03	8.099398E-17	7.475441E-18
6.910000E+03	8.132239E-17	7.503491E-18
6.920000E+03	8.164066E-17	7.530614E-18
6.930000E+03	8.194692E-17	7.556637E-18
6.940000E+03	8.224083E-17	7.581530E-18
6.950000E+03	8.252364E-17	7.605411E-18
6.960000E+03	8.279348E-17	7.628110E-18
6.970000E+03	8.305008E-17	7.649603E-18
6.980000E+03	8.329320E-17	7.669870E-18
6.990000E+03	8.352261E-17	7.688892E-18
7.000000E+03	8.373652E-17	7.706506E-18
7.010000E+03	8.393807E-17	7.723002E-18
7.020000E+03	8.412393E-17	7.738078E-18
7.030000E+03	8.429407E-17	7.751730E-18
7.040000E+03	8.445019E-17	7.764118E-18
7.050000E+03	8.459075E-17	7.775103E-18
7.060000E+03	8.471592E-17	7.784701E-18
7.070000E+03	8.482595E-17	7.792937E-18
7.080000E+03	8.492118E-17	7.799845E-18
7.090000E+03	8.500373E-17	7.805621E-18
7.100000E+03	8.507073E-17	7.810003E-18
7.110000E+03	8.512276E-17	7.813047E-18
7.120000E+03	8.516227E-17	7.814977E-18
7.130000E+03	8.519005E-17	7.815870E-18
7.140000E+03	8.520528E-17	7.815650E-18
7.150000E+03	8.521067E-17	7.814568E-18
7.160000E+03	8.520378E-17	7.812401E-18
7.170000E+03	8.518924E-17	7.809575E-18
7.180000E+03	8.516645E-17	7.806037E-18
7.190000E+03	8.513667E-17	7.801903E-18
7.200000E+03	8.509939E-17	7.797127E-18
7.210000E+03	8.505943E-17	7.792152E-18
7.220000E+03	8.501453E-17	7.786772E-18
7.230000E+03	8.496773E-17	7.781266E-18
7.240000E+03	8.491843E-17	7.775580E-18
7.250000E+03	8.486952E-17	7.769980E-18
7.260000E+03	8.482019E-17	7.764391E-18
7.270000E+03	8.477122E-17	7.758886E-18
7.280000E+03	8.472507E-17	7.753692E-18
7.290000E+03	8.468037E-17	7.748681E-18
7.300000E+03	8.463918E-17	7.744046E-18
7.310000E+03	8.459795E-17	7.739462E-18
7.320000E+03	8.455838E-17	7.735082E-18
7.330000E+03	8.452198E-17	7.731049E-18
7.340000E+03	8.448475E-17	7.726996E-18
7.350000E+03	8.444799E-17	7.723042E-18
7.360000E+03	8.440932E-17	7.718971E-18
7.370000E+03	8.436993E-17	7.714893E-18
7.380000E+03	8.432740E-17	7.710586E-18
7.390000E+03	8.428110E-17	7.705996E-18
7.400000E+03	8.423048E-17	7.701070E-18
7.410000E+03	8.417314E-17	7.695592E-18
7.420000E+03	8.410863E-17	7.689520E-18
7.430000E+03	8.403654E-17	7.682818E-18
7.440000E+03	8.395656E-17	7.675459E-18
7.450000E+03	8.387032E-17	7.667591E-18
7.460000E+03	8.377582E-17	7.659033E-18
7.470000E+03	8.367670E-17	7.650119E-18
7.480000E+03	8.357299E-17	7.640851E-18
7.490000E+03	8.346473E-17	7.631234E-18
7.500000E+03	8.335197E-17	7.621272E-18
7.510000E+03	8.323478E-17	7.610974E-18
7.520000E+03	8.311730E-17	7.600715E-18
7.530000E+03	8.299652E-17	7.590220E-18
7.540000E+03	8.287501E-17	7.579722E-18
7.550000E+03	8.275343E-17	7.569281E-18
7.560000E+03	8.263430E-17	7.559127E-18
7.570000E+03	8.251432E-17	7.548956E-18
7.580000E+03	8.239599E-17	7.538996E-18
7.590000E+03	8.227980E-17	7.529292E-18
7.600000E+03	8.216825E-17	7.520069E-18
7.610000E+03	8.205797E-17	7.511021E-18
7.620000E+03	8.195331E-17	7.502542E-18
7.630000E+03	8.185277E-17	7.494498E-18
7.640000E+03	8.175486E-17	7.486748E-18
7.650000E+03	8.166382E-17	7.479682E-18
7.660000E+03	8.157810E-17	7.473155E-18
7.670000E+03	8.149801E-17	7.467197E-18
7.680000E+03	8.142379E-17	7.461829E-18
7.690000E+03	8.135566E-17	7.457068E-18
7.700000E+03	8.129373E-17	7.452927E-18
7.710000E+03	8.124001E-17	7.449588E-18
7.720000E+03	8.119049E-17	7.446684E-18
7.730000E+03	8.114897E-17	7.444562E-18
7.740000E+03	8.111323E-17	7.443018E-18
7.750000E+03	8.108294E-17	7.442022E-18
7.760000E+03	8.105768E-17	7.441534E-18
7.770000E+03	8.103898E-17	7.441696E-18
7.780000E+03	8.102428E-17	7.442270E-18
7.790000E+03	8.101300E-17	7.443204E-18
7.800000E+03	8.100448E-17	7.444437E-18
7.810000E+03	8.100006E-17	7.446091E-18
7.820000E+03	8.099704E-17	7.447918E-18
7.830000E+03	8.099467E-17	7.449847E-18
7.840000E+03	8.099424E-17	7.451998E-18
7.850000E+03	8.099091E-17	7.453923E-18
7.860000E+03	8.098805E-17	7.455933E-18
7.870000E+03	8.098285E-17	7.457769E-18
7.880000E+03	8.097457E-17	7.459360E-18
7.890000E+03	8.096251E-17	7.460643E-18
7.900000E+03	8.094603E-17	7.461555E-18
7.910000E+03	8.092239E-17	7.461846E-18
7.920000E+03	8.089100E-17	7.461457E-18
7.930000E+03	8.085344E-17	7.460534E-18
7.940000E+03	8.080505E-17	7.458645E-18
7.950000E+03	8.074541E-17	7.455750E-18
7.960000E+03	8.067630E-17	7.452012E-18
7.970000E+03	8.059536E-17	7.447210E-18
7.980000E+03	8.050027E-17	7.441129E-18
7.990000E+03	8.039728E-17	7.434345E-18
8.000000E+03	8.028426E-17	7.426658E-18
8.010000E+03	8.016126E-17	7.418072E-18
8.020000E+03	8.003048E-17	7.408789E-18
8.030000E+03	7.989425E-17	7.399023E-18
8.040000E+03	7.974850E-17	7.388396E-18
8.050000E+03	7.959990E-17	7.377524E-18
8.060000E+03	7.944232E-17	7.365836E-18
8.070000E+03	7.928250E-17	7.353960E-18
8.080000E+03	7.911650E-17	7.341525E-18
8.090000E+03	7.894895E-17	7.328962E-18
8.100000E+03	7.877596E-17	7.315908E-18
8.110000E+03	7.859786E-17	7.302393E-18
8.120000E+03	7.841938E-17	7.288854E-18
8.130000E+03	7.823658E-17	7.274926E-18
8.140000E+03	7.805205E-17	7.260847E-18
8.150000E+03	7.786401E-17	7.246453E-18
8.160000E+03	7.767507E-17	7.231982E-18
8.170000E+03	7.748348E-17	7.217274E-18
8.180000E+03	7.729184E-17	7.202569E-18
8.190000E+03	7.709841E-17	7.187704E-18
8.200000E+03	7.690368E-17	7.172724E-18
8.210000E+03	7.671026E-17	7.157872E-18
8.220000E+03	7.651431E-17	7.142789E-18
8.230000E+03	7.632061E-17	7.127921E-18
8.240000E+03	7.612535E-17	7.112912E-18
8.250000E+03	7.593332E-17	7.098208E-18
8.260000E+03	7.574070E-17	7.083453E-18
8.270000E+03	7.555231E-17	7.069095E-18
8.280000E+03	7.536430E-17	7.054777E-18
8.290000E+03	7.517716E-17	7.040542E-18
8.300000E+03	7.499351E-17	7.026636E-18
8.310000E+03	7.481377E-17	7.013099E-18
8.320000E+03	7.463622E-17	6.999769E-18
8.330000E+03	7.446339E-17	6.986883E-18
8.340000E+03	7.429350E-17	6.974275E-18
8.350000E+03	7.412687E-17	6.961975E-18
8.360000E+03	7.396593E-17	6.950211E-18
8.370000E+03	7.380880E-17	6.938806E-18
8.380000E+03	7.365570E-17	6.927783E-18
8.390000E+03	7.350682E-17	6.917158E-18
8.400000E+03	7.336018E-17	6.906745E-18
8.410000E+03	7.322020E-17	6.896962E-18
8.420000E+03	7.308485E-17	6.887616E-18
8.430000E+03	7.295422E-17	6.878719E-18
8.440000E+03	7.282626E-17	6.870075E-18
8.450000E+03	7.270318E-17	6.861894E-18
8.460000E+03	7.258294E-17	6.853983E-18
8.470000E+03	7.246773E-17	6.846551E-18
8.480000E+03	7.235766E-17	6.839606E-18
8.490000E+03	7.225069E-17	6.832958E-18
8.500000E+03	7.214693E-17	6.826616E-18
8.510000E+03	7.204865E-17	6.820797E-18
8.520000E+03	7.195171E-17	6.815108E-18
8.530000E+03	7.186057E-17	6.809972E-18
8.540000E+03	7.177325E-17	6.805202E-18
8.550000E+03	7.168996E-17	6.800818E-18
8.560000E+03	7.161087E-17	6.796837E-18
8.570000E+03	7.153620E-17	6.793281E-18
8.580000E+03	7.146399E-17	6.789962E-18
8.590000E+03	7.139663E-17	6.787110E-18
8.600000E+03	7.133434E-17	6.784745E-18
8.610000E+03	7.127514E-17	6.782680E-18
8.620000E+03	7.121925E-17	6.780936E-18
8.630000E+03	7.116906E-17	6.779741E-18
8.640000E+03	7.112260E-17	6.778907E-18
8.650000E+03	7.108005E-17	6.778453E-18
8.660000E+03	7.104158E-17	6.778396E-18
8.670000E+03	7.100739E-17	6.778755E-18
8.680000E+03	7.097540E-17	6.779331E-18
8.690000E+03	7.095021E-17	6.780566E-18
8.700000E+03	7.092527E-17	6.781833E-18
8.710000E+03	7.090737E-17	6.783782E-18
8.720000E+03	7.088988E-17	6.785779E-18
8.730000E+03	7.087508E-17	6.788044E-18
8.740000E+03	7.086525E-17	6.790793E-18
8.750000E+03	7.085584E-17	6.793594E-18
8.760000E+03	7.084907E-17	6.796657E-18
8.770000E+03	7.084253E-17	6.799754E-18
8.780000E+03	7.083607E-17	6.802868E-18
8.790000E+03	7.082947E-17	6.805978E-18
8.800000E+03	7.082012E-17	6.808835E-18
8.810000E+03	7.081004E-17	6.811632E-18
8.820000E+03	7.079650E-17	6.814106E-18
8.830000E+03	7.077909E-17	6.816215E-18
8.840000E+03	7.075492E-17	6.817684E-18
8.850000E+03	7.072345E-17	6.818457E-18
8.860000E+03	7.068649E-17	6.818707E-18
8.870000E+03	7.064346E-17	6.818379E-18
8.880000E+03	7.059618E-17	6.817647E-18
8.890000E+03	7.054414E-17	6.816461E-18
8.900000E+03	7.048925E-17	6.815005E-18
8.910000E+03	7.043104E-17	6.813233E-18
8.920000E+03	7.036913E-17	6.811108E-18
8.930000E+03	7.030328E-17	6.808605E-18
8.940000E+03	7.023855E-17	6.806214E-18
8.950000E+03	7.017000E-17	6.803456E-18
8.960000E+03	7.010284E-17	6.800836E-18
8.970000E+03	7.003729E-17	6.798373E-18
8.980000E+03	6.997356E-17	6.796089E-18
8.990000E+03	6.990933E-17	6.793758E-18
9.000000E+03	6.985000E-17	6.791905E-18
9.040000E+03	6.964833E-17	6.787975E-18
9.080000E+03	6.953725E-17	6.792908E-18
9.120000E+03	6.953756E-17	6.808781E-18
9.160000E+03	6.966650E-17	6.837338E-18
9.200000E+03	6.993623E-17	6.879846E-18
9.240000E+03	7.033971E-17	6.935689E-18
9.280000E+03	7.088250E-17	7.005490E-18
9.320000E+03	7.154894E-17	7.087775E-18
9.360000E+03	7.233155E-17	7.181869E-18
9.400000E+03	7.321236E-17	7.286046E-18
9.440000E+03	7.418175E-17	7.399397E-18
9.480000E+03	7.522289E-17	7.520281E-18
9.520000E+03	7.631373E-17	7.646520E-18
9.560000E+03	7.744564E-17	7.777264E-18
9.600000E+03	7.859382E-17	7.910025E-18
9.640000E+03	7.973853E-17	8.042805E-18
9.680000E+03	8.087111E-17	8.174709E-18
9.720000E+03	8.197334E-17	8.303867E-18
9.760000E+03	8.302089E-17	8.427769E-18
9.800000E+03	8.400098E-17	8.545067E-18
9.840000E+03	8.488967E-17	8.653259E-18
9.880000E+03	8.568259E-17	8.751828E-18
9.920000E+03	8.635681E-17	8.838355E-18
9.960000E+03	8.689633E-17	8.911113E-18
1.000000E+04	8.729397E-17	8.969271E-18
1.004000E+04	8.753027E-17	9.010733E-18
1.008000E+04	8.759564E-17	9.034409E-18
1.012000E+04	8.749985E-17	9.041201E-18
1.016000E+04	8.722378E-17	9.029038E-18
1.020000E+04	8.677446E-17	8.998546E-18
1.024000E+04	8.616143E-17	8.950620E-18
1.028000E+04	8.538756E-17	8.885473E-18
1.032000E+04	8.445709E-17	8.803466E-18
