#wls	flux	fluxerr
1.600000E+03	1.099745E-16	4.623237E-17
1.640000E+03	1.138233E-16	4.782335E-17
1.680000E+03	1.176023E-16	4.938241E-17
1.720000E+03	1.212609E-16	5.088839E-17
1.760000E+03	1.247912E-16	5.233785E-17
1.800000E+03	1.281349E-16	5.370647E-17
1.840000E+03	1.312536E-16	5.497812E-17
1.880000E+03	1.341278E-16	5.614486E-17
1.920000E+03	1.366905E-16	5.717869E-17
1.960000E+03	1.389061E-16	5.806497E-17
2.000000E+03	1.407168E-16	5.877974E-17
2.040000E+03	1.420861E-16	5.930814E-17
2.080000E+03	1.429396E-16	5.961941E-17
2.120000E+03	1.432197E-16	5.969004E-17
2.160000E+03	1.428693E-16	5.949676E-17
2.200000E+03	1.418011E-16	5.900388E-17
2.240000E+03	1.399442E-16	5.818262E-17
2.280000E+03	1.372852E-16	5.702830E-17
2.320000E+03	1.338605E-16	5.555688E-17
2.360000E+03	1.297911E-16	5.381952E-17
2.400000E+03	1.251775E-16	5.185857E-17
2.440000E+03	1.201086E-16	4.971159E-17
2.480000E+03	1.146787E-16	4.741826E-17
2.520000E+03	1.089468E-16	4.500351E-17
2.560000E+03	1.029827E-16	4.249663E-17
2.600000E+03	9.684731E-17	3.992320E-17
2.640000E+03	9.060642E-17	3.731070E-17
2.680000E+03	8.431602E-17	3.468246E-17
2.720000E+03	7.803443E-17	3.206271E-17
2.760000E+03	7.181822E-17	2.947482E-17
2.800000E+03	6.572183E-17	2.694120E-17
2.840000E+03	5.979854E-17	2.448368E-17
2.880000E+03	5.410119E-17	2.212380E-17
2.920000E+03	4.867823E-17	1.988118E-17
2.960000E+03	4.357307E-17	1.777327E-17
3.000000E+03	3.881997E-17	1.581370E-17
3.010000E+03	3.769074E-17	1.534858E-17
3.020000E+03	3.658441E-17	1.489306E-17
3.030000E+03	3.550270E-17	1.444784E-17
3.040000E+03	3.444479E-17	1.401258E-17
3.050000E+03	3.341140E-17	1.358755E-17
3.060000E+03	3.240316E-17	1.317301E-17
3.070000E+03	3.141856E-17	1.276834E-17
3.080000E+03	3.045949E-17	1.237429E-17
3.090000E+03	2.952449E-17	1.199027E-17
3.100000E+03	2.861463E-17	1.161669E-17
3.110000E+03	2.772907E-17	1.125321E-17
3.120000E+03	2.686765E-17	1.089976E-17
3.130000E+03	2.603118E-17	1.055666E-17
3.140000E+03	2.521838E-17	1.022338E-17
3.150000E+03	2.443045E-17	9.900394E-18
3.160000E+03	2.366568E-17	9.587001E-18
3.170000E+03	2.292511E-17	9.283617E-18
3.180000E+03	2.220756E-17	8.989752E-18
3.190000E+03	2.151351E-17	8.705595E-18
3.200000E+03	2.084221E-17	8.430831E-18
3.210000E+03	2.019366E-17	8.165452E-18
3.220000E+03	1.956745E-17	7.909282E-18
3.230000E+03	1.896317E-17	7.662150E-18
3.240000E+03	1.838012E-17	7.423758E-18
3.250000E+03	1.781846E-17	7.194171E-18
3.260000E+03	1.727747E-17	6.973086E-18
3.270000E+03	1.675696E-17	6.760416E-18
3.280000E+03	1.625620E-17	6.555860E-18
3.290000E+03	1.577474E-17	6.359227E-18
3.300000E+03	1.531234E-17	6.170416E-18
3.310000E+03	1.486829E-17	5.989127E-18
3.320000E+03	1.444233E-17	5.815254E-18
3.330000E+03	1.403396E-17	5.648587E-18
3.340000E+03	1.364230E-17	5.488758E-18
3.350000E+03	1.326726E-17	5.335734E-18
3.360000E+03	1.290818E-17	5.189230E-18
3.370000E+03	1.256457E-17	5.049054E-18
3.380000E+03	1.223596E-17	4.915007E-18
3.390000E+03	1.192160E-17	4.786774E-18
3.400000E+03	1.162134E-17	4.664301E-18
3.410000E+03	1.133460E-17	4.547339E-18
3.420000E+03	1.106083E-17	4.435662E-18
3.430000E+03	1.079958E-17	4.329089E-18
3.440000E+03	1.055049E-17	4.227470E-18
3.450000E+03	1.031292E-17	4.130535E-18
3.460000E+03	1.008662E-17	4.038189E-18
3.470000E+03	9.871005E-18	3.950187E-18
3.480000E+03	9.665755E-18	3.866397E-18
3.490000E+03	9.470442E-18	3.786642E-18
3.500000E+03	9.284659E-18	3.710757E-18
3.510000E+03	9.108027E-18	3.638584E-18
3.520000E+03	8.940179E-18	3.569973E-18
3.530000E+03	8.780678E-18	3.504745E-18
3.540000E+03	8.629111E-18	3.442732E-18
3.550000E+03	8.485187E-18	3.383813E-18
3.560000E+03	8.348536E-18	3.327837E-18
3.570000E+03	8.218902E-18	3.274700E-18
3.580000E+03	8.095873E-18	3.224232E-18
3.590000E+03	7.979224E-18	3.176343E-18
3.600000E+03	7.868668E-18	3.130913E-18
3.610000E+03	7.764081E-18	3.087891E-18
3.620000E+03	7.665121E-18	3.047138E-18
3.630000E+03	7.571609E-18	3.008580E-18
3.640000E+03	7.483159E-18	2.972060E-18
3.650000E+03	7.399623E-18	2.937518E-18
3.660000E+03	7.320787E-18	2.904866E-18
3.670000E+03	7.246447E-18	2.874020E-18
3.680000E+03	7.176473E-18	2.844928E-18
3.690000E+03	7.110739E-18	2.817536E-18
3.700000E+03	7.049059E-18	2.791769E-18
3.710000E+03	6.991378E-18	2.767602E-18
3.720000E+03	6.937516E-18	2.744963E-18
3.730000E+03	6.887482E-18	2.723853E-18
3.740000E+03	6.841161E-18	2.704224E-18
3.750000E+03	6.798437E-18	2.686029E-18
3.760000E+03	6.759258E-18	2.669245E-18
3.770000E+03	6.723629E-18	2.653872E-18
3.780000E+03	6.691433E-18	2.639862E-18
3.790000E+03	6.662676E-18	2.627215E-18
3.800000E+03	6.637240E-18	2.615884E-18
3.810000E+03	6.615075E-18	2.605845E-18
3.820000E+03	6.596177E-18	2.597097E-18
3.830000E+03	6.580547E-18	2.589637E-18
3.840000E+03	6.568073E-18	2.583420E-18
3.850000E+03	6.558807E-18	2.578463E-18
3.860000E+03	6.552585E-18	2.574702E-18
3.870000E+03	6.549513E-18	2.572174E-18
3.880000E+03	6.549428E-18	2.570815E-18
3.890000E+03	6.552433E-18	2.570664E-18
3.900000E+03	6.558420E-18	2.571676E-18
3.910000E+03	6.567385E-18	2.573848E-18
3.920000E+03	6.579273E-18	2.577155E-18
3.930000E+03	6.594082E-18	2.581596E-18
3.940000E+03	6.611755E-18	2.587147E-18
3.950000E+03	6.632343E-18	2.593826E-18
3.960000E+03	6.655738E-18	2.601588E-18
3.970000E+03	6.681937E-18	2.610431E-18
3.980000E+03	6.710887E-18	2.620331E-18
3.990000E+03	6.742636E-18	2.631308E-18
4.000000E+03	6.777134E-18	2.643337E-18
4.010000E+03	6.814323E-18	2.656397E-18
4.020000E+03	6.854153E-18	2.670464E-18
4.030000E+03	6.896675E-18	2.685557E-18
4.040000E+03	6.941786E-18	2.701635E-18
4.050000E+03	6.989538E-18	2.718715E-18
4.060000E+03	7.039828E-18	2.736756E-18
4.070000E+03	7.092659E-18	2.755758E-18
4.080000E+03	7.148035E-18	2.775720E-18
4.090000E+03	7.205908E-18	2.796621E-18
4.100000E+03	7.266227E-18	2.818441E-18
4.110000E+03	7.328944E-18	2.841160E-18
4.120000E+03	7.394126E-18	2.864799E-18
4.130000E+03	7.461667E-18	2.889319E-18
4.140000E+03	7.531579E-18	2.914721E-18
4.150000E+03	7.603756E-18	2.940963E-18
4.160000E+03	7.678213E-18	2.968048E-18
4.170000E+03	7.754961E-18	2.995980E-18
4.180000E+03	7.833896E-18	3.024716E-18
4.190000E+03	7.915035E-18	3.054262E-18
4.200000E+03	7.998271E-18	3.084575E-18
4.210000E+03	8.083619E-18	3.115658E-18
4.220000E+03	8.170969E-18	3.147469E-18
4.230000E+03	8.260341E-18	3.180012E-18
4.240000E+03	8.351619E-18	3.213243E-18
4.250000E+03	8.444757E-18	3.247141E-18
4.260000E+03	8.539636E-18	3.281660E-18
4.270000E+03	8.636269E-18	3.316803E-18
4.280000E+03	8.734533E-18	3.352522E-18
4.290000E+03	8.834369E-18	3.388793E-18
4.300000E+03	8.935649E-18	3.425565E-18
4.310000E+03	9.038232E-18	3.462784E-18
4.320000E+03	9.142049E-18	3.500421E-18
4.330000E+03	9.247025E-18	3.538448E-18
4.340000E+03	9.353007E-18	3.576804E-18
4.350000E+03	9.459912E-18	3.615457E-18
4.360000E+03	9.567574E-18	3.654343E-18
4.370000E+03	9.675977E-18	3.693455E-18
4.380000E+03	9.785021E-18	3.732755E-18
4.390000E+03	9.894847E-18	3.772294E-18
4.400000E+03	1.000536E-17	3.812037E-18
4.410000E+03	1.011662E-17	3.852006E-18
4.420000E+03	1.022861E-17	3.892194E-18
4.430000E+03	1.034149E-17	3.932661E-18
4.440000E+03	1.045517E-17	3.973371E-18
4.450000E+03	1.056964E-17	4.014320E-18
4.460000E+03	1.068498E-17	4.055538E-18
4.470000E+03	1.080119E-17	4.097024E-18
4.480000E+03	1.091827E-17	4.138778E-18
4.490000E+03	1.103615E-17	4.180771E-18
4.500000E+03	1.115490E-17	4.223032E-18
4.510000E+03	1.127446E-17	4.265531E-18
4.520000E+03	1.139483E-17	4.308278E-18
4.530000E+03	1.151604E-17	4.351271E-18
4.540000E+03	1.163788E-17	4.394442E-18
4.550000E+03	1.176050E-17	4.437839E-18
4.560000E+03	1.188381E-17	4.481430E-18
4.570000E+03	1.200785E-17	4.525226E-18
4.580000E+03	1.213243E-17	4.569162E-18
4.590000E+03	1.225769E-17	4.613283E-18
4.600000E+03	1.238345E-17	4.657528E-18
4.610000E+03	1.250990E-17	4.701957E-18
4.620000E+03	1.263683E-17	4.746500E-18
4.630000E+03	1.276431E-17	4.791179E-18
4.640000E+03	1.289228E-17	4.835973E-18
4.650000E+03	1.302093E-17	4.880951E-18
4.660000E+03	1.315010E-17	4.926052E-18
4.670000E+03	1.327999E-17	4.971353E-18
4.680000E+03	1.341058E-17	5.016843E-18
4.690000E+03	1.354185E-17	5.062513E-18
4.700000E+03	1.367401E-17	5.108445E-18
4.710000E+03	1.380694E-17	5.154590E-18
4.720000E+03	1.394075E-17	5.200989E-18
4.730000E+03	1.407532E-17	5.247601E-18
4.740000E+03	1.421078E-17	5.294466E-18
4.750000E+03	1.434687E-17	5.341489E-18
4.760000E+03	1.448372E-17	5.388720E-18
4.770000E+03	1.462120E-17	5.436110E-18
4.780000E+03	1.475947E-17	5.483716E-18
4.790000E+03	1.489837E-17	5.531479E-18
4.800000E+03	1.503795E-17	5.579413E-18
4.810000E+03	1.517816E-17	5.627509E-18
4.820000E+03	1.531905E-17	5.675774E-18
4.830000E+03	1.546062E-17	5.724213E-18
4.840000E+03	1.560271E-17	5.772764E-18
4.850000E+03	1.574548E-17	5.821489E-18
4.860000E+03	1.588894E-17	5.870386E-18
4.870000E+03	1.603291E-17	5.919395E-18
4.880000E+03	1.617741E-17	5.968515E-18
4.890000E+03	1.632256E-17	6.017795E-18
4.900000E+03	1.646805E-17	6.067120E-18
4.910000E+03	1.661416E-17	6.116589E-18
4.920000E+03	1.676069E-17	6.166134E-18
4.930000E+03	1.690746E-17	6.215683E-18
4.940000E+03	1.705459E-17	6.265280E-18
4.950000E+03	1.720201E-17	6.314904E-18
4.960000E+03	1.734949E-17	6.364468E-18
4.970000E+03	1.749712E-17	6.414002E-18
4.980000E+03	1.764448E-17	6.463356E-18
4.990000E+03	1.779180E-17	6.512612E-18
5.000000E+03	1.793881E-17	6.561673E-18
5.010000E+03	1.808519E-17	6.610422E-18
5.020000E+03	1.823099E-17	6.658874E-18
5.030000E+03	1.837586E-17	6.706912E-18
5.040000E+03	1.851966E-17	6.754472E-18
5.050000E+03	1.866218E-17	6.801489E-18
5.060000E+03	1.880323E-17	6.847891E-18
5.070000E+03	1.894243E-17	6.893540E-18
5.080000E+03	1.907971E-17	6.938418E-18
5.090000E+03	1.921469E-17	6.982381E-18
5.100000E+03	1.934711E-17	7.025338E-18
5.110000E+03	1.947652E-17	7.067132E-18
5.120000E+03	1.960283E-17	7.107730E-18
5.130000E+03	1.972541E-17	7.146906E-18
5.140000E+03	1.984433E-17	7.184692E-18
5.150000E+03	1.995893E-17	7.220849E-18
5.160000E+03	2.006912E-17	7.255348E-18
5.170000E+03	2.017437E-17	7.288004E-18
5.180000E+03	2.027422E-17	7.318652E-18
5.190000E+03	2.036853E-17	7.347251E-18
5.200000E+03	2.045681E-17	7.373622E-18
5.210000E+03	2.053876E-17	7.397669E-18
5.220000E+03	2.061407E-17	7.419278E-18
5.230000E+03	2.068225E-17	7.438286E-18
5.240000E+03	2.074299E-17	7.454586E-18
5.250000E+03	2.079584E-17	7.468020E-18
5.260000E+03	2.084071E-17	7.478565E-18
5.270000E+03	2.087716E-17	7.486068E-18
5.280000E+03	2.090496E-17	7.490455E-18
5.290000E+03	2.092391E-17	7.491661E-18
5.300000E+03	2.093360E-17	7.489545E-18
5.310000E+03	2.093391E-17	7.484075E-18
5.320000E+03	2.092469E-17	7.475206E-18
5.330000E+03	2.090589E-17	7.462925E-18
5.340000E+03	2.087726E-17	7.447151E-18
5.350000E+03	2.083904E-17	7.427979E-18
5.360000E+03	2.079128E-17	7.405434E-18
5.370000E+03	2.073411E-17	7.379569E-18
5.380000E+03	2.066748E-17	7.350378E-18
5.390000E+03	2.059205E-17	7.318102E-18
5.400000E+03	2.050792E-17	7.282780E-18
5.410000E+03	2.041584E-17	7.244693E-18
5.420000E+03	2.031603E-17	7.203918E-18
5.430000E+03	2.020916E-17	7.160703E-18
5.440000E+03	2.009576E-17	7.115238E-18
5.450000E+03	1.997683E-17	7.067886E-18
5.460000E+03	1.985278E-17	7.018795E-18
5.470000E+03	1.972410E-17	6.968143E-18
5.480000E+03	1.959113E-17	6.916053E-18
5.490000E+03	1.945462E-17	6.862794E-18
5.500000E+03	1.931501E-17	6.808522E-18
5.510000E+03	1.917290E-17	6.753455E-18
5.520000E+03	1.902897E-17	6.697828E-18
5.530000E+03	1.888389E-17	6.641885E-18
5.540000E+03	1.873832E-17	6.585856E-18
5.550000E+03	1.859313E-17	6.530050E-18
5.560000E+03	1.844900E-17	6.474702E-18
5.570000E+03	1.830693E-17	6.420161E-18
5.580000E+03	1.816737E-17	6.366583E-18
5.590000E+03	1.803144E-17	6.314364E-18
5.600000E+03	1.789952E-17	6.263632E-18
5.610000E+03	1.777249E-17	6.214690E-18
5.620000E+03	1.765118E-17	6.167826E-18
5.630000E+03	1.753584E-17	6.123119E-18
5.640000E+03	1.742753E-17	6.080942E-18
5.650000E+03	1.732659E-17	6.041402E-18
5.660000E+03	1.723328E-17	6.004586E-18
5.670000E+03	1.714855E-17	5.970822E-18
5.680000E+03	1.707239E-17	5.940096E-18
5.690000E+03	1.700527E-17	5.912571E-18
5.700000E+03	1.694767E-17	5.888400E-18
5.710000E+03	1.689979E-17	5.867654E-18
5.720000E+03	1.686184E-17	5.850393E-18
5.730000E+03	1.683400E-17	5.836671E-18
5.740000E+03	1.681657E-17	5.826595E-18
5.750000E+03	1.680987E-17	5.820258E-18
5.760000E+03	1.681363E-17	5.817565E-18
5.770000E+03	1.682851E-17	5.818733E-18
5.780000E+03	1.685422E-17	5.823660E-18
5.790000E+03	1.689120E-17	5.832488E-18
5.800000E+03	1.693934E-17	5.845172E-18
5.810000E+03	1.699890E-17	5.861793E-18
5.820000E+03	1.706994E-17	5.882367E-18
5.830000E+03	1.715272E-17	5.906976E-18
5.840000E+03	1.724713E-17	5.935574E-18
5.850000E+03	1.735321E-17	5.968169E-18
5.860000E+03	1.747124E-17	6.004850E-18
5.870000E+03	1.760144E-17	6.045686E-18
5.880000E+03	1.774351E-17	6.090563E-18
5.890000E+03	1.789786E-17	6.139623E-18
5.900000E+03	1.806435E-17	6.192804E-18
5.910000E+03	1.824319E-17	6.250175E-18
5.920000E+03	1.843441E-17	6.311740E-18
5.930000E+03	1.863780E-17	6.377420E-18
5.940000E+03	1.885355E-17	6.447272E-18
5.950000E+03	1.908160E-17	6.521271E-18
5.960000E+03	1.932167E-17	6.599318E-18
5.970000E+03	1.957409E-17	6.681516E-18
5.980000E+03	1.983829E-17	6.767670E-18
5.990000E+03	2.011432E-17	6.857788E-18
6.000000E+03	2.040197E-17	6.951793E-18
6.010000E+03	2.070075E-17	7.049520E-18
6.020000E+03	2.101061E-17	7.150939E-18
6.030000E+03	2.133069E-17	7.255764E-18
6.040000E+03	2.166110E-17	7.364018E-18
6.050000E+03	2.200085E-17	7.475370E-18
6.060000E+03	2.234969E-17	7.589732E-18
6.070000E+03	2.270678E-17	7.706814E-18
6.080000E+03	2.307150E-17	7.826403E-18
6.090000E+03	2.344283E-17	7.948158E-18
6.100000E+03	2.381976E-17	8.071735E-18
6.110000E+03	2.420173E-17	8.196941E-18
6.120000E+03	2.458700E-17	8.323190E-18
6.130000E+03	2.497490E-17	8.450262E-18
6.140000E+03	2.536385E-17	8.577619E-18
6.150000E+03	2.575283E-17	8.704922E-18
6.160000E+03	2.613951E-17	8.831389E-18
6.170000E+03	2.652309E-17	8.956754E-18
6.180000E+03	2.690150E-17	9.080325E-18
6.190000E+03	2.727334E-17	9.201631E-18
6.200000E+03	2.763687E-17	9.320100E-18
6.210000E+03	2.799188E-17	9.435668E-18
6.220000E+03	2.833864E-17	9.548429E-18
6.230000E+03	2.867759E-17	9.658541E-18
6.240000E+03	2.900927E-17	9.766194E-18
6.250000E+03	2.933327E-17	9.871257E-18
6.260000E+03	2.965114E-17	9.974260E-18
6.270000E+03	2.996227E-17	1.007500E-17
6.280000E+03	3.026765E-17	1.017383E-17
6.290000E+03	3.056799E-17	1.027097E-17
6.300000E+03	3.086285E-17	1.036630E-17
6.310000E+03	3.115308E-17	1.046010E-17
6.320000E+03	3.143913E-17	1.055253E-17
6.330000E+03	3.172156E-17	1.064378E-17
6.340000E+03	3.200007E-17	1.073375E-17
6.350000E+03	3.227525E-17	1.082263E-17
6.360000E+03	3.254728E-17	1.091050E-17
6.370000E+03	3.281636E-17	1.099742E-17
6.380000E+03	3.308222E-17	1.108330E-17
6.390000E+03	3.334460E-17	1.116807E-17
6.400000E+03	3.360320E-17	1.125161E-17
6.410000E+03	3.385819E-17	1.133399E-17
6.420000E+03	3.410927E-17	1.141512E-17
6.430000E+03	3.435509E-17	1.149453E-17
6.440000E+03	3.459728E-17	1.157279E-17
6.450000E+03	3.483602E-17	1.164994E-17
6.460000E+03	3.507199E-17	1.172622E-17
6.470000E+03	3.530643E-17	1.180205E-17
6.480000E+03	3.553904E-17	1.187732E-17
6.490000E+03	3.577111E-17	1.195247E-17
6.500000E+03	3.600286E-17	1.202758E-17
6.510000E+03	3.623510E-17	1.210291E-17
6.520000E+03	3.646695E-17	1.217816E-17
6.530000E+03	3.670033E-17	1.225399E-17
6.540000E+03	3.693432E-17	1.233008E-17
6.550000E+03	3.716974E-17	1.240671E-17
6.560000E+03	3.740681E-17	1.248396E-17
6.570000E+03	3.764513E-17	1.256168E-17
6.580000E+03	3.788551E-17	1.264016E-17
6.590000E+03	3.812812E-17	1.271944E-17
6.600000E+03	3.837257E-17	1.279939E-17
6.610000E+03	3.861899E-17	1.288007E-17
6.620000E+03	3.886753E-17	1.296152E-17
6.630000E+03	3.911898E-17	1.304400E-17
6.640000E+03	3.937220E-17	1.312714E-17
6.650000E+03	3.962791E-17	1.321117E-17
6.660000E+03	3.988626E-17	1.329615E-17
6.670000E+03	4.014666E-17	1.338188E-17
6.680000E+03	4.040986E-17	1.346860E-17
6.690000E+03	4.067524E-17	1.355612E-17
6.700000E+03	4.094358E-17	1.364469E-17
6.710000E+03	4.121351E-17	1.373385E-17
6.720000E+03	4.148573E-17	1.382385E-17
6.730000E+03	4.176104E-17	1.391495E-17
6.740000E+03	4.203799E-17	1.400665E-17
6.750000E+03	4.231732E-17	1.409922E-17
6.760000E+03	4.259828E-17	1.419240E-17
6.770000E+03	4.288159E-17	1.428644E-17
6.780000E+03	4.316650E-17	1.438107E-17
6.790000E+03	4.345297E-17	1.447630E-17
6.800000E+03	4.374172E-17	1.457236E-17
6.810000E+03	4.403116E-17	1.466871E-17
6.820000E+03	4.432278E-17	1.476587E-17
6.830000E+03	4.461494E-17	1.486327E-17
6.840000E+03	4.490918E-17	1.496144E-17
6.850000E+03	4.520375E-17	1.505980E-17
6.860000E+03	4.549856E-17	1.515831E-17
6.870000E+03	4.579431E-17	1.525720E-17
6.880000E+03	4.609089E-17	1.535645E-17
6.890000E+03	4.638643E-17	1.545542E-17
6.900000E+03	4.668253E-17	1.555466E-17
6.910000E+03	4.697813E-17	1.565380E-17
6.920000E+03	4.727396E-17	1.575310E-17
6.930000E+03	4.756807E-17	1.585190E-17
6.940000E+03	4.786117E-17	1.595044E-17
6.950000E+03	4.815305E-17	1.604865E-17
6.960000E+03	4.844262E-17	1.614618E-17
6.970000E+03	4.873059E-17	1.624324E-17
6.980000E+03	4.901679E-17	1.633979E-17
6.990000E+03	4.930010E-17	1.643546E-17
7.000000E+03	4.958030E-17	1.653017E-17
7.010000E+03	4.985723E-17	1.662387E-17
7.020000E+03	5.013169E-17	1.671683E-17
7.030000E+03	5.040158E-17	1.680834E-17
7.040000E+03	5.066873E-17	1.689902E-17
7.050000E+03	5.093101E-17	1.698815E-17
7.060000E+03	5.118931E-17	1.707604E-17
7.070000E+03	5.144253E-17	1.716231E-17
7.080000E+03	5.169159E-17	1.724727E-17
7.090000E+03	5.193644E-17	1.733091E-17
7.100000E+03	5.217601E-17	1.741287E-17
7.110000E+03	5.240921E-17	1.749278E-17
7.120000E+03	5.263812E-17	1.757134E-17
7.130000E+03	5.286167E-17	1.764819E-17
7.140000E+03	5.307991E-17	1.772335E-17
7.150000E+03	5.329285E-17	1.779682E-17
7.160000E+03	5.349943E-17	1.786824E-17
7.170000E+03	5.370082E-17	1.793801E-17
7.180000E+03	5.389596E-17	1.800577E-17
7.190000E+03	5.408490E-17	1.807154E-17
7.200000E+03	5.426884E-17	1.813571E-17
7.210000E+03	5.444673E-17	1.819795E-17
7.220000E+03	5.461975E-17	1.825863E-17
7.230000E+03	5.478571E-17	1.831703E-17
7.240000E+03	5.494580E-17	1.837354E-17
7.250000E+03	5.510009E-17	1.842819E-17
7.260000E+03	5.524862E-17	1.848099E-17
7.270000E+03	5.539144E-17	1.853197E-17
7.280000E+03	5.552860E-17	1.858111E-17
7.290000E+03	5.565895E-17	1.862806E-17
7.300000E+03	5.578367E-17	1.867320E-17
7.310000E+03	5.590280E-17	1.871654E-17
7.320000E+03	5.601639E-17	1.875809E-17
7.330000E+03	5.612320E-17	1.879746E-17
7.340000E+03	5.622449E-17	1.883504E-17
7.350000E+03	5.632150E-17	1.887127E-17
7.360000E+03	5.641183E-17	1.890533E-17
7.370000E+03	5.649673E-17	1.893764E-17
7.380000E+03	5.657626E-17	1.896823E-17
7.390000E+03	5.665175E-17	1.899752E-17
7.400000E+03	5.672202E-17	1.902514E-17
7.410000E+03	5.678842E-17	1.905154E-17
7.420000E+03	5.685236E-17	1.907717E-17
7.430000E+03	5.691271E-17	1.910167E-17
7.440000E+03	5.697220E-17	1.912596E-17
7.450000E+03	5.702840E-17	1.914921E-17
7.460000E+03	5.708280E-17	1.917192E-17
7.470000E+03	5.713425E-17	1.919372E-17
7.480000E+03	5.718426E-17	1.921510E-17
7.490000E+03	5.723035E-17	1.923523E-17
7.500000E+03	5.727402E-17	1.925462E-17
7.510000E+03	5.731542E-17	1.927332E-17
7.520000E+03	5.735338E-17	1.929093E-17
7.530000E+03	5.739075E-17	1.930841E-17
7.540000E+03	5.742500E-17	1.932491E-17
7.550000E+03	5.745761E-17	1.934092E-17
7.560000E+03	5.748737E-17	1.935605E-17
7.570000E+03	5.751574E-17	1.937077E-17
7.580000E+03	5.754145E-17	1.938465E-17
7.590000E+03	5.756594E-17	1.939819E-17
7.600000E+03	5.758790E-17	1.941093E-17
7.610000E+03	5.760737E-17	1.942290E-17
7.620000E+03	5.762574E-17	1.943455E-17
7.630000E+03	5.764163E-17	1.944542E-17
7.640000E+03	5.765501E-17	1.945550E-17
7.650000E+03	5.766725E-17	1.946525E-17
7.660000E+03	5.767687E-17	1.947417E-17
7.670000E+03	5.768523E-17	1.948271E-17
7.680000E+03	5.768940E-17	1.948989E-17
7.690000E+03	5.769207E-17	1.949661E-17
7.700000E+03	5.769317E-17	1.950284E-17
7.710000E+03	5.769108E-17	1.950805E-17
7.720000E+03	5.768712E-17	1.951266E-17
7.730000E+03	5.767965E-17	1.951613E-17
7.740000E+03	5.766848E-17	1.951839E-17
7.750000E+03	5.765487E-17	1.951987E-17
7.760000E+03	5.763861E-17	1.952049E-17
7.770000E+03	5.761951E-17	1.952017E-17
7.780000E+03	5.759585E-17	1.951836E-17
7.790000E+03	5.756886E-17	1.951545E-17
7.800000E+03	5.753832E-17	1.951137E-17
7.810000E+03	5.750400E-17	1.950603E-17
7.820000E+03	5.746563E-17	1.949936E-17
7.830000E+03	5.742299E-17	1.949126E-17
7.840000E+03	5.737732E-17	1.948216E-17
7.850000E+03	5.732690E-17	1.947148E-17
7.860000E+03	5.727149E-17	1.945912E-17
7.870000E+03	5.721091E-17	1.944502E-17
7.880000E+03	5.714793E-17	1.943014E-17
7.890000E+03	5.707937E-17	1.941337E-17
7.900000E+03	5.700656E-17	1.939517E-17
7.910000E+03	5.692785E-17	1.937498E-17
7.920000E+03	5.684612E-17	1.935378E-17
7.930000E+03	5.676131E-17	1.933154E-17
7.940000E+03	5.667028E-17	1.930720E-17
7.950000E+03	5.657755E-17	1.928228E-17
7.960000E+03	5.648158E-17	1.925627E-17
7.970000E+03	5.638237E-17	1.922916E-17
7.980000E+03	5.628149E-17	1.920148E-17
7.990000E+03	5.617748E-17	1.917275E-17
8.000000E+03	5.606890E-17	1.914245E-17
8.010000E+03	5.595892E-17	1.911168E-17
8.020000E+03	5.584308E-17	1.907892E-17
8.030000E+03	5.572614E-17	1.904577E-17
8.040000E+03	5.560372E-17	1.901075E-17
8.050000E+03	5.547909E-17	1.897498E-17
8.060000E+03	5.534941E-17	1.893747E-17
8.070000E+03	5.521802E-17	1.889937E-17
8.080000E+03	5.508211E-17	1.885972E-17
8.090000E+03	5.494352E-17	1.881914E-17
8.100000E+03	5.480101E-17	1.877722E-17
8.110000E+03	5.465645E-17	1.873458E-17
8.120000E+03	5.451016E-17	1.869134E-17
8.130000E+03	5.435942E-17	1.864656E-17
8.140000E+03	5.420762E-17	1.860141E-17
8.150000E+03	5.405359E-17	1.855548E-17
8.160000E+03	5.389768E-17	1.850888E-17
8.170000E+03	5.373873E-17	1.846124E-17
8.180000E+03	5.358012E-17	1.841369E-17
8.190000E+03	5.341915E-17	1.836532E-17
8.200000E+03	5.325771E-17	1.831677E-17
8.210000E+03	5.309615E-17	1.826816E-17
8.220000E+03	5.293325E-17	1.821908E-17
8.230000E+03	5.276937E-17	1.816965E-17
8.240000E+03	5.260635E-17	1.812049E-17
8.250000E+03	5.244450E-17	1.807172E-17
8.260000E+03	5.228112E-17	1.802241E-17
8.270000E+03	5.211952E-17	1.797370E-17
8.280000E+03	5.195848E-17	1.792516E-17
8.290000E+03	5.179829E-17	1.787690E-17
8.300000E+03	5.163923E-17	1.782902E-17
8.310000E+03	5.148155E-17	1.778159E-17
8.320000E+03	5.132551E-17	1.773472E-17
8.330000E+03	5.117135E-17	1.768849E-17
8.340000E+03	5.101930E-17	1.764297E-17
8.350000E+03	5.086957E-17	1.759824E-17
8.360000E+03	5.072090E-17	1.755387E-17
8.370000E+03	5.057495E-17	1.751042E-17
8.380000E+03	5.043190E-17	1.746797E-17
8.390000E+03	5.029045E-17	1.742607E-17
8.400000E+03	5.015225E-17	1.738528E-17
8.410000E+03	5.001596E-17	1.734515E-17
8.420000E+03	4.988318E-17	1.730623E-17
8.430000E+03	4.975259E-17	1.726806E-17
8.440000E+03	4.962430E-17	1.723068E-17
8.450000E+03	4.949989E-17	1.719465E-17
8.460000E+03	4.937799E-17	1.715949E-17
8.470000E+03	4.925871E-17	1.712524E-17
8.480000E+03	4.914214E-17	1.709193E-17
8.490000E+03	4.902835E-17	1.705959E-17
8.500000E+03	4.891744E-17	1.702825E-17
8.510000E+03	4.880801E-17	1.699743E-17
8.520000E+03	4.870305E-17	1.696817E-17
8.530000E+03	4.860120E-17	1.694000E-17
8.540000E+03	4.850104E-17	1.691242E-17
8.550000E+03	4.840410E-17	1.688598E-17
8.560000E+03	4.830899E-17	1.686019E-17
8.570000E+03	4.821725E-17	1.683558E-17
8.580000E+03	4.812745E-17	1.681166E-17
8.590000E+03	4.804116E-17	1.678898E-17
8.600000E+03	4.795694E-17	1.676704E-17
8.610000E+03	4.787489E-17	1.674587E-17
8.620000E+03	4.779505E-17	1.672549E-17
8.630000E+03	4.771749E-17	1.670593E-17
8.640000E+03	4.764377E-17	1.668773E-17
8.650000E+03	4.757097E-17	1.666988E-17
8.660000E+03	4.750066E-17	1.665292E-17
8.670000E+03	4.743141E-17	1.663635E-17
8.680000E+03	4.736626E-17	1.662125E-17
8.690000E+03	4.730081E-17	1.660606E-17
8.700000E+03	4.723959E-17	1.659239E-17
8.710000E+03	4.717819E-17	1.657868E-17
8.720000E+03	4.711964E-17	1.656601E-17
8.730000E+03	4.706100E-17	1.655333E-17
8.740000E+03	4.700532E-17	1.654173E-17
8.750000E+03	4.695116E-17	1.653069E-17
8.760000E+03	4.689701E-17	1.651969E-17
8.770000E+03	4.684293E-17	1.650875E-17
8.780000E+03	4.679043E-17	1.649840E-17
8.790000E+03	4.673799E-17	1.648811E-17
8.800000E+03	4.668562E-17	1.647788E-17
8.810000E+03	4.663329E-17	1.646770E-17
8.820000E+03	4.657944E-17	1.645702E-17
8.830000E+03	4.652402E-17	1.644583E-17
8.840000E+03	4.646693E-17	1.643408E-17
8.850000E+03	4.640651E-17	1.642119E-17
8.860000E+03	4.634580E-17	1.640824E-17
8.870000E+03	4.628310E-17	1.639463E-17
8.880000E+03	4.622145E-17	1.638142E-17
8.890000E+03	4.615914E-17	1.636802E-17
8.900000E+03	4.609763E-17	1.635495E-17
8.910000E+03	4.603518E-17	1.634158E-17
8.920000E+03	4.597651E-17	1.632959E-17
8.930000E+03	4.591828E-17	1.631780E-17
8.940000E+03	4.586211E-17	1.630677E-17
8.950000E+03	4.580955E-17	1.629707E-17
8.960000E+03	4.575895E-17	1.628811E-17
8.970000E+03	4.571025E-17	1.627986E-17
8.980000E+03	4.566506E-17	1.627289E-17
8.990000E+03	4.562334E-17	1.626720E-17
9.000000E+03	4.558501E-17	1.626275E-17
9.040000E+03	4.546916E-17	1.625872E-17
9.080000E+03	4.541573E-17	1.627765E-17
9.120000E+03	4.543136E-17	1.632199E-17
9.160000E+03	4.551473E-17	1.639138E-17
9.200000E+03	4.566779E-17	1.648666E-17
9.240000E+03	4.588876E-17	1.660729E-17
9.280000E+03	4.617376E-17	1.675200E-17
9.320000E+03	4.651895E-17	1.691952E-17
9.360000E+03	4.691832E-17	1.710777E-17
9.400000E+03	4.736323E-17	1.731370E-17
9.440000E+03	4.784724E-17	1.753501E-17
9.480000E+03	4.835878E-17	1.776753E-17
9.520000E+03	4.888310E-17	1.800584E-17
9.560000E+03	4.941357E-17	1.824751E-17
9.600000E+03	4.993531E-17	1.848699E-17
9.640000E+03	5.043305E-17	1.871853E-17
9.680000E+03	5.089802E-17	1.893878E-17
9.720000E+03	5.130855E-17	1.913950E-17
9.760000E+03	5.166052E-17	1.931897E-17
9.800000E+03	5.192945E-17	1.946779E-17
9.840000E+03	5.211395E-17	1.958519E-17
9.880000E+03	5.219948E-17	1.966540E-17
9.920000E+03	5.218105E-17	1.970625E-17
9.960000E+03	5.204320E-17	1.970155E-17
1.000000E+04	5.178927E-17	1.965222E-17
1.004000E+04	5.141230E-17	1.955529E-17
1.008000E+04	5.092113E-17	1.941377E-17
1.012000E+04	5.030909E-17	1.922481E-17
1.016000E+04	4.958526E-17	1.899154E-17
1.020000E+04	4.876073E-17	1.871793E-17
1.024000E+04	4.783847E-17	1.840488E-17
1.028000E+04	4.683652E-17	1.805909E-17
1.032000E+04	4.575436E-17	1.768018E-17
