#wls	flux	fluxerr
1.600000E+03	1.200742E-16	4.104637E-17
1.640000E+03	1.241900E-16	4.242660E-17
1.680000E+03	1.282096E-16	4.377156E-17
1.720000E+03	1.320771E-16	4.506208E-17
1.760000E+03	1.357826E-16	4.629481E-17
1.800000E+03	1.392617E-16	4.744789E-17
1.840000E+03	1.424722E-16	4.850700E-17
1.880000E+03	1.453930E-16	4.946509E-17
1.920000E+03	1.479518E-16	5.029772E-17
1.960000E+03	1.501111E-16	5.099239E-17
2.000000E+03	1.518099E-16	5.152864E-17
2.040000E+03	1.530116E-16	5.189439E-17
2.080000E+03	1.536392E-16	5.206388E-17
2.120000E+03	1.536351E-16	5.201808E-17
2.160000E+03	1.529429E-16	5.173846E-17
2.200000E+03	1.514756E-16	5.119621E-17
2.240000E+03	1.491644E-16	5.036884E-17
2.280000E+03	1.460031E-16	4.925506E-17
2.320000E+03	1.420387E-16	4.787153E-17
2.360000E+03	1.374076E-16	4.626511E-17
2.400000E+03	1.322233E-16	4.447468E-17
2.440000E+03	1.265858E-16	4.253450E-17
2.480000E+03	1.206001E-16	4.048044E-17
2.520000E+03	1.143323E-16	3.833514E-17
2.560000E+03	1.078587E-16	3.612459E-17
2.600000E+03	1.012453E-16	3.387128E-17
2.640000E+03	9.456180E-17	3.159877E-17
2.680000E+03	8.786632E-17	2.932672E-17
2.720000E+03	8.121820E-17	2.707507E-17
2.760000E+03	7.467379E-17	2.486269E-17
2.800000E+03	6.828616E-17	2.270725E-17
2.840000E+03	6.210617E-17	2.062562E-17
2.880000E+03	5.618346E-17	1.863413E-17
2.920000E+03	5.056242E-17	1.674731E-17
2.960000E+03	4.528175E-17	1.497768E-17
3.000000E+03	4.037022E-17	1.333443E-17
3.010000E+03	3.920340E-17	1.294444E-17
3.020000E+03	3.806004E-17	1.256244E-17
3.030000E+03	3.694185E-17	1.218900E-17
3.040000E+03	3.584787E-17	1.182378E-17
3.050000E+03	3.477876E-17	1.146701E-17
3.060000E+03	3.373508E-17	1.111886E-17
3.070000E+03	3.271518E-17	1.077877E-17
3.080000E+03	3.172095E-17	1.044736E-17
3.090000E+03	3.075079E-17	1.012411E-17
3.100000E+03	2.980574E-17	9.809332E-18
3.110000E+03	2.888494E-17	9.502750E-18
3.120000E+03	2.798818E-17	9.204285E-18
3.130000E+03	2.711637E-17	8.914226E-18
3.140000E+03	2.626822E-17	8.632145E-18
3.150000E+03	2.544505E-17	8.358465E-18
3.160000E+03	2.464519E-17	8.092635E-18
3.170000E+03	2.386985E-17	7.835035E-18
3.180000E+03	2.311788E-17	7.585288E-18
3.190000E+03	2.238990E-17	7.343588E-18
3.200000E+03	2.168519E-17	7.109689E-18
3.210000E+03	2.100386E-17	6.883622E-18
3.220000E+03	2.034560E-17	6.665272E-18
3.230000E+03	1.971006E-17	6.454526E-18
3.240000E+03	1.909662E-17	6.251164E-18
3.250000E+03	1.850557E-17	6.055278E-18
3.260000E+03	1.793622E-17	5.866635E-18
3.270000E+03	1.738847E-17	5.685192E-18
3.280000E+03	1.686160E-17	5.510708E-18
3.290000E+03	1.635519E-17	5.343038E-18
3.300000E+03	1.586901E-17	5.182102E-18
3.310000E+03	1.540233E-17	5.027651E-18
3.320000E+03	1.495490E-17	4.879594E-18
3.330000E+03	1.452617E-17	4.737750E-18
3.340000E+03	1.411521E-17	4.601810E-18
3.350000E+03	1.372192E-17	4.471728E-18
3.360000E+03	1.334558E-17	4.347269E-18
3.370000E+03	1.298568E-17	4.228258E-18
3.380000E+03	1.264169E-17	4.114515E-18
3.390000E+03	1.231279E-17	4.005771E-18
3.400000E+03	1.199882E-17	3.901966E-18
3.410000E+03	1.169914E-17	3.802889E-18
3.420000E+03	1.141312E-17	3.708326E-18
3.430000E+03	1.114031E-17	3.618124E-18
3.440000E+03	1.088028E-17	3.532144E-18
3.450000E+03	1.063233E-17	3.450151E-18
3.460000E+03	1.039618E-17	3.372051E-18
3.470000E+03	1.017121E-17	3.297635E-18
3.480000E+03	9.957052E-18	3.226783E-18
3.490000E+03	9.753249E-18	3.159341E-18
3.500000E+03	9.559366E-18	3.095163E-18
3.510000E+03	9.374994E-18	3.034115E-18
3.520000E+03	9.199749E-18	2.976068E-18
3.530000E+03	9.033166E-18	2.920868E-18
3.540000E+03	8.874816E-18	2.868372E-18
3.550000E+03	8.724390E-18	2.818478E-18
3.560000E+03	8.581503E-18	2.771058E-18
3.570000E+03	8.445884E-18	2.726021E-18
3.580000E+03	8.317101E-18	2.683225E-18
3.590000E+03	8.194921E-18	2.642593E-18
3.600000E+03	8.079038E-18	2.604022E-18
3.610000E+03	7.969325E-18	2.567469E-18
3.620000E+03	7.865418E-18	2.532815E-18
3.630000E+03	7.767133E-18	2.499998E-18
3.640000E+03	7.674073E-18	2.468887E-18
3.650000E+03	7.586078E-18	2.439429E-18
3.660000E+03	7.502931E-18	2.411553E-18
3.670000E+03	7.424419E-18	2.385187E-18
3.680000E+03	7.350412E-18	2.360288E-18
3.690000E+03	7.280780E-18	2.336812E-18
3.700000E+03	7.215332E-18	2.314697E-18
3.710000E+03	7.154012E-18	2.293921E-18
3.720000E+03	7.096635E-18	2.274425E-18
3.730000E+03	7.043208E-18	2.256209E-18
3.740000E+03	6.993611E-18	2.239232E-18
3.750000E+03	6.947724E-18	2.223454E-18
3.760000E+03	6.905490E-18	2.208856E-18
3.770000E+03	6.866909E-18	2.195437E-18
3.780000E+03	6.831863E-18	2.183155E-18
3.790000E+03	6.800350E-18	2.172010E-18
3.800000E+03	6.772255E-18	2.161963E-18
3.810000E+03	6.747523E-18	2.152995E-18
3.820000E+03	6.726155E-18	2.145105E-18
3.830000E+03	6.708153E-18	2.138291E-18
3.840000E+03	6.693408E-18	2.132518E-18
3.850000E+03	6.681978E-18	2.127802E-18
3.860000E+03	6.673701E-18	2.124090E-18
3.870000E+03	6.668692E-18	2.121418E-18
3.880000E+03	6.666787E-18	2.119731E-18
3.890000E+03	6.668098E-18	2.119065E-18
3.900000E+03	6.672517E-18	2.119382E-18
3.910000E+03	6.680044E-18	2.120681E-18
3.920000E+03	6.690624E-18	2.122945E-18
3.930000E+03	6.704256E-18	2.126169E-18
3.940000E+03	6.720885E-18	2.130337E-18
3.950000E+03	6.740560E-18	2.135461E-18
3.960000E+03	6.763173E-18	2.141506E-18
3.970000E+03	6.788721E-18	2.148471E-18
3.980000E+03	6.817146E-18	2.156334E-18
3.990000E+03	6.848499E-18	2.165110E-18
4.000000E+03	6.882723E-18	2.174781E-18
4.010000E+03	6.919759E-18	2.185326E-18
4.020000E+03	6.959552E-18	2.196726E-18
4.030000E+03	7.002152E-18	2.208995E-18
4.040000E+03	7.047448E-18	2.222098E-18
4.050000E+03	7.095497E-18	2.236050E-18
4.060000E+03	7.146188E-18	2.250816E-18
4.070000E+03	7.199524E-18	2.266395E-18
4.080000E+03	7.255512E-18	2.282787E-18
4.090000E+03	7.314100E-18	2.299976E-18
4.100000E+03	7.375241E-18	2.317945E-18
4.110000E+03	7.438887E-18	2.336677E-18
4.120000E+03	7.505106E-18	2.356193E-18
4.130000E+03	7.573794E-18	2.376459E-18
4.140000E+03	7.644964E-18	2.397477E-18
4.150000E+03	7.718509E-18	2.419212E-18
4.160000E+03	7.794444E-18	2.441669E-18
4.170000E+03	7.872785E-18	2.464850E-18
4.180000E+03	7.953424E-18	2.488721E-18
4.190000E+03	8.036381E-18	2.513287E-18
4.200000E+03	8.121546E-18	2.538512E-18
4.210000E+03	8.208940E-18	2.564402E-18
4.220000E+03	8.298454E-18	2.590920E-18
4.230000E+03	8.390107E-18	2.618073E-18
4.240000E+03	8.483789E-18	2.645825E-18
4.250000E+03	8.579452E-18	2.674159E-18
4.260000E+03	8.676983E-18	2.703040E-18
4.270000E+03	8.776398E-18	2.732471E-18
4.280000E+03	8.877576E-18	2.762413E-18
4.290000E+03	8.980462E-18	2.792849E-18
4.300000E+03	9.084925E-18	2.823738E-18
4.310000E+03	9.190826E-18	2.855034E-18
4.320000E+03	9.298094E-18	2.886716E-18
4.330000E+03	9.406652E-18	2.918758E-18
4.340000E+03	9.516338E-18	2.951110E-18
4.350000E+03	9.627065E-18	2.983744E-18
4.360000E+03	9.738654E-18	3.016604E-18
4.370000E+03	9.851082E-18	3.049682E-18
4.380000E+03	9.964237E-18	3.082945E-18
4.390000E+03	1.007825E-17	3.116431E-18
4.400000E+03	1.019302E-17	3.150107E-18
4.410000E+03	1.030858E-17	3.183987E-18
4.420000E+03	1.042491E-17	3.218063E-18
4.430000E+03	1.054216E-17	3.252378E-18
4.440000E+03	1.066022E-17	3.286901E-18
4.450000E+03	1.077907E-17	3.321623E-18
4.460000E+03	1.089877E-17	3.356565E-18
4.470000E+03	1.101935E-17	3.391732E-18
4.480000E+03	1.114077E-17	3.427113E-18
4.490000E+03	1.126294E-17	3.462684E-18
4.500000E+03	1.138594E-17	3.498464E-18
4.510000E+03	1.150970E-17	3.534432E-18
4.520000E+03	1.163420E-17	3.570580E-18
4.530000E+03	1.175944E-17	3.606914E-18
4.540000E+03	1.188522E-17	3.643363E-18
4.550000E+03	1.201164E-17	3.679967E-18
4.560000E+03	1.213861E-17	3.716691E-18
4.570000E+03	1.226614E-17	3.753541E-18
4.580000E+03	1.239403E-17	3.790452E-18
4.590000E+03	1.252240E-17	3.827465E-18
4.600000E+03	1.265107E-17	3.864523E-18
4.610000E+03	1.278017E-17	3.901665E-18
4.620000E+03	1.290952E-17	3.938835E-18
4.630000E+03	1.303917E-17	3.976049E-18
4.640000E+03	1.316905E-17	4.013284E-18
4.650000E+03	1.329934E-17	4.050600E-18
4.660000E+03	1.342989E-17	4.087943E-18
4.670000E+03	1.356089E-17	4.125377E-18
4.680000E+03	1.369232E-17	4.162890E-18
4.690000E+03	1.382414E-17	4.200477E-18
4.700000E+03	1.395661E-17	4.238208E-18
4.710000E+03	1.408956E-17	4.276040E-18
4.720000E+03	1.422314E-17	4.314009E-18
4.730000E+03	1.435722E-17	4.352085E-18
4.740000E+03	1.449194E-17	4.390301E-18
4.750000E+03	1.462705E-17	4.428588E-18
4.760000E+03	1.476272E-17	4.466989E-18
4.770000E+03	1.489880E-17	4.505469E-18
4.780000E+03	1.503549E-17	4.544077E-18
4.790000E+03	1.517263E-17	4.582773E-18
4.800000E+03	1.531027E-17	4.621567E-18
4.810000E+03	1.544839E-17	4.660456E-18
4.820000E+03	1.558704E-17	4.699451E-18
4.830000E+03	1.572620E-17	4.738548E-18
4.840000E+03	1.586576E-17	4.777712E-18
4.850000E+03	1.600585E-17	4.816986E-18
4.860000E+03	1.614650E-17	4.856373E-18
4.870000E+03	1.628757E-17	4.895834E-18
4.880000E+03	1.642906E-17	4.935367E-18
4.890000E+03	1.657114E-17	4.975023E-18
4.900000E+03	1.671352E-17	5.014715E-18
4.910000E+03	1.685651E-17	5.054535E-18
4.920000E+03	1.699994E-17	5.094434E-18
4.930000E+03	1.714366E-17	5.134366E-18
4.940000E+03	1.728781E-17	5.174372E-18
4.950000E+03	1.743235E-17	5.214439E-18
4.960000E+03	1.757708E-17	5.254508E-18
4.970000E+03	1.772212E-17	5.294611E-18
4.980000E+03	1.786704E-17	5.334628E-18
4.990000E+03	1.801212E-17	5.374635E-18
5.000000E+03	1.815709E-17	5.414550E-18
5.010000E+03	1.830165E-17	5.454292E-18
5.020000E+03	1.844585E-17	5.493870E-18
5.030000E+03	1.858937E-17	5.533188E-18
5.040000E+03	1.873206E-17	5.572205E-18
5.050000E+03	1.887373E-17	5.610864E-18
5.060000E+03	1.901418E-17	5.649107E-18
5.070000E+03	1.915304E-17	5.686822E-18
5.080000E+03	1.929025E-17	5.723996E-18
5.090000E+03	1.942539E-17	5.760500E-18
5.100000E+03	1.955819E-17	5.796261E-18
5.110000E+03	1.968822E-17	5.831147E-18
5.120000E+03	1.981540E-17	5.865141E-18
5.130000E+03	1.993907E-17	5.898050E-18
5.140000E+03	2.005938E-17	5.929913E-18
5.150000E+03	2.017568E-17	5.960545E-18
5.160000E+03	2.028789E-17	5.989928E-18
5.170000E+03	2.039559E-17	6.017932E-18
5.180000E+03	2.049831E-17	6.044429E-18
5.190000E+03	2.059600E-17	6.069402E-18
5.200000E+03	2.068819E-17	6.092719E-18
5.210000E+03	2.077465E-17	6.114309E-18
5.220000E+03	2.085508E-17	6.134097E-18
5.230000E+03	2.092904E-17	6.151946E-18
5.240000E+03	2.099622E-17	6.167777E-18
5.250000E+03	2.105614E-17	6.181452E-18
5.260000E+03	2.110875E-17	6.192955E-18
5.270000E+03	2.115352E-17	6.202140E-18
5.280000E+03	2.119018E-17	6.208931E-18
5.290000E+03	2.121842E-17	6.213241E-18
5.300000E+03	2.123776E-17	6.214935E-18
5.310000E+03	2.124790E-17	6.213933E-18
5.320000E+03	2.124861E-17	6.210166E-18
5.330000E+03	2.123960E-17	6.203562E-18
5.340000E+03	2.122046E-17	6.194005E-18
5.350000E+03	2.119122E-17	6.181505E-18
5.360000E+03	2.115171E-17	6.166024E-18
5.370000E+03	2.110183E-17	6.147539E-18
5.380000E+03	2.104134E-17	6.125979E-18
5.390000E+03	2.097067E-17	6.101484E-18
5.400000E+03	2.088971E-17	6.074022E-18
5.410000E+03	2.079907E-17	6.043777E-18
5.420000E+03	2.069878E-17	6.010766E-18
5.430000E+03	2.058943E-17	5.975165E-18
5.440000E+03	2.047146E-17	5.937103E-18
5.450000E+03	2.034578E-17	5.896856E-18
5.460000E+03	2.021283E-17	5.854548E-18
5.470000E+03	2.007309E-17	5.810327E-18
5.480000E+03	1.992694E-17	5.764306E-18
5.490000E+03	1.977526E-17	5.716740E-18
5.500000E+03	1.961855E-17	5.667782E-18
5.510000E+03	1.945760E-17	5.617661E-18
5.520000E+03	1.929327E-17	5.566624E-18
5.530000E+03	1.912640E-17	5.514922E-18
5.540000E+03	1.895789E-17	5.462810E-18
5.550000E+03	1.878884E-17	5.410609E-18
5.560000E+03	1.862014E-17	5.358574E-18
5.570000E+03	1.845308E-17	5.307075E-18
5.580000E+03	1.828830E-17	5.256298E-18
5.590000E+03	1.812722E-17	5.206649E-18
5.600000E+03	1.797041E-17	5.158288E-18
5.610000E+03	1.781898E-17	5.111533E-18
5.620000E+03	1.767392E-17	5.066661E-18
5.630000E+03	1.753559E-17	5.023779E-18
5.640000E+03	1.740520E-17	4.983221E-18
5.650000E+03	1.728311E-17	4.945093E-18
5.660000E+03	1.716962E-17	4.909474E-18
5.670000E+03	1.706562E-17	4.876613E-18
5.680000E+03	1.697106E-17	4.846490E-18
5.690000E+03	1.688632E-17	4.819211E-18
5.700000E+03	1.681170E-17	4.794852E-18
5.710000E+03	1.674731E-17	4.773442E-18
5.720000E+03	1.669313E-17	4.754971E-18
5.730000E+03	1.664916E-17	4.739434E-18
5.740000E+03	1.661553E-17	4.726858E-18
5.750000E+03	1.659237E-17	4.717277E-18
5.760000E+03	1.657926E-17	4.710567E-18
5.770000E+03	1.657667E-17	4.706856E-18
5.780000E+03	1.658425E-17	4.706041E-18
5.790000E+03	1.660236E-17	4.708216E-18
5.800000E+03	1.663086E-17	4.713334E-18
5.810000E+03	1.666999E-17	4.721463E-18
5.820000E+03	1.671985E-17	4.732624E-18
5.830000E+03	1.678070E-17	4.746886E-18
5.840000E+03	1.685250E-17	4.764229E-18
5.850000E+03	1.693537E-17	4.784683E-18
5.860000E+03	1.702959E-17	4.808323E-18
5.870000E+03	1.713548E-17	4.835234E-18
5.880000E+03	1.725280E-17	4.865341E-18
5.890000E+03	1.738201E-17	4.898770E-18
5.900000E+03	1.752307E-17	4.935503E-18
5.910000E+03	1.767625E-17	4.975610E-18
5.920000E+03	1.784166E-17	5.019117E-18
5.930000E+03	1.801917E-17	5.065979E-18
5.940000E+03	1.820902E-17	5.116263E-18
5.950000E+03	1.841122E-17	5.169965E-18
5.960000E+03	1.862558E-17	5.227025E-18
5.970000E+03	1.885244E-17	5.287530E-18
5.980000E+03	1.909131E-17	5.351344E-18
5.990000E+03	1.934227E-17	5.418479E-18
6.000000E+03	1.960514E-17	5.488883E-18
6.010000E+03	1.987949E-17	5.562428E-18
6.020000E+03	2.016526E-17	5.639095E-18
6.030000E+03	2.046164E-17	5.718654E-18
6.040000E+03	2.076873E-17	5.801124E-18
6.050000E+03	2.108559E-17	5.886242E-18
6.060000E+03	2.141190E-17	5.973917E-18
6.070000E+03	2.174681E-17	6.063908E-18
6.080000E+03	2.208965E-17	6.156023E-18
6.090000E+03	2.243938E-17	6.249972E-18
6.100000E+03	2.279485E-17	6.345434E-18
6.110000E+03	2.315539E-17	6.442222E-18
6.120000E+03	2.351912E-17	6.539811E-18
6.130000E+03	2.388520E-17	6.637967E-18
6.140000E+03	2.425182E-17	6.736191E-18
6.150000E+03	2.461771E-17	6.834130E-18
6.160000E+03	2.498034E-17	6.931083E-18
6.170000E+03	2.533863E-17	7.026757E-18
6.180000E+03	2.569031E-17	7.120524E-18
6.190000E+03	2.603380E-17	7.211953E-18
6.200000E+03	2.636737E-17	7.300570E-18
6.210000E+03	2.669085E-17	7.386334E-18
6.220000E+03	2.700464E-17	7.469364E-18
6.230000E+03	2.730936E-17	7.549833E-18
6.240000E+03	2.760581E-17	7.627973E-18
6.250000E+03	2.789386E-17	7.703748E-18
6.260000E+03	2.817523E-17	7.777643E-18
6.270000E+03	2.844960E-17	7.849572E-18
6.280000E+03	2.871813E-17	7.919863E-18
6.290000E+03	2.898171E-17	7.988758E-18
6.300000E+03	2.924007E-17	8.056195E-18
6.310000E+03	2.949415E-17	8.122431E-18
6.320000E+03	2.974452E-17	8.187624E-18
6.330000E+03	2.999176E-17	8.251938E-18
6.340000E+03	3.023565E-17	8.315316E-18
6.350000E+03	3.047682E-17	8.377929E-18
6.360000E+03	3.071546E-17	8.439836E-18
6.370000E+03	3.095179E-17	8.501094E-18
6.380000E+03	3.118559E-17	8.561650E-18
6.390000E+03	3.141663E-17	8.621434E-18
6.400000E+03	3.164464E-17	8.680382E-18
6.410000E+03	3.186982E-17	8.738545E-18
6.420000E+03	3.209188E-17	8.795847E-18
6.430000E+03	3.230959E-17	8.851952E-18
6.440000E+03	3.252447E-17	8.907280E-18
6.450000E+03	3.273671E-17	8.961885E-18
6.460000E+03	3.294693E-17	9.015936E-18
6.470000E+03	3.315634E-17	9.069765E-18
6.480000E+03	3.336462E-17	9.123285E-18
6.490000E+03	3.357298E-17	9.176830E-18
6.500000E+03	3.378163E-17	9.230458E-18
6.510000E+03	3.399130E-17	9.284366E-18
6.520000E+03	3.420116E-17	9.338328E-18
6.530000E+03	3.441296E-17	9.392827E-18
6.540000E+03	3.462586E-17	9.447626E-18
6.550000E+03	3.484056E-17	9.502923E-18
6.560000E+03	3.505723E-17	9.558763E-18
6.570000E+03	3.527552E-17	9.615048E-18
6.580000E+03	3.549613E-17	9.671972E-18
6.590000E+03	3.571923E-17	9.729580E-18
6.600000E+03	3.594441E-17	9.787757E-18
6.610000E+03	3.617182E-17	9.846550E-18
6.620000E+03	3.640159E-17	9.905992E-18
6.630000E+03	3.663447E-17	9.966287E-18
6.640000E+03	3.686935E-17	1.002713E-17
6.650000E+03	3.710697E-17	1.008873E-17
6.660000E+03	3.734741E-17	1.015111E-17
6.670000E+03	3.759013E-17	1.021411E-17
6.680000E+03	3.783580E-17	1.027792E-17
6.690000E+03	3.808383E-17	1.034238E-17
6.700000E+03	3.833490E-17	1.040768E-17
6.710000E+03	3.858774E-17	1.047346E-17
6.720000E+03	3.884303E-17	1.053993E-17
6.730000E+03	3.910143E-17	1.060724E-17
6.740000E+03	3.936165E-17	1.067507E-17
6.750000E+03	3.962437E-17	1.074358E-17
6.760000E+03	3.988893E-17	1.081261E-17
6.770000E+03	4.015605E-17	1.088235E-17
6.780000E+03	4.042506E-17	1.095261E-17
6.790000E+03	4.069600E-17	1.102341E-17
6.800000E+03	4.096962E-17	1.109495E-17
6.810000E+03	4.124451E-17	1.116685E-17
6.820000E+03	4.152217E-17	1.123953E-17
6.830000E+03	4.180115E-17	1.131257E-17
6.840000E+03	4.208295E-17	1.138641E-17
6.850000E+03	4.236608E-17	1.146062E-17
6.860000E+03	4.265045E-17	1.153519E-17
6.870000E+03	4.293683E-17	1.161033E-17
6.880000E+03	4.322514E-17	1.168602E-17
6.890000E+03	4.351367E-17	1.176179E-17
6.900000E+03	4.380390E-17	1.183804E-17
6.910000E+03	4.409486E-17	1.191453E-17
6.920000E+03	4.438722E-17	1.199142E-17
6.930000E+03	4.467910E-17	1.206821E-17
6.940000E+03	4.497114E-17	1.214508E-17
6.950000E+03	4.526308E-17	1.222196E-17
6.960000E+03	4.555385E-17	1.229856E-17
6.970000E+03	4.584406E-17	1.237504E-17
6.980000E+03	4.613345E-17	1.245134E-17
6.990000E+03	4.642091E-17	1.252716E-17
7.000000E+03	4.670620E-17	1.260244E-17
7.010000E+03	4.698904E-17	1.267711E-17
7.020000E+03	4.727018E-17	1.275136E-17
7.030000E+03	4.754757E-17	1.282464E-17
7.040000E+03	4.782288E-17	1.289742E-17
7.050000E+03	4.809407E-17	1.296914E-17
7.060000E+03	4.836194E-17	1.304001E-17
7.070000E+03	4.862543E-17	1.310976E-17
7.080000E+03	4.888537E-17	1.317862E-17
7.090000E+03	4.914173E-17	1.324656E-17
7.100000E+03	4.939347E-17	1.331333E-17
7.110000E+03	4.963955E-17	1.337863E-17
7.120000E+03	4.988197E-17	1.344301E-17
7.130000E+03	5.011974E-17	1.350621E-17
7.140000E+03	5.035291E-17	1.356824E-17
7.150000E+03	5.058152E-17	1.362911E-17
7.160000E+03	5.080460E-17	1.368857E-17
7.170000E+03	5.102330E-17	1.374692E-17
7.180000E+03	5.123664E-17	1.380391E-17
7.190000E+03	5.144476E-17	1.385957E-17
7.200000E+03	5.164881E-17	1.391422E-17
7.210000E+03	5.184791E-17	1.396761E-17
7.220000E+03	5.204326E-17	1.402008E-17
7.230000E+03	5.223282E-17	1.407108E-17
7.240000E+03	5.241776E-17	1.412093E-17
7.250000E+03	5.259820E-17	1.416965E-17
7.260000E+03	5.277416E-17	1.421727E-17
7.270000E+03	5.294568E-17	1.426378E-17
7.280000E+03	5.311271E-17	1.430918E-17
7.290000E+03	5.327405E-17	1.435314E-17
7.300000E+03	5.343075E-17	1.439596E-17
7.310000E+03	5.358266E-17	1.443759E-17
7.320000E+03	5.372963E-17	1.447799E-17
7.330000E+03	5.387035E-17	1.451682E-17
7.340000E+03	5.400580E-17	1.455433E-17
7.350000E+03	5.413702E-17	1.459081E-17
7.360000E+03	5.426150E-17	1.462559E-17
7.370000E+03	5.438027E-17	1.465894E-17
7.380000E+03	5.449325E-17	1.469085E-17
7.390000E+03	5.460153E-17	1.472160E-17
7.400000E+03	5.470390E-17	1.475088E-17
7.410000E+03	5.480154E-17	1.477900E-17
7.420000E+03	5.489571E-17	1.480631E-17
7.430000E+03	5.498532E-17	1.483251E-17
7.440000E+03	5.507297E-17	1.485831E-17
7.450000E+03	5.515639E-17	1.488309E-17
7.460000E+03	5.523708E-17	1.490726E-17
7.470000E+03	5.531407E-17	1.493056E-17
7.480000E+03	5.538891E-17	1.495342E-17
7.490000E+03	5.545942E-17	1.497523E-17
7.500000E+03	5.552715E-17	1.499642E-17
7.510000E+03	5.559239E-17	1.501708E-17
7.520000E+03	5.565410E-17	1.503692E-17
7.530000E+03	5.571507E-17	1.505670E-17
7.540000E+03	5.577288E-17	1.507576E-17
7.550000E+03	5.582897E-17	1.509449E-17
7.560000E+03	5.588217E-17	1.511258E-17
7.570000E+03	5.593394E-17	1.513041E-17
7.580000E+03	5.598312E-17	1.514768E-17
7.590000E+03	5.603118E-17	1.516477E-17
7.600000E+03	5.607695E-17	1.518137E-17
7.610000E+03	5.612051E-17	1.519750E-17
7.620000E+03	5.616333E-17	1.521356E-17
7.630000E+03	5.620412E-17	1.522919E-17
7.640000E+03	5.624290E-17	1.524440E-17
7.650000E+03	5.628101E-17	1.525954E-17
7.660000E+03	5.631704E-17	1.527424E-17
7.670000E+03	5.635228E-17	1.528885E-17
7.680000E+03	5.638385E-17	1.530258E-17
7.690000E+03	5.641437E-17	1.531613E-17
7.700000E+03	5.644370E-17	1.532948E-17
7.710000E+03	5.647025E-17	1.534218E-17
7.720000E+03	5.649525E-17	1.535457E-17
7.730000E+03	5.651713E-17	1.536621E-17
7.740000E+03	5.653565E-17	1.537705E-17
7.750000E+03	5.655203E-17	1.538741E-17
7.760000E+03	5.656607E-17	1.539724E-17
7.770000E+03	5.657752E-17	1.540646E-17
7.780000E+03	5.658467E-17	1.541460E-17
7.790000E+03	5.658868E-17	1.542198E-17
7.800000E+03	5.658925E-17	1.542852E-17
7.810000E+03	5.658605E-17	1.543413E-17
7.820000E+03	5.657875E-17	1.543870E-17
7.830000E+03	5.656701E-17	1.544215E-17
7.840000E+03	5.655196E-17	1.544477E-17
7.850000E+03	5.653179E-17	1.544608E-17
7.860000E+03	5.650615E-17	1.544598E-17
7.870000E+03	5.647472E-17	1.544436E-17
7.880000E+03	5.644017E-17	1.544197E-17
7.890000E+03	5.639924E-17	1.543790E-17
7.900000E+03	5.635315E-17	1.543248E-17
7.910000E+03	5.630015E-17	1.542524E-17
7.920000E+03	5.624302E-17	1.541693E-17
7.930000E+03	5.618161E-17	1.540750E-17
7.940000E+03	5.611276E-17	1.539608E-17
7.950000E+03	5.604086E-17	1.538389E-17
7.960000E+03	5.596439E-17	1.537049E-17
7.970000E+03	5.588333E-17	1.535587E-17
7.980000E+03	5.579921E-17	1.534047E-17
7.990000E+03	5.571061E-17	1.532387E-17
8.000000E+03	5.561611E-17	1.530569E-17
8.010000E+03	5.551892E-17	1.528681E-17
8.020000E+03	5.541465E-17	1.526601E-17
8.030000E+03	5.530810E-17	1.524461E-17
8.040000E+03	5.519496E-17	1.522143E-17
8.050000E+03	5.507856E-17	1.519738E-17
8.060000E+03	5.495618E-17	1.517170E-17
8.070000E+03	5.483120E-17	1.514532E-17
8.080000E+03	5.470094E-17	1.511750E-17
8.090000E+03	5.456729E-17	1.508876E-17
8.100000E+03	5.442916E-17	1.505879E-17
8.110000E+03	5.428845E-17	1.502813E-17
8.120000E+03	5.414558E-17	1.499687E-17
8.130000E+03	5.399793E-17	1.496430E-17
8.140000E+03	5.384897E-17	1.493136E-17
8.150000E+03	5.369760E-17	1.489776E-17
8.160000E+03	5.354422E-17	1.486361E-17
8.170000E+03	5.338775E-17	1.482859E-17
8.180000E+03	5.323161E-17	1.479367E-17
8.190000E+03	5.307316E-17	1.475809E-17
8.200000E+03	5.291429E-17	1.472240E-17
8.210000E+03	5.275537E-17	1.468668E-17
8.220000E+03	5.259526E-17	1.465062E-17
8.230000E+03	5.243428E-17	1.461432E-17
8.240000E+03	5.227431E-17	1.457828E-17
8.250000E+03	5.211563E-17	1.454259E-17
8.260000E+03	5.195561E-17	1.450651E-17
8.270000E+03	5.179754E-17	1.447097E-17
8.280000E+03	5.164025E-17	1.443562E-17
8.290000E+03	5.148403E-17	1.440057E-17
8.300000E+03	5.132919E-17	1.436588E-17
8.310000E+03	5.117603E-17	1.433165E-17
8.320000E+03	5.102482E-17	1.429795E-17
8.330000E+03	5.087584E-17	1.426486E-17
8.340000E+03	5.072936E-17	1.423245E-17
8.350000E+03	5.058560E-17	1.420079E-17
8.360000E+03	5.044331E-17	1.416953E-17
8.370000E+03	5.030420E-17	1.413915E-17
8.380000E+03	5.016843E-17	1.410969E-17
8.390000E+03	5.003472E-17	1.408080E-17
8.400000E+03	4.990469E-17	1.405293E-17
8.410000E+03	4.977703E-17	1.402571E-17
8.420000E+03	4.965331E-17	1.399958E-17
8.430000E+03	4.953217E-17	1.397418E-17
8.440000E+03	4.941374E-17	1.394952E-17
8.450000E+03	4.929957E-17	1.392605E-17
8.460000E+03	4.918824E-17	1.390338E-17
8.470000E+03	4.907985E-17	1.388153E-17
8.480000E+03	4.897447E-17	1.386052E-17
8.490000E+03	4.887213E-17	1.384036E-17
8.500000E+03	4.877290E-17	1.382107E-17
8.510000E+03	4.867535E-17	1.380225E-17
8.520000E+03	4.858248E-17	1.378475E-17
8.530000E+03	4.849286E-17	1.376817E-17
8.540000E+03	4.840508E-17	1.375211E-17
8.550000E+03	4.832066E-17	1.373699E-17
8.560000E+03	4.823817E-17	1.372242E-17
8.570000E+03	4.815914E-17	1.370883E-17
8.580000E+03	4.808215E-17	1.369582E-17
8.590000E+03	4.800872E-17	1.368382E-17
8.600000E+03	4.793743E-17	1.367243E-17
8.610000E+03	4.786833E-17	1.366166E-17
8.620000E+03	4.780147E-17	1.365154E-17
8.630000E+03	4.773691E-17	1.364207E-17
8.640000E+03	4.767618E-17	1.363370E-17
8.650000E+03	4.761636E-17	1.362559E-17
8.660000E+03	4.755899E-17	1.361819E-17
8.670000E+03	4.750263E-17	1.361108E-17
8.680000E+03	4.745031E-17	1.360513E-17
8.690000E+03	4.739763E-17	1.359909E-17
8.700000E+03	4.734910E-17	1.359424E-17
8.710000E+03	4.730031E-17	1.358932E-17
8.720000E+03	4.725428E-17	1.358521E-17
8.730000E+03	4.720808E-17	1.358105E-17
8.740000E+03	4.716477E-17	1.357773E-17
8.750000E+03	4.712287E-17	1.357483E-17
8.760000E+03	4.708091E-17	1.357192E-17
8.770000E+03	4.703891E-17	1.356901E-17
8.780000E+03	4.699840E-17	1.356653E-17
8.790000E+03	4.695785E-17	1.356406E-17
8.800000E+03	4.691724E-17	1.356158E-17
8.810000E+03	4.687655E-17	1.355909E-17
8.820000E+03	4.683419E-17	1.355612E-17
8.830000E+03	4.679007E-17	1.355265E-17
8.840000E+03	4.674410E-17	1.354865E-17
8.850000E+03	4.669463E-17	1.354365E-17
8.860000E+03	4.664467E-17	1.353851E-17
8.870000E+03	4.659254E-17	1.353275E-17
8.880000E+03	4.654130E-17	1.352726E-17
8.890000E+03	4.648926E-17	1.352154E-17
8.900000E+03	4.643789E-17	1.351602E-17
8.910000E+03	4.638546E-17	1.351019E-17
8.920000E+03	4.633673E-17	1.350545E-17
8.930000E+03	4.628838E-17	1.350083E-17
8.940000E+03	4.624196E-17	1.349678E-17
8.950000E+03	4.619905E-17	1.349376E-17
8.960000E+03	4.615797E-17	1.349127E-17
8.970000E+03	4.611862E-17	1.348930E-17
8.980000E+03	4.608262E-17	1.348832E-17
8.990000E+03	4.604990E-17	1.348830E-17
9.000000E+03	4.602040E-17	1.348923E-17
9.040000E+03	4.593823E-17	1.350355E-17
9.080000E+03	4.591628E-17	1.353574E-17
9.120000E+03	4.596185E-17	1.358806E-17
9.160000E+03	4.607379E-17	1.366029E-17
9.200000E+03	4.625391E-17	1.375311E-17
9.240000E+03	4.650013E-17	1.386601E-17
9.280000E+03	4.680852E-17	1.399796E-17
9.320000E+03	4.717560E-17	1.414803E-17
9.360000E+03	4.759556E-17	1.431458E-17
9.400000E+03	4.805953E-17	1.449504E-17
9.440000E+03	4.856037E-17	1.468732E-17
9.480000E+03	4.908567E-17	1.488771E-17
9.520000E+03	4.961984E-17	1.509149E-17
9.560000E+03	5.015578E-17	1.529649E-17
9.600000E+03	5.067796E-17	1.549792E-17
9.640000E+03	5.117030E-17	1.569078E-17
9.680000E+03	5.162321E-17	1.587202E-17
9.720000E+03	5.201387E-17	1.603446E-17
9.760000E+03	5.233725E-17	1.617638E-17
9.800000E+03	5.256795E-17	1.628970E-17
9.840000E+03	5.270442E-17	1.637371E-17
9.880000E+03	5.273238E-17	1.642370E-17
9.920000E+03	5.264765E-17	1.643810E-17
9.960000E+03	5.243564E-17	1.641207E-17
1.000000E+04	5.210062E-17	1.634664E-17
1.004000E+04	5.163640E-17	1.623959E-17
1.008000E+04	5.105323E-17	1.609385E-17
1.012000E+04	5.034657E-17	1.590774E-17
1.016000E+04	4.952810E-17	1.568471E-17
1.020000E+04	4.861134E-17	1.542881E-17
1.024000E+04	4.760134E-17	1.514146E-17
1.028000E+04	4.651768E-17	1.482874E-17
1.032000E+04	4.536118E-17	1.449079E-17
