#wls	flux	fluxerr
1.600000E+03	1.393182E-16	1.362074E-17
1.640000E+03	1.438865E-16	1.406715E-17
1.680000E+03	1.482972E-16	1.449812E-17
1.720000E+03	1.524820E-16	1.490699E-17
1.760000E+03	1.564265E-16	1.529235E-17
1.800000E+03	1.600547E-16	1.564677E-17
1.840000E+03	1.633165E-16	1.596534E-17
1.880000E+03	1.661870E-16	1.624565E-17
1.920000E+03	1.685842E-16	1.647967E-17
1.960000E+03	1.704675E-16	1.666344E-17
2.000000E+03	1.717709E-16	1.679051E-17
2.040000E+03	1.724581E-16	1.685734E-17
2.080000E+03	1.724492E-16	1.685610E-17
2.120000E+03	1.716886E-16	1.678140E-17
2.160000E+03	1.701247E-16	1.662816E-17
2.200000E+03	1.676742E-16	1.638827E-17
2.240000E+03	1.642772E-16	1.605589E-17
2.280000E+03	1.599453E-16	1.563212E-17
2.320000E+03	1.547491E-16	1.512391E-17
2.360000E+03	1.488563E-16	1.454763E-17
2.400000E+03	1.424064E-16	1.391693E-17
2.440000E+03	1.355227E-16	1.324386E-17
2.480000E+03	1.283305E-16	1.254067E-17
2.520000E+03	1.209110E-16	1.181530E-17
2.560000E+03	1.133542E-16	1.107655E-17
2.600000E+03	1.057362E-16	1.033185E-17
2.640000E+03	9.813466E-17	9.588794E-18
2.680000E+03	9.061239E-17	8.853523E-18
2.720000E+03	8.323117E-17	8.132073E-18
2.760000E+03	7.604743E-17	7.429956E-18
2.800000E+03	6.911214E-17	6.752151E-18
2.840000E+03	6.247235E-17	6.103255E-18
2.880000E+03	5.617244E-17	5.487601E-18
2.920000E+03	5.025055E-17	4.908913E-18
2.960000E+03	4.473863E-17	4.370309E-18
3.000000E+03	3.965889E-17	3.873956E-18
3.010000E+03	3.845911E-17	3.756725E-18
3.020000E+03	3.728627E-17	3.642129E-18
3.030000E+03	3.614195E-17	3.530319E-18
3.040000E+03	3.502512E-17	3.421197E-18
3.050000E+03	3.393636E-17	3.314819E-18
3.060000E+03	3.287610E-17	3.211226E-18
3.070000E+03	3.184267E-17	3.110255E-18
3.080000E+03	3.083782E-17	3.012078E-18
3.090000E+03	2.985989E-17	2.916532E-18
3.100000E+03	2.890983E-17	2.823709E-18
3.110000E+03	2.798663E-17	2.733512E-18
3.120000E+03	2.709001E-17	2.645913E-18
3.130000E+03	2.622064E-17	2.560976E-18
3.140000E+03	2.537711E-17	2.478564E-18
3.150000E+03	2.456046E-17	2.398780E-18
3.160000E+03	2.376888E-17	2.321445E-18
3.170000E+03	2.300329E-17	2.246650E-18
3.180000E+03	2.226241E-17	2.174270E-18
3.190000E+03	2.154661E-17	2.104340E-18
3.200000E+03	2.085502E-17	2.036777E-18
3.210000E+03	2.018756E-17	1.971571E-18
3.220000E+03	1.954372E-17	1.908673E-18
3.230000E+03	1.892302E-17	1.848035E-18
3.240000E+03	1.832463E-17	1.789579E-18
3.250000E+03	1.774869E-17	1.733315E-18
3.260000E+03	1.719436E-17	1.679164E-18
3.270000E+03	1.666142E-17	1.627102E-18
3.280000E+03	1.614905E-17	1.577049E-18
3.290000E+03	1.565673E-17	1.528956E-18
3.300000E+03	1.518419E-17	1.482794E-18
3.310000E+03	1.473064E-17	1.438489E-18
3.320000E+03	1.429579E-17	1.396010E-18
3.330000E+03	1.387907E-17	1.355303E-18
3.340000E+03	1.347956E-17	1.316276E-18
3.350000E+03	1.309714E-17	1.278920E-18
3.360000E+03	1.273109E-17	1.243162E-18
3.370000E+03	1.238091E-17	1.208955E-18
3.380000E+03	1.204609E-17	1.176249E-18
3.390000E+03	1.172581E-17	1.144963E-18
3.400000E+03	1.141995E-17	1.115085E-18
3.410000E+03	1.112785E-17	1.086552E-18
3.420000E+03	1.084894E-17	1.059307E-18
3.430000E+03	1.058279E-17	1.033308E-18
3.440000E+03	1.032896E-17	1.008513E-18
3.450000E+03	1.008681E-17	9.848587E-19
3.460000E+03	9.856075E-18	9.623200E-19
3.470000E+03	9.636152E-18	9.408370E-19
3.480000E+03	9.426693E-18	9.203761E-19
3.490000E+03	9.227257E-18	9.008941E-19
3.500000E+03	9.037424E-18	8.823501E-19
3.510000E+03	8.856794E-18	8.647051E-19
3.520000E+03	8.684994E-18	8.479224E-19
3.530000E+03	8.521570E-18	8.319578E-19
3.540000E+03	8.366103E-18	8.167703E-19
3.550000E+03	8.218286E-18	8.023301E-19
3.560000E+03	8.077746E-18	7.886006E-19
3.570000E+03	7.944212E-18	7.755553E-19
3.580000E+03	7.817269E-18	7.631536E-19
3.590000E+03	7.696683E-18	7.513729E-19
3.600000E+03	7.582158E-18	7.401840E-19
3.610000E+03	7.473562E-18	7.295742E-19
3.620000E+03	7.370547E-18	7.195094E-19
3.630000E+03	7.272928E-18	7.099716E-19
3.640000E+03	7.180320E-18	7.009231E-19
3.650000E+03	7.092567E-18	6.923488E-19
3.660000E+03	7.009453E-18	6.842274E-19
3.670000E+03	6.930768E-18	6.765385E-19
3.680000E+03	6.856379E-18	6.692692E-19
3.690000E+03	6.786156E-18	6.624065E-19
3.700000E+03	6.719906E-18	6.559319E-19
3.710000E+03	6.657572E-18	6.498396E-19
3.720000E+03	6.598969E-18	6.441117E-19
3.730000E+03	6.544099E-18	6.387482E-19
3.740000E+03	6.492842E-18	6.337373E-19
3.750000E+03	6.445081E-18	6.290679E-19
3.760000E+03	6.400756E-18	6.247340E-19
3.770000E+03	6.359864E-18	6.207352E-19
3.780000E+03	6.322290E-18	6.170602E-19
3.790000E+03	6.288026E-18	6.137084E-19
3.800000E+03	6.256958E-18	6.106686E-19
3.810000E+03	6.229029E-18	6.079352E-19
3.820000E+03	6.204230E-18	6.055073E-19
3.830000E+03	6.182554E-18	6.033842E-19
3.840000E+03	6.163891E-18	6.015552E-19
3.850000E+03	6.148282E-18	6.000243E-19
3.860000E+03	6.135567E-18	5.987758E-19
3.870000E+03	6.125841E-18	5.978190E-19
3.880000E+03	6.118943E-18	5.971383E-19
3.890000E+03	6.114968E-18	5.967427E-19
3.900000E+03	6.113808E-18	5.966218E-19
3.910000E+03	6.115454E-18	5.967748E-19
3.920000E+03	6.119852E-18	5.971962E-19
3.930000E+03	6.126995E-18	5.978855E-19
3.940000E+03	6.136825E-18	5.988370E-19
3.950000E+03	6.149390E-18	6.000552E-19
3.960000E+03	6.164581E-18	6.015297E-19
3.970000E+03	6.182397E-18	6.032602E-19
3.980000E+03	6.202783E-18	6.052414E-19
3.990000E+03	6.225783E-18	6.074777E-19
4.000000E+03	6.251347E-18	6.099639E-19
4.010000E+03	6.279421E-18	6.126951E-19
4.020000E+03	6.309954E-18	6.156661E-19
4.030000E+03	6.342996E-18	6.188817E-19
4.040000E+03	6.378445E-18	6.223322E-19
4.050000E+03	6.416353E-18	6.260223E-19
4.060000E+03	6.456619E-18	6.299425E-19
4.070000E+03	6.499248E-18	6.340931E-19
4.080000E+03	6.544241E-18	6.384741E-19
4.090000E+03	6.591551E-18	6.430811E-19
4.100000E+03	6.641133E-18	6.479095E-19
4.110000E+03	6.692938E-18	6.529548E-19
4.120000E+03	6.747027E-18	6.582226E-19
4.130000E+03	6.803302E-18	6.637035E-19
4.140000E+03	6.861771E-18	6.693983E-19
4.150000E+03	6.922333E-18	6.752971E-19
4.160000E+03	6.984999E-18	6.814009E-19
4.170000E+03	7.049777E-18	6.877107E-19
4.180000E+03	7.116568E-18	6.942166E-19
4.190000E+03	7.185382E-18	7.009196E-19
4.200000E+03	7.256116E-18	7.078097E-19
4.210000E+03	7.328780E-18	7.148878E-19
4.220000E+03	7.403268E-18	7.221436E-19
4.230000E+03	7.479587E-18	7.295779E-19
4.240000E+03	7.557630E-18	7.371800E-19
4.250000E+03	7.637343E-18	7.449447E-19
4.260000E+03	7.718609E-18	7.528608E-19
4.270000E+03	7.801432E-18	7.609284E-19
4.280000E+03	7.885688E-18	7.691356E-19
4.290000E+03	7.971314E-18	7.774762E-19
4.300000E+03	8.058181E-18	7.859375E-19
4.310000E+03	8.146151E-18	7.945060E-19
4.320000E+03	8.235146E-18	8.031744E-19
4.330000E+03	8.325085E-18	8.119345E-19
4.340000E+03	8.415818E-18	8.207718E-19
4.350000E+03	8.507253E-18	8.296772E-19
4.360000E+03	8.599228E-18	8.386351E-19
4.370000E+03	8.691710E-18	8.476421E-19
4.380000E+03	8.784598E-18	8.566885E-19
4.390000E+03	8.878005E-18	8.657851E-19
4.400000E+03	8.971829E-18	8.749221E-19
4.410000E+03	9.066117E-18	8.841042E-19
4.420000E+03	9.160847E-18	8.933290E-19
4.430000E+03	9.256147E-18	9.026091E-19
4.440000E+03	9.351929E-18	9.119359E-19
4.450000E+03	9.448174E-18	9.213076E-19
4.460000E+03	9.544949E-18	9.307307E-19
4.470000E+03	9.642247E-18	9.402044E-19
4.480000E+03	9.740061E-18	9.497282E-19
4.490000E+03	9.838305E-18	9.592936E-19
4.500000E+03	9.937062E-18	9.689087E-19
4.510000E+03	1.003625E-17	9.785658E-19
4.520000E+03	1.013587E-17	9.882647E-19
4.530000E+03	1.023594E-17	9.980063E-19
4.540000E+03	1.033627E-17	1.007774E-18
4.550000E+03	1.043699E-17	1.017579E-18
4.560000E+03	1.053802E-17	1.027413E-18
4.570000E+03	1.063937E-17	1.037279E-18
4.580000E+03	1.074088E-17	1.047160E-18
4.590000E+03	1.084267E-17	1.057069E-18
4.600000E+03	1.094459E-17	1.066989E-18
4.610000E+03	1.104676E-17	1.076933E-18
4.620000E+03	1.114903E-17	1.086887E-18
4.630000E+03	1.125146E-17	1.096857E-18
4.640000E+03	1.135398E-17	1.106834E-18
4.650000E+03	1.145676E-17	1.116836E-18
4.660000E+03	1.155964E-17	1.126848E-18
4.670000E+03	1.166281E-17	1.136889E-18
4.680000E+03	1.176625E-17	1.146955E-18
4.690000E+03	1.186993E-17	1.157043E-18
4.700000E+03	1.197402E-17	1.167172E-18
4.710000E+03	1.207843E-17	1.177332E-18
4.720000E+03	1.218326E-17	1.187531E-18
4.730000E+03	1.228838E-17	1.197759E-18
4.740000E+03	1.239391E-17	1.208027E-18
4.750000E+03	1.249960E-17	1.218310E-18
4.760000E+03	1.260558E-17	1.228620E-18
4.770000E+03	1.271173E-17	1.238947E-18
4.780000E+03	1.281817E-17	1.249302E-18
4.790000E+03	1.292477E-17	1.259672E-18
4.800000E+03	1.303155E-17	1.270059E-18
4.810000E+03	1.313849E-17	1.280462E-18
4.820000E+03	1.324561E-17	1.290882E-18
4.830000E+03	1.335290E-17	1.301318E-18
4.840000E+03	1.346025E-17	1.311758E-18
4.850000E+03	1.356776E-17	1.322215E-18
4.860000E+03	1.367545E-17	1.332689E-18
4.870000E+03	1.378318E-17	1.343166E-18
4.880000E+03	1.389095E-17	1.353647E-18
4.890000E+03	1.399888E-17	1.364143E-18
4.900000E+03	1.410668E-17	1.374626E-18
4.910000E+03	1.421461E-17	1.385121E-18
4.920000E+03	1.432253E-17	1.395614E-18
4.930000E+03	1.443026E-17	1.406089E-18
4.940000E+03	1.453790E-17	1.416556E-18
4.950000E+03	1.464544E-17	1.427011E-18
4.960000E+03	1.475267E-17	1.437436E-18
4.970000E+03	1.485969E-17	1.447841E-18
4.980000E+03	1.496617E-17	1.458191E-18
4.990000E+03	1.507231E-17	1.468509E-18
5.000000E+03	1.517791E-17	1.478773E-18
5.010000E+03	1.528272E-17	1.488961E-18
5.020000E+03	1.538682E-17	1.499079E-18
5.030000E+03	1.548995E-17	1.509101E-18
5.040000E+03	1.559200E-17	1.519018E-18
5.050000E+03	1.569285E-17	1.528819E-18
5.060000E+03	1.579238E-17	1.538489E-18
5.070000E+03	1.589031E-17	1.548004E-18
5.080000E+03	1.598663E-17	1.557362E-18
5.090000E+03	1.608107E-17	1.566535E-18
5.100000E+03	1.617345E-17	1.575509E-18
5.110000E+03	1.626347E-17	1.584251E-18
5.120000E+03	1.635110E-17	1.592760E-18
5.130000E+03	1.643586E-17	1.600990E-18
5.140000E+03	1.651788E-17	1.608952E-18
5.150000E+03	1.659668E-17	1.616601E-18
5.160000E+03	1.667222E-17	1.623931E-18
5.170000E+03	1.674415E-17	1.630909E-18
5.180000E+03	1.681211E-17	1.637502E-18
5.190000E+03	1.687609E-17	1.643705E-18
5.200000E+03	1.693571E-17	1.649484E-18
5.210000E+03	1.699078E-17	1.654819E-18
5.220000E+03	1.704111E-17	1.659693E-18
5.230000E+03	1.708635E-17	1.664070E-18
5.240000E+03	1.712628E-17	1.667930E-18
5.250000E+03	1.716054E-17	1.671238E-18
5.260000E+03	1.718915E-17	1.673995E-18
5.270000E+03	1.721174E-17	1.676166E-18
5.280000E+03	1.722815E-17	1.677734E-18
5.290000E+03	1.723821E-17	1.678685E-18
5.300000E+03	1.724163E-17	1.678989E-18
5.310000E+03	1.723827E-17	1.678632E-18
5.320000E+03	1.722803E-17	1.677606E-18
5.330000E+03	1.721082E-17	1.675900E-18
5.340000E+03	1.718641E-17	1.673494E-18
5.350000E+03	1.715494E-17	1.670400E-18
5.360000E+03	1.711642E-17	1.666620E-18
5.370000E+03	1.707087E-17	1.662155E-18
5.380000E+03	1.701820E-17	1.656997E-18
5.390000E+03	1.695884E-17	1.651188E-18
5.400000E+03	1.689279E-17	1.644727E-18
5.410000E+03	1.682056E-17	1.637666E-18
5.420000E+03	1.674221E-17	1.630008E-18
5.430000E+03	1.665817E-17	1.621798E-18
5.440000E+03	1.656877E-17	1.613064E-18
5.450000E+03	1.647466E-17	1.603874E-18
5.460000E+03	1.637608E-17	1.594248E-18
5.470000E+03	1.627327E-17	1.584210E-18
5.480000E+03	1.616636E-17	1.573774E-18
5.490000E+03	1.605584E-17	1.562986E-18
5.500000E+03	1.594191E-17	1.551867E-18
5.510000E+03	1.582494E-17	1.540453E-18
5.520000E+03	1.570534E-17	1.528783E-18
5.530000E+03	1.558353E-17	1.516897E-18
5.540000E+03	1.545992E-17	1.504838E-18
5.550000E+03	1.533512E-17	1.492662E-18
5.560000E+03	1.520954E-17	1.480412E-18
5.570000E+03	1.508393E-17	1.468158E-18
5.580000E+03	1.495851E-17	1.455924E-18
5.590000E+03	1.483415E-17	1.443794E-18
5.600000E+03	1.471108E-17	1.431788E-18
5.610000E+03	1.458990E-17	1.419969E-18
5.620000E+03	1.447125E-17	1.408395E-18
5.630000E+03	1.435525E-17	1.397079E-18
5.640000E+03	1.424273E-17	1.386102E-18
5.650000E+03	1.413390E-17	1.375486E-18
5.660000E+03	1.402894E-17	1.365245E-18
5.670000E+03	1.392856E-17	1.355452E-18
5.680000E+03	1.383272E-17	1.346099E-18
5.690000E+03	1.374179E-17	1.337226E-18
5.700000E+03	1.365609E-17	1.328861E-18
5.710000E+03	1.357576E-17	1.321021E-18
5.720000E+03	1.350097E-17	1.313718E-18
5.730000E+03	1.343180E-17	1.306962E-18
5.740000E+03	1.336847E-17	1.300776E-18
5.750000E+03	1.331123E-17	1.295182E-18
5.760000E+03	1.325982E-17	1.290156E-18
5.770000E+03	1.321473E-17	1.285744E-18
5.780000E+03	1.317570E-17	1.281922E-18
5.790000E+03	1.314305E-17	1.278722E-18
5.800000E+03	1.311668E-17	1.276132E-18
5.810000E+03	1.309672E-17	1.274166E-18
5.820000E+03	1.308321E-17	1.272827E-18
5.830000E+03	1.307629E-17	1.272129E-18
5.840000E+03	1.307583E-17	1.272061E-18
5.850000E+03	1.308186E-17	1.272623E-18
5.860000E+03	1.309450E-17	1.273829E-18
5.870000E+03	1.311391E-17	1.275693E-18
5.880000E+03	1.313980E-17	1.278187E-18
5.890000E+03	1.317244E-17	1.281339E-18
5.900000E+03	1.321169E-17	1.285132E-18
5.910000E+03	1.325766E-17	1.289579E-18
5.920000E+03	1.331033E-17	1.294678E-18
5.930000E+03	1.336951E-17	1.300410E-18
5.940000E+03	1.343532E-17	1.306785E-18
5.950000E+03	1.350767E-17	1.313798E-18
5.960000E+03	1.358635E-17	1.321425E-18
5.970000E+03	1.367160E-17	1.329692E-18
5.980000E+03	1.376298E-17	1.338554E-18
5.990000E+03	1.386057E-17	1.348020E-18
6.000000E+03	1.396420E-17	1.358073E-18
6.010000E+03	1.407358E-17	1.368685E-18
6.020000E+03	1.418873E-17	1.379857E-18
6.030000E+03	1.430909E-17	1.391536E-18
6.040000E+03	1.443482E-17	1.403737E-18
6.050000E+03	1.456535E-17	1.416403E-18
6.060000E+03	1.470059E-17	1.429528E-18
6.070000E+03	1.484014E-17	1.443071E-18
6.080000E+03	1.498369E-17	1.457003E-18
6.090000E+03	1.513078E-17	1.471278E-18
6.100000E+03	1.528092E-17	1.485849E-18
6.110000E+03	1.543392E-17	1.500698E-18
6.120000E+03	1.558893E-17	1.515742E-18
6.130000E+03	1.574573E-17	1.530959E-18
6.140000E+03	1.590359E-17	1.546280E-18
6.150000E+03	1.606215E-17	1.561667E-18
6.160000E+03	1.622020E-17	1.577004E-18
6.170000E+03	1.637756E-17	1.592275E-18
6.180000E+03	1.653324E-17	1.607381E-18
6.190000E+03	1.668663E-17	1.622263E-18
6.200000E+03	1.683691E-17	1.636843E-18
6.210000E+03	1.698413E-17	1.651125E-18
6.220000E+03	1.712860E-17	1.665140E-18
6.230000E+03	1.727069E-17	1.678922E-18
6.240000E+03	1.741083E-17	1.692515E-18
6.250000E+03	1.754883E-17	1.705898E-18
6.260000E+03	1.768565E-17	1.719168E-18
6.270000E+03	1.782098E-17	1.732291E-18
6.280000E+03	1.795542E-17	1.745328E-18
6.290000E+03	1.808940E-17	1.758320E-18
6.300000E+03	1.822268E-17	1.771242E-18
6.310000E+03	1.835573E-17	1.784144E-18
6.320000E+03	1.848883E-17	1.797049E-18
6.330000E+03	1.862229E-17	1.809988E-18
6.340000E+03	1.875590E-17	1.822942E-18
6.350000E+03	1.889000E-17	1.835943E-18
6.360000E+03	1.902466E-17	1.848998E-18
6.370000E+03	1.915996E-17	1.862115E-18
6.380000E+03	1.929574E-17	1.875278E-18
6.390000E+03	1.943179E-17	1.888467E-18
6.400000E+03	1.956791E-17	1.901663E-18
6.410000E+03	1.970418E-17	1.914872E-18
6.420000E+03	1.984037E-17	1.928074E-18
6.430000E+03	1.997567E-17	1.941188E-18
6.440000E+03	2.011100E-17	1.954306E-18
6.450000E+03	2.024640E-17	1.967429E-18
6.460000E+03	2.038225E-17	1.980596E-18
6.470000E+03	2.051923E-17	1.993872E-18
6.480000E+03	2.065711E-17	2.007236E-18
6.490000E+03	2.079662E-17	2.020756E-18
6.500000E+03	2.093784E-17	2.034444E-18
6.510000E+03	2.108120E-17	2.048338E-18
6.520000E+03	2.122618E-17	2.062390E-18
6.530000E+03	2.137383E-17	2.076701E-18
6.540000E+03	2.152363E-17	2.091219E-18
6.550000E+03	2.167599E-17	2.105986E-18
6.560000E+03	2.183103E-17	2.121013E-18
6.570000E+03	2.198849E-17	2.136276E-18
6.580000E+03	2.214884E-17	2.151818E-18
6.590000E+03	2.231215E-17	2.167648E-18
6.600000E+03	2.247819E-17	2.183742E-18
6.610000E+03	2.264702E-17	2.200106E-18
6.620000E+03	2.281873E-17	2.216750E-18
6.630000E+03	2.299377E-17	2.233717E-18
6.640000E+03	2.317147E-17	2.250942E-18
6.650000E+03	2.335228E-17	2.268468E-18
6.660000E+03	2.353628E-17	2.286304E-18
6.670000E+03	2.372313E-17	2.304415E-18
6.680000E+03	2.391330E-17	2.322849E-18
6.690000E+03	2.410645E-17	2.341572E-18
6.700000E+03	2.430304E-17	2.360628E-18
6.710000E+03	2.450229E-17	2.379942E-18
6.720000E+03	2.470467E-17	2.399560E-18
6.730000E+03	2.491066E-17	2.419528E-18
6.740000E+03	2.511944E-17	2.439766E-18
6.750000E+03	2.533150E-17	2.460321E-18
6.760000E+03	2.554641E-17	2.481153E-18
6.770000E+03	2.576467E-17	2.502310E-18
6.780000E+03	2.598585E-17	2.523750E-18
6.790000E+03	2.621000E-17	2.545477E-18
6.800000E+03	2.643759E-17	2.567538E-18
6.810000E+03	2.666771E-17	2.589844E-18
6.820000E+03	2.690132E-17	2.612488E-18
6.830000E+03	2.713748E-17	2.635380E-18
6.840000E+03	2.737719E-17	2.658614E-18
6.850000E+03	2.761942E-17	2.682094E-18
6.860000E+03	2.786420E-17	2.705820E-18
6.870000E+03	2.811198E-17	2.729837E-18
6.880000E+03	2.836279E-17	2.754146E-18
6.890000E+03	2.861551E-17	2.778642E-18
6.900000E+03	2.887119E-17	2.803423E-18
6.910000E+03	2.912923E-17	2.828433E-18
6.920000E+03	2.939013E-17	2.853721E-18
6.930000E+03	2.965275E-17	2.879174E-18
6.940000E+03	2.991755E-17	2.904838E-18
6.950000E+03	3.018447E-17	2.930707E-18
6.960000E+03	3.045284E-17	2.956717E-18
6.970000E+03	3.072318E-17	2.982916E-18
6.980000E+03	3.099540E-17	3.009298E-18
6.990000E+03	3.126881E-17	3.035793E-18
7.000000E+03	3.154331E-17	3.062396E-18
7.010000E+03	3.181881E-17	3.089093E-18
7.020000E+03	3.209585E-17	3.115939E-18
7.030000E+03	3.237306E-17	3.142802E-18
7.040000E+03	3.265164E-17	3.169796E-18
7.050000E+03	3.293022E-17	3.196790E-18
7.060000E+03	3.320936E-17	3.223836E-18
7.070000E+03	3.348832E-17	3.250866E-18
7.080000E+03	3.376767E-17	3.277932E-18
7.090000E+03	3.404737E-17	3.305032E-18
7.100000E+03	3.432668E-17	3.332092E-18
7.110000E+03	3.460482E-17	3.359039E-18
7.120000E+03	3.488312E-17	3.386000E-18
7.130000E+03	3.516085E-17	3.412905E-18
7.140000E+03	3.543794E-17	3.439748E-18
7.150000E+03	3.571436E-17	3.466525E-18
7.160000E+03	3.598934E-17	3.493161E-18
7.170000E+03	3.626356E-17	3.519723E-18
7.180000E+03	3.653626E-17	3.546136E-18
7.190000E+03	3.680736E-17	3.572393E-18
7.200000E+03	3.707760E-17	3.598567E-18
7.210000E+03	3.734617E-17	3.624578E-18
7.220000E+03	3.761382E-17	3.650499E-18
7.230000E+03	3.787892E-17	3.676172E-18
7.240000E+03	3.814221E-17	3.701668E-18
7.250000E+03	3.840363E-17	3.726983E-18
7.260000E+03	3.866311E-17	3.752109E-18
7.270000E+03	3.892060E-17	3.777041E-18
7.280000E+03	3.917603E-17	3.801772E-18
7.290000E+03	3.942846E-17	3.826213E-18
7.300000E+03	3.967867E-17	3.850437E-18
7.310000E+03	3.992657E-17	3.874436E-18
7.320000E+03	4.017206E-17	3.898202E-18
7.330000E+03	4.041421E-17	3.921642E-18
7.340000E+03	4.065379E-17	3.944832E-18
7.350000E+03	4.089162E-17	3.967853E-18
7.360000E+03	4.112583E-17	3.990522E-18
7.370000E+03	4.135725E-17	4.012920E-18
7.380000E+03	4.158584E-17	4.035043E-18
7.390000E+03	4.181248E-17	4.056976E-18
7.400000E+03	4.203620E-17	4.078625E-18
7.410000E+03	4.225793E-17	4.100083E-18
7.420000E+03	4.247865E-17	4.121440E-18
7.430000E+03	4.269746E-17	4.142612E-18
7.440000E+03	4.291631E-17	4.163789E-18
7.450000E+03	4.313336E-17	4.184791E-18
7.460000E+03	4.334968E-17	4.205721E-18
7.470000E+03	4.356434E-17	4.226490E-18
7.480000E+03	4.377844E-17	4.247204E-18
7.490000E+03	4.399006E-17	4.267678E-18
7.500000E+03	4.420027E-17	4.288015E-18
7.510000E+03	4.440919E-17	4.308226E-18
7.520000E+03	4.461581E-17	4.328215E-18
7.530000E+03	4.482229E-17	4.348190E-18
7.540000E+03	4.502660E-17	4.367954E-18
7.550000E+03	4.522980E-17	4.387611E-18
7.560000E+03	4.543087E-17	4.407060E-18
7.570000E+03	4.563090E-17	4.426409E-18
7.580000E+03	4.582880E-17	4.445552E-18
7.590000E+03	4.602567E-17	4.464594E-18
7.600000E+03	4.622037E-17	4.483426E-18
7.610000E+03	4.641288E-17	4.502045E-18
7.620000E+03	4.660425E-17	4.520555E-18
7.630000E+03	4.679331E-17	4.538840E-18
7.640000E+03	4.697997E-17	4.556892E-18
7.650000E+03	4.716527E-17	4.574812E-18
7.660000E+03	4.734795E-17	4.592480E-18
7.670000E+03	4.752905E-17	4.609993E-18
7.680000E+03	4.770609E-17	4.627113E-18
7.690000E+03	4.788123E-17	4.644049E-18
7.700000E+03	4.805432E-17	4.660785E-18
7.710000E+03	4.822397E-17	4.677189E-18
7.720000E+03	4.839117E-17	4.693355E-18
7.730000E+03	4.855448E-17	4.709144E-18
7.740000E+03	4.871368E-17	4.724534E-18
7.750000E+03	4.886971E-17	4.739617E-18
7.760000E+03	4.902233E-17	4.754370E-18
7.770000E+03	4.917128E-17	4.768767E-18
7.780000E+03	4.931502E-17	4.782659E-18
7.790000E+03	4.945453E-17	4.796141E-18
7.800000E+03	4.958951E-17	4.809184E-18
7.810000E+03	4.971967E-17	4.821759E-18
7.820000E+03	4.984472E-17	4.833840E-18
7.830000E+03	4.996436E-17	4.845396E-18
7.840000E+03	5.007960E-17	4.856526E-18
7.850000E+03	5.018886E-17	4.867076E-18
7.860000E+03	5.029187E-17	4.877021E-18
7.870000E+03	5.038834E-17	4.886332E-18
7.880000E+03	5.048070E-17	4.895244E-18
7.890000E+03	5.056606E-17	4.903478E-18
7.900000E+03	5.064553E-17	4.911142E-18
7.910000E+03	5.071759E-17	4.918087E-18
7.920000E+03	5.078474E-17	4.924557E-18
7.930000E+03	5.084689E-17	4.930543E-18
7.940000E+03	5.090119E-17	4.935767E-18
7.950000E+03	5.095167E-17	4.940622E-18
7.960000E+03	5.099690E-17	4.944968E-18
7.970000E+03	5.103688E-17	4.948806E-18
7.980000E+03	5.107301E-17	4.952270E-18
7.990000E+03	5.110397E-17	4.955234E-18
8.000000E+03	5.112841E-17	4.957567E-18
8.010000E+03	5.114924E-17	4.959550E-18
8.020000E+03	5.116240E-17	4.960790E-18
8.030000E+03	5.117224E-17	4.961709E-18
8.040000E+03	5.117473E-17	4.961916E-18
8.050000E+03	5.117291E-17	4.961705E-18
8.060000E+03	5.116417E-17	4.960824E-18
8.070000E+03	5.115162E-17	4.959574E-18
8.080000E+03	5.113270E-17	4.957707E-18
8.090000E+03	5.110911E-17	4.955390E-18
8.100000E+03	5.107978E-17	4.952514E-18
8.110000E+03	5.104645E-17	4.949253E-18
8.120000E+03	5.100948E-17	4.945640E-18
8.130000E+03	5.096638E-17	4.941432E-18
8.140000E+03	5.092039E-17	4.936945E-18
8.150000E+03	5.087044E-17	4.932075E-18
8.160000E+03	5.081694E-17	4.926862E-18
8.170000E+03	5.075885E-17	4.921204E-18
8.180000E+03	5.069942E-17	4.915418E-18
8.190000E+03	5.063621E-17	4.909265E-18
8.200000E+03	5.057104E-17	4.902923E-18
8.210000E+03	5.050430E-17	4.896431E-18
8.220000E+03	5.043498E-17	4.889688E-18
8.230000E+03	5.036346E-17	4.882733E-18
8.240000E+03	5.029157E-17	4.875744E-18
8.250000E+03	5.021968E-17	4.868755E-18
8.260000E+03	5.014532E-17	4.861527E-18
8.270000E+03	5.007172E-17	4.854374E-18
8.280000E+03	4.999781E-17	4.847192E-18
8.290000E+03	4.992394E-17	4.840014E-18
8.300000E+03	4.985045E-17	4.832875E-18
8.310000E+03	4.977769E-17	4.825806E-18
8.320000E+03	4.970596E-17	4.818839E-18
8.330000E+03	4.963558E-17	4.812004E-18
8.340000E+03	4.956686E-17	4.805330E-18
8.350000E+03	4.950006E-17	4.798843E-18
8.360000E+03	4.943402E-17	4.792431E-18
8.370000E+03	4.937043E-17	4.786257E-18
8.380000E+03	4.930953E-17	4.780346E-18
8.390000E+03	4.925012E-17	4.774579E-18
8.400000E+03	4.919383E-17	4.769116E-18
8.410000E+03	4.913941E-17	4.763835E-18
8.420000E+03	4.908852E-17	4.758897E-18
8.430000E+03	4.903983E-17	4.754175E-18
8.440000E+03	4.899355E-17	4.749685E-18
8.450000E+03	4.895122E-17	4.745580E-18
8.460000E+03	4.891154E-17	4.741734E-18
8.470000E+03	4.887463E-17	4.738157E-18
8.480000E+03	4.884059E-17	4.734858E-18
8.490000E+03	4.880950E-17	4.731847E-18
8.500000E+03	4.878145E-17	4.729132E-18
8.510000E+03	4.875506E-17	4.726578E-18
8.520000E+03	4.873331E-17	4.724476E-18
8.530000E+03	4.871481E-17	4.722689E-18
8.540000E+03	4.869813E-17	4.721081E-18
8.550000E+03	4.868478E-17	4.719796E-18
8.560000E+03	4.867335E-17	4.718698E-18
8.570000E+03	4.866532E-17	4.717932E-18
8.580000E+03	4.865925E-17	4.717356E-18
8.590000E+03	4.865665E-17	4.717118E-18
8.600000E+03	4.865606E-17	4.717077E-18
8.610000E+03	4.865750E-17	4.717232E-18
8.620000E+03	4.866096E-17	4.717586E-18
8.630000E+03	4.866647E-17	4.718139E-18
8.640000E+03	4.867555E-17	4.719039E-18
8.650000E+03	4.868518E-17	4.719995E-18
8.660000E+03	4.869688E-17	4.721151E-18
8.670000E+03	4.870914E-17	4.722364E-18
8.680000E+03	4.872501E-17	4.723928E-18
8.690000E+03	4.873989E-17	4.725398E-18
8.700000E+03	4.875842E-17	4.727222E-18
8.710000E+03	4.877595E-17	4.728951E-18
8.720000E+03	4.879556E-17	4.730883E-18
8.730000E+03	4.881418E-17	4.732721E-18
8.740000E+03	4.883488E-17	4.734762E-18
8.750000E+03	4.885611E-17	4.736855E-18
8.760000E+03	4.887630E-17	4.738849E-18
8.770000E+03	4.889540E-17	4.740739E-18
8.780000E+03	4.891499E-17	4.742679E-18
8.790000E+03	4.893345E-17	4.744509E-18
8.800000E+03	4.895076E-17	4.746230E-18
8.810000E+03	4.896685E-17	4.747835E-18
8.820000E+03	4.898010E-17	4.749166E-18
8.830000E+03	4.899043E-17	4.750214E-18
8.840000E+03	4.899775E-17	4.750974E-18
8.850000E+03	4.900034E-17	4.751275E-18
8.860000E+03	4.900141E-17	4.751431E-18
8.870000E+03	4.899922E-17	4.751273E-18
8.880000E+03	4.899702E-17	4.751115E-18
8.890000E+03	4.899307E-17	4.750790E-18
8.900000E+03	4.898898E-17	4.750452E-18
8.910000E+03	4.898295E-17	4.749928E-18
8.920000E+03	4.898002E-17	4.749706E-18
8.930000E+03	4.897668E-17	4.749447E-18
8.940000E+03	4.897452E-17	4.749302E-18
8.950000E+03	4.897514E-17	4.749431E-18
8.960000E+03	4.897667E-17	4.749648E-18
8.970000E+03	4.897894E-17	4.749939E-18
8.980000E+03	4.898357E-17	4.750461E-18
8.990000E+03	4.899046E-17	4.751203E-18
9.000000E+03	4.899943E-17	4.752149E-18
9.040000E+03	4.905896E-17	4.758240E-18
9.080000E+03	4.915742E-17	4.768134E-18
9.120000E+03	4.930171E-17	4.782495E-18
9.160000E+03	4.949168E-17	4.801312E-18
9.200000E+03	4.973189E-17	4.825025E-18
9.240000E+03	5.002330E-17	4.853730E-18
9.280000E+03	5.036483E-17	4.887321E-18
9.320000E+03	5.075514E-17	4.925667E-18
9.360000E+03	5.118993E-17	4.968353E-18
9.400000E+03	5.166129E-17	5.014612E-18
9.440000E+03	5.216280E-17	5.063820E-18
9.480000E+03	5.268157E-17	5.114725E-18
9.520000E+03	5.320042E-17	5.165660E-18
9.560000E+03	5.371044E-17	5.215758E-18
9.600000E+03	5.419336E-17	5.263244E-18
9.640000E+03	5.463038E-17	5.306290E-18
9.680000E+03	5.500993E-17	5.343770E-18
9.720000E+03	5.530692E-17	5.373243E-18
9.760000E+03	5.551589E-17	5.394176E-18
9.800000E+03	5.561035E-17	5.403989E-18
9.840000E+03	5.558970E-17	5.402621E-18
9.880000E+03	5.544036E-17	5.388746E-18
9.920000E+03	5.516010E-17	5.362143E-18
9.960000E+03	5.473675E-17	5.321623E-18
1.000000E+04	5.417903E-17	5.268027E-18
1.004000E+04	5.348556E-17	5.201217E-18
1.008000E+04	5.267196E-17	5.122706E-18
1.012000E+04	5.173792E-17	5.032460E-18
1.016000E+04	5.069927E-17	4.932012E-18
1.020000E+04	4.957329E-17	4.823042E-18
1.024000E+04	4.836821E-17	4.706348E-18
1.028000E+04	4.710646E-17	4.584107E-18
1.032000E+04	4.579062E-17	4.456570E-18
