#wls	flux	fluxerr
1.600000E+03	2.995376E-16	8.262205E-17
1.640000E+03	3.082813E-16	8.503277E-17
1.680000E+03	3.164541E-16	8.728590E-17
1.720000E+03	3.239919E-16	8.936374E-17
1.760000E+03	3.306972E-16	9.121182E-17
1.800000E+03	3.365559E-16	9.282620E-17
1.840000E+03	3.413632E-16	9.415047E-17
1.880000E+03	3.450671E-16	9.517027E-17
1.920000E+03	3.475550E-16	9.585453E-17
1.960000E+03	3.486640E-16	9.615836E-17
2.000000E+03	3.483540E-16	9.607072E-17
2.040000E+03	3.465149E-16	9.556126E-17
2.080000E+03	3.430593E-16	9.460592E-17
2.120000E+03	3.379283E-16	9.318849E-17
2.160000E+03	3.310536E-16	9.129014E-17
2.200000E+03	3.223357E-16	8.888350E-17
2.240000E+03	3.116953E-16	8.594676E-17
2.280000E+03	2.991947E-16	8.249715E-17
2.320000E+03	2.850910E-16	7.860564E-17
2.360000E+03	2.698129E-16	7.439045E-17
2.400000E+03	2.537042E-16	6.994643E-17
2.440000E+03	2.370752E-16	6.535920E-17
2.480000E+03	2.201532E-16	6.069145E-17
2.520000E+03	2.031730E-16	5.600793E-17
2.560000E+03	1.863253E-16	5.136123E-17
2.600000E+03	1.698034E-16	4.680467E-17
2.640000E+03	1.537621E-16	4.238090E-17
2.680000E+03	1.383432E-16	3.812904E-17
2.720000E+03	1.236717E-16	3.408353E-17
2.760000E+03	1.098417E-16	3.027029E-17
2.800000E+03	9.693154E-17	2.671088E-17
2.840000E+03	8.499734E-17	2.342078E-17
2.880000E+03	7.407923E-17	2.041099E-17
2.920000E+03	6.419955E-17	1.768764E-17
2.960000E+03	5.535828E-17	1.525070E-17
3.000000E+03	4.753473E-17	1.309441E-17
3.010000E+03	4.573321E-17	1.259791E-17
3.020000E+03	4.399098E-17	1.211775E-17
3.030000E+03	4.230875E-17	1.165414E-17
3.040000E+03	4.068330E-17	1.120618E-17
3.050000E+03	3.911521E-17	1.077404E-17
3.060000E+03	3.760305E-17	1.035732E-17
3.070000E+03	3.614618E-17	9.955839E-18
3.080000E+03	3.474165E-17	9.568789E-18
3.090000E+03	3.339023E-17	9.196382E-18
3.100000E+03	3.208908E-17	8.837836E-18
3.110000E+03	3.083810E-17	8.493115E-18
3.120000E+03	2.963575E-17	8.161803E-18
3.130000E+03	2.848003E-17	7.843347E-18
3.140000E+03	2.737061E-17	7.537650E-18
3.150000E+03	2.630551E-17	7.244172E-18
3.160000E+03	2.528381E-17	6.962656E-18
3.170000E+03	2.430409E-17	6.692711E-18
3.180000E+03	2.336497E-17	6.433957E-18
3.190000E+03	2.246546E-17	6.186121E-18
3.200000E+03	2.160423E-17	5.948836E-18
3.210000E+03	2.077955E-17	5.721621E-18
3.220000E+03	1.999085E-17	5.504325E-18
3.230000E+03	1.923649E-17	5.296493E-18
3.240000E+03	1.851554E-17	5.097868E-18
3.250000E+03	1.782676E-17	4.908109E-18
3.260000E+03	1.716866E-17	4.726804E-18
3.270000E+03	1.654062E-17	4.553783E-18
3.280000E+03	1.594097E-17	4.388586E-18
3.290000E+03	1.536911E-17	4.231044E-18
3.300000E+03	1.482392E-17	4.080852E-18
3.310000E+03	1.430388E-17	3.937592E-18
3.320000E+03	1.380844E-17	3.801108E-18
3.330000E+03	1.333657E-17	3.671118E-18
3.340000E+03	1.288710E-17	3.547302E-18
3.350000E+03	1.245912E-17	3.429404E-18
3.360000E+03	1.205173E-17	3.317179E-18
3.370000E+03	1.166406E-17	3.210389E-18
3.380000E+03	1.129528E-17	3.108803E-18
3.390000E+03	1.094459E-17	3.012200E-18
3.400000E+03	1.061108E-17	2.920327E-18
3.410000E+03	1.029387E-17	2.832947E-18
3.420000E+03	9.992534E-18	2.749940E-18
3.430000E+03	9.706019E-18	2.671014E-18
3.440000E+03	9.433820E-18	2.596033E-18
3.450000E+03	9.175213E-18	2.524794E-18
3.460000E+03	8.929621E-18	2.457141E-18
3.470000E+03	8.696291E-18	2.392865E-18
3.480000E+03	8.474617E-18	2.331800E-18
3.490000E+03	8.264126E-18	2.273814E-18
3.500000E+03	8.064179E-18	2.218732E-18
3.510000E+03	7.874355E-18	2.166439E-18
3.520000E+03	7.693919E-18	2.116730E-18
3.530000E+03	7.522514E-18	2.069509E-18
3.540000E+03	7.359570E-18	2.024617E-18
3.550000E+03	7.204634E-18	1.981931E-18
3.560000E+03	7.057278E-18	1.941332E-18
3.570000E+03	6.916963E-18	1.902672E-18
3.580000E+03	6.783470E-18	1.865890E-18
3.590000E+03	6.656380E-18	1.830871E-18
3.600000E+03	6.535305E-18	1.797509E-18
3.610000E+03	6.420075E-18	1.765756E-18
3.620000E+03	6.310273E-18	1.735497E-18
3.630000E+03	6.205635E-18	1.706660E-18
3.640000E+03	6.105908E-18	1.679175E-18
3.650000E+03	6.010852E-18	1.652976E-18
3.660000E+03	5.920243E-18	1.628001E-18
3.670000E+03	5.833861E-18	1.604190E-18
3.680000E+03	5.751553E-18	1.581500E-18
3.690000E+03	5.673169E-18	1.559890E-18
3.700000E+03	5.598512E-18	1.539307E-18
3.710000E+03	5.527591E-18	1.519751E-18
3.720000E+03	5.460163E-18	1.501156E-18
3.730000E+03	5.396188E-18	1.483512E-18
3.740000E+03	5.335530E-18	1.466780E-18
3.750000E+03	5.278101E-18	1.450937E-18
3.760000E+03	5.223901E-18	1.435982E-18
3.770000E+03	5.172708E-18	1.421855E-18
3.780000E+03	5.124525E-18	1.408555E-18
3.790000E+03	5.079305E-18	1.396070E-18
3.800000E+03	5.036878E-18	1.384354E-18
3.810000E+03	4.997243E-18	1.373405E-18
3.820000E+03	4.960356E-18	1.363211E-18
3.830000E+03	4.926093E-18	1.353740E-18
3.840000E+03	4.894371E-18	1.344966E-18
3.850000E+03	4.865228E-18	1.336902E-18
3.860000E+03	4.838505E-18	1.329503E-18
3.870000E+03	4.814200E-18	1.322769E-18
3.880000E+03	4.792236E-18	1.316677E-18
3.890000E+03	4.772575E-18	1.311219E-18
3.900000E+03	4.755177E-18	1.306382E-18
3.910000E+03	4.739932E-18	1.302136E-18
3.920000E+03	4.726806E-18	1.298473E-18
3.930000E+03	4.715801E-18	1.295392E-18
3.940000E+03	4.706849E-18	1.292874E-18
3.950000E+03	4.699878E-18	1.290901E-18
3.960000E+03	4.694860E-18	1.289463E-18
3.970000E+03	4.691729E-18	1.288544E-18
3.980000E+03	4.690459E-18	1.288135E-18
3.990000E+03	4.691021E-18	1.288228E-18
4.000000E+03	4.693394E-18	1.288819E-18
4.010000E+03	4.697476E-18	1.289878E-18
4.020000E+03	4.703248E-18	1.291401E-18
4.030000E+03	4.710687E-18	1.293380E-18
4.040000E+03	4.719775E-18	1.295812E-18
4.050000E+03	4.730456E-18	1.298680E-18
4.060000E+03	4.742676E-18	1.301970E-18
4.070000E+03	4.756418E-18	1.305676E-18
4.080000E+03	4.771633E-18	1.309786E-18
4.090000E+03	4.788302E-18	1.314295E-18
4.100000E+03	4.806378E-18	1.319188E-18
4.110000E+03	4.825852E-18	1.324464E-18
4.120000E+03	4.846670E-18	1.330108E-18
4.130000E+03	4.868790E-18	1.336108E-18
4.140000E+03	4.892198E-18	1.342460E-18
4.150000E+03	4.916853E-18	1.349153E-18
4.160000E+03	4.942744E-18	1.356183E-18
4.170000E+03	4.969790E-18	1.363530E-18
4.180000E+03	4.997985E-18	1.371190E-18
4.190000E+03	5.027245E-18	1.379141E-18
4.200000E+03	5.057607E-18	1.387392E-18
4.210000E+03	5.088986E-18	1.395921E-18
4.220000E+03	5.121381E-18	1.404727E-18
4.230000E+03	5.154667E-18	1.413775E-18
4.240000E+03	5.188884E-18	1.423078E-18
4.250000E+03	5.223906E-18	1.432599E-18
4.260000E+03	5.259772E-18	1.442350E-18
4.270000E+03	5.296356E-18	1.452296E-18
4.280000E+03	5.333575E-18	1.462414E-18
4.290000E+03	5.371464E-18	1.472714E-18
4.300000E+03	5.409853E-18	1.483149E-18
4.310000E+03	5.448779E-18	1.493729E-18
4.320000E+03	5.488069E-18	1.504407E-18
4.330000E+03	5.527759E-18	1.515193E-18
4.340000E+03	5.567758E-18	1.526061E-18
4.350000E+03	5.607971E-18	1.536986E-18
4.360000E+03	5.648394E-18	1.547966E-18
4.370000E+03	5.688974E-18	1.558986E-18
4.380000E+03	5.729751E-18	1.570059E-18
4.390000E+03	5.770632E-18	1.581158E-18
4.400000E+03	5.811703E-18	1.592306E-18
4.410000E+03	5.852966E-18	1.603505E-18
4.420000E+03	5.894422E-18	1.614755E-18
4.430000E+03	5.936072E-18	1.626055E-18
4.440000E+03	5.977973E-18	1.637421E-18
4.450000E+03	6.020077E-18	1.648841E-18
4.460000E+03	6.062445E-18	1.660330E-18
4.470000E+03	6.105086E-18	1.671892E-18
4.480000E+03	6.148011E-18	1.683529E-18
4.490000E+03	6.191183E-18	1.695231E-18
4.500000E+03	6.234615E-18	1.707002E-18
4.510000E+03	6.278269E-18	1.718830E-18
4.520000E+03	6.322213E-18	1.730736E-18
4.530000E+03	6.366360E-18	1.742694E-18
4.540000E+03	6.410727E-18	1.754710E-18
4.550000E+03	6.455334E-18	1.766789E-18
4.560000E+03	6.500092E-18	1.778906E-18
4.570000E+03	6.545079E-18	1.791082E-18
4.580000E+03	6.590207E-18	1.803295E-18
4.590000E+03	6.635501E-18	1.815550E-18
4.600000E+03	6.680874E-18	1.827824E-18
4.610000E+03	6.726412E-18	1.840140E-18
4.620000E+03	6.772087E-18	1.852490E-18
4.630000E+03	6.817814E-18	1.864851E-18
4.640000E+03	6.863629E-18	1.877234E-18
4.650000E+03	6.909567E-18	1.889647E-18
4.660000E+03	6.955610E-18	1.902085E-18
4.670000E+03	7.001677E-18	1.914527E-18
4.680000E+03	7.047935E-18	1.927017E-18
4.690000E+03	7.094437E-18	1.939572E-18
4.700000E+03	7.141110E-18	1.952169E-18
4.710000E+03	7.188009E-18	1.964825E-18
4.720000E+03	7.235195E-18	1.977556E-18
4.730000E+03	7.282532E-18	1.990325E-18
4.740000E+03	7.330084E-18	2.003149E-18
4.750000E+03	7.377783E-18	2.016010E-18
4.760000E+03	7.425696E-18	2.028925E-18
4.770000E+03	7.473823E-18	2.041895E-18
4.780000E+03	7.522101E-18	2.054903E-18
4.790000E+03	7.570600E-18	2.067968E-18
4.800000E+03	7.619255E-18	2.081071E-18
4.810000E+03	7.668143E-18	2.094235E-18
4.820000E+03	7.717200E-18	2.107440E-18
4.830000E+03	7.766432E-18	2.120690E-18
4.840000E+03	7.815846E-18	2.133985E-18
4.850000E+03	7.865520E-18	2.147347E-18
4.860000E+03	7.915393E-18	2.160759E-18
4.870000E+03	7.965469E-18	2.174223E-18
4.880000E+03	8.015681E-18	2.187720E-18
4.890000E+03	8.066186E-18	2.201293E-18
4.900000E+03	8.116916E-18	2.214922E-18
4.910000E+03	8.167876E-18	2.228611E-18
4.920000E+03	8.218994E-18	2.242338E-18
4.930000E+03	8.270351E-18	2.256125E-18
4.940000E+03	8.321870E-18	2.269953E-18
4.950000E+03	8.373552E-18	2.283820E-18
4.960000E+03	8.425476E-18	2.297749E-18
4.970000E+03	8.477562E-18	2.311718E-18
4.980000E+03	8.529807E-18	2.325725E-18
4.990000E+03	8.582125E-18	2.339747E-18
5.000000E+03	8.634590E-18	2.353805E-18
5.010000E+03	8.687196E-18	2.367896E-18
5.020000E+03	8.739851E-18	2.381996E-18
5.030000E+03	8.792547E-18	2.396102E-18
5.040000E+03	8.845267E-18	2.410210E-18
5.050000E+03	8.897915E-18	2.424293E-18
5.060000E+03	8.950558E-18	2.438370E-18
5.070000E+03	9.003186E-18	2.452438E-18
5.080000E+03	9.055601E-18	2.466442E-18
5.090000E+03	9.107876E-18	2.480403E-18
5.100000E+03	9.159986E-18	2.494314E-18
5.110000E+03	9.211820E-18	2.508145E-18
5.120000E+03	9.263355E-18	2.521889E-18
5.130000E+03	9.314565E-18	2.535540E-18
5.140000E+03	9.365420E-18	2.549088E-18
5.150000E+03	9.415800E-18	2.562502E-18
5.160000E+03	9.465763E-18	2.575796E-18
5.170000E+03	9.515090E-18	2.588913E-18
5.180000E+03	9.563834E-18	2.601866E-18
5.190000E+03	9.611859E-18	2.614618E-18
5.200000E+03	9.659120E-18	2.627156E-18
5.210000E+03	9.705571E-18	2.639469E-18
5.220000E+03	9.751157E-18	2.651541E-18
5.230000E+03	9.795634E-18	2.663306E-18
5.240000E+03	9.839132E-18	2.674800E-18
5.250000E+03	9.881498E-18	2.685981E-18
5.260000E+03	9.922666E-18	2.696832E-18
5.270000E+03	9.962473E-18	2.707307E-18
5.280000E+03	1.000085E-17	2.717389E-18
5.290000E+03	1.003774E-17	2.727059E-18
5.300000E+03	1.007306E-17	2.736300E-18
5.310000E+03	1.010675E-17	2.745093E-18
5.320000E+03	1.013864E-17	2.753394E-18
5.330000E+03	1.016888E-17	2.761239E-18
5.340000E+03	1.019719E-17	2.768558E-18
5.350000E+03	1.022353E-17	2.775337E-18
5.360000E+03	1.024804E-17	2.781614E-18
5.370000E+03	1.027048E-17	2.787324E-18
5.380000E+03	1.029100E-17	2.792509E-18
5.390000E+03	1.030946E-17	2.797133E-18
5.400000E+03	1.032594E-17	2.801214E-18
5.410000E+03	1.034031E-17	2.804720E-18
5.420000E+03	1.035276E-17	2.807701E-18
5.430000E+03	1.036318E-17	2.810126E-18
5.440000E+03	1.037165E-17	2.812022E-18
5.450000E+03	1.037799E-17	2.813334E-18
5.460000E+03	1.038229E-17	2.814092E-18
5.470000E+03	1.038446E-17	2.814271E-18
5.480000E+03	1.038444E-17	2.813850E-18
5.490000E+03	1.038233E-17	2.812863E-18
5.500000E+03	1.037797E-17	2.811262E-18
5.510000E+03	1.037128E-17	2.809030E-18
5.520000E+03	1.036231E-17	2.806177E-18
5.530000E+03	1.035090E-17	2.802660E-18
5.540000E+03	1.033720E-17	2.798520E-18
5.550000E+03	1.032094E-17	2.793688E-18
5.560000E+03	1.030239E-17	2.788236E-18
5.570000E+03	1.028152E-17	2.782152E-18
5.580000E+03	1.025828E-17	2.775426E-18
5.590000E+03	1.023273E-17	2.768075E-18
5.600000E+03	1.020494E-17	2.760117E-18
5.610000E+03	1.017487E-17	2.751544E-18
5.620000E+03	1.014281E-17	2.742430E-18
5.630000E+03	1.010860E-17	2.732737E-18
5.640000E+03	1.007254E-17	2.722543E-18
5.650000E+03	1.003448E-17	2.711808E-18
5.660000E+03	9.994702E-18	2.700610E-18
5.670000E+03	9.953273E-18	2.688967E-18
5.680000E+03	9.910165E-18	2.676871E-18
5.690000E+03	9.865545E-18	2.664368E-18
5.700000E+03	9.819490E-18	2.651479E-18
5.710000E+03	9.772170E-18	2.638249E-18
5.720000E+03	9.723654E-18	2.624698E-18
5.730000E+03	9.673917E-18	2.610819E-18
5.740000E+03	9.623230E-18	2.596686E-18
5.750000E+03	9.571666E-18	2.582318E-18
5.760000E+03	9.519199E-18	2.567709E-18
5.770000E+03	9.466003E-18	2.552905E-18
5.780000E+03	9.412254E-18	2.537954E-18
5.790000E+03	9.358029E-18	2.522878E-18
5.800000E+03	9.303304E-18	2.507669E-18
5.810000E+03	9.248259E-18	2.492376E-18
5.820000E+03	9.193072E-18	2.477048E-18
5.830000E+03	9.137820E-18	2.461705E-18
5.840000E+03	9.082488E-18	2.446343E-18
5.850000E+03	9.027254E-18	2.431010E-18
5.860000E+03	8.972201E-18	2.415729E-18
5.870000E+03	8.917504E-18	2.400546E-18
5.880000E+03	8.863245E-18	2.385484E-18
5.890000E+03	8.809406E-18	2.370538E-18
5.900000E+03	8.756162E-18	2.355755E-18
5.910000E+03	8.703492E-18	2.341130E-18
5.920000E+03	8.651762E-18	2.326759E-18
5.930000E+03	8.600752E-18	2.312585E-18
5.940000E+03	8.550629E-18	2.298653E-18
5.950000E+03	8.501554E-18	2.285004E-18
5.960000E+03	8.453498E-18	2.271632E-18
5.970000E+03	8.406516E-18	2.258551E-18
5.980000E+03	8.360765E-18	2.245803E-18
5.990000E+03	8.316198E-18	2.233376E-18
6.000000E+03	8.272965E-18	2.221308E-18
6.010000E+03	8.230916E-18	2.209561E-18
6.020000E+03	8.190286E-18	2.198197E-18
6.030000E+03	8.150925E-18	2.187175E-18
6.040000E+03	8.113057E-18	2.176555E-18
6.050000E+03	8.076427E-18	2.166269E-18
6.060000E+03	8.041256E-18	2.156376E-18
6.070000E+03	8.007475E-18	2.146857E-18
6.080000E+03	7.975103E-18	2.137717E-18
6.090000E+03	7.943970E-18	2.128910E-18
6.100000E+03	7.914284E-18	2.120492E-18
6.110000E+03	7.885770E-18	2.112388E-18
6.120000E+03	7.858630E-18	2.104653E-18
6.130000E+03	7.832582E-18	2.097212E-18
6.140000E+03	7.807632E-18	2.090064E-18
6.150000E+03	7.783682E-18	2.083185E-18
6.160000E+03	7.760733E-18	2.076574E-18
6.170000E+03	7.738486E-18	2.070151E-18
6.180000E+03	7.716934E-18	2.063914E-18
6.190000E+03	7.695966E-18	2.057833E-18
6.200000E+03	7.675565E-18	2.051903E-18
6.210000E+03	7.655710E-18	2.046120E-18
6.220000E+03	7.636575E-18	2.040528E-18
6.230000E+03	7.618431E-18	2.035202E-18
6.240000E+03	7.601355E-18	2.030160E-18
6.250000E+03	7.585524E-18	2.025450E-18
6.260000E+03	7.571114E-18	2.021119E-18
6.270000E+03	7.558205E-18	2.017188E-18
6.280000E+03	7.546982E-18	2.013706E-18
6.290000E+03	7.537528E-18	2.010694E-18
6.300000E+03	7.529927E-18	2.008176E-18
6.310000E+03	7.524373E-18	2.006202E-18
6.320000E+03	7.520858E-18	2.004769E-18
6.330000E+03	7.519578E-18	2.003930E-18
6.340000E+03	7.520424E-18	2.003655E-18
6.350000E+03	7.523498E-18	2.003970E-18
6.360000E+03	7.528796E-18	2.004875E-18
6.370000E+03	7.536423E-18	2.006397E-18
6.380000E+03	7.546276E-18	2.008507E-18
6.390000E+03	7.558354E-18	2.011206E-18
6.400000E+03	7.572552E-18	2.014464E-18
6.410000E+03	7.588650E-18	2.018223E-18
6.420000E+03	7.606530E-18	2.022451E-18
6.430000E+03	7.626191E-18	2.027147E-18
6.440000E+03	7.647625E-18	2.032309E-18
6.450000E+03	7.670826E-18	2.037935E-18
6.460000E+03	7.695906E-18	2.044054E-18
6.470000E+03	7.722980E-18	2.050696E-18
6.480000E+03	7.752052E-18	2.057862E-18
6.490000E+03	7.783007E-18	2.065521E-18
6.500000E+03	7.816086E-18	2.073737E-18
6.510000E+03	7.851298E-18	2.082510E-18
6.520000E+03	7.888533E-18	2.091813E-18
6.530000E+03	7.927921E-18	2.101678E-18
6.540000E+03	7.969476E-18	2.112108E-18
6.550000E+03	8.013085E-18	2.123074E-18
6.560000E+03	8.058759E-18	2.134578E-18
6.570000E+03	8.106767E-18	2.146691E-18
6.580000E+03	8.156741E-18	2.159313E-18
6.590000E+03	8.208953E-18	2.172518E-18
6.600000E+03	8.263420E-18	2.186309E-18
6.610000E+03	8.319896E-18	2.200620E-18
6.620000E+03	8.378662E-18	2.215525E-18
6.630000E+03	8.439466E-18	2.230957E-18
6.640000E+03	8.502600E-18	2.246993E-18
6.650000E+03	8.567804E-18	2.263563E-18
6.660000E+03	8.635236E-18	2.280708E-18
6.670000E+03	8.704920E-18	2.298434E-18
6.680000E+03	8.776726E-18	2.316707E-18
6.690000E+03	8.850673E-18	2.335531E-18
6.700000E+03	8.926930E-18	2.354949E-18
6.710000E+03	9.005367E-18	2.374927E-18
6.720000E+03	9.086004E-18	2.395470E-18
6.730000E+03	9.168860E-18	2.416582E-18
6.740000E+03	9.253955E-18	2.438267E-18
6.750000E+03	9.341313E-18	2.460531E-18
6.760000E+03	9.430954E-18	2.483380E-18
6.770000E+03	9.522735E-18	2.506774E-18
6.780000E+03	9.616841E-18	2.530762E-18
6.790000E+03	9.713297E-18	2.555350E-18
6.800000E+03	9.811954E-18	2.580497E-18
6.810000E+03	9.913006E-18	2.606255E-18
6.820000E+03	1.001630E-17	2.632583E-18
6.830000E+03	1.012186E-17	2.659484E-18
6.840000E+03	1.022970E-17	2.686963E-18
6.850000E+03	1.033983E-17	2.715025E-18
6.860000E+03	1.045249E-17	2.743725E-18
6.870000E+03	1.056729E-17	2.772968E-18
6.880000E+03	1.068446E-17	2.802808E-18
6.890000E+03	1.080401E-17	2.833250E-18
6.900000E+03	1.092576E-17	2.864245E-18
6.910000E+03	1.104994E-17	2.895850E-18
6.920000E+03	1.117656E-17	2.928071E-18
6.930000E+03	1.130543E-17	2.960857E-18
6.940000E+03	1.143656E-17	2.994208E-18
6.950000E+03	1.157019E-17	3.028187E-18
6.960000E+03	1.170610E-17	3.062739E-18
6.970000E+03	1.184433E-17	3.097866E-18
6.980000E+03	1.198487E-17	3.133570E-18
6.990000E+03	1.212773E-17	3.169854E-18
7.000000E+03	1.227269E-17	3.206657E-18
7.010000E+03	1.242023E-17	3.244104E-18
7.020000E+03	1.256987E-17	3.282071E-18
7.030000E+03	1.272187E-17	3.320622E-18
7.040000E+03	1.287598E-17	3.359691E-18
7.050000E+03	1.303218E-17	3.399278E-18
7.060000E+03	1.319074E-17	3.439447E-18
7.070000E+03	1.335140E-17	3.480131E-18
7.080000E+03	1.351388E-17	3.521255E-18
7.090000E+03	1.367870E-17	3.562957E-18
7.100000E+03	1.384559E-17	3.605163E-18
7.110000E+03	1.401425E-17	3.647796E-18
7.120000E+03	1.418494E-17	3.690924E-18
7.130000E+03	1.435736E-17	3.734467E-18
7.140000E+03	1.453178E-17	3.778493E-18
7.150000E+03	1.470787E-17	3.822918E-18
7.160000E+03	1.488592E-17	3.867814E-18
7.170000E+03	1.506527E-17	3.913013E-18
7.180000E+03	1.524619E-17	3.958583E-18
7.190000E+03	1.542897E-17	4.004597E-18
7.200000E+03	1.561293E-17	4.050879E-18
7.210000E+03	1.579801E-17	4.097412E-18
7.220000E+03	1.598449E-17	4.144272E-18
7.230000E+03	1.617230E-17	4.191437E-18
7.240000E+03	1.636109E-17	4.238816E-18
7.250000E+03	1.655110E-17	4.286475E-18
7.260000E+03	1.674194E-17	4.334306E-18
7.270000E+03	1.693353E-17	4.382292E-18
7.280000E+03	1.712618E-17	4.430511E-18
7.290000E+03	1.731944E-17	4.478848E-18
7.300000E+03	1.751362E-17	4.527384E-18
7.310000E+03	1.770826E-17	4.575996E-18
7.320000E+03	1.790327E-17	4.624664E-18
7.330000E+03	1.809938E-17	4.673576E-18
7.340000E+03	1.829573E-17	4.722506E-18
7.350000E+03	1.849305E-17	4.771646E-18
7.360000E+03	1.869085E-17	4.820870E-18
7.370000E+03	1.888954E-17	4.870279E-18
7.380000E+03	1.908943E-17	4.919959E-18
7.390000E+03	1.929011E-17	4.969800E-18
7.400000E+03	1.949240E-17	5.020012E-18
7.410000E+03	1.969629E-17	5.070594E-18
7.420000E+03	1.990223E-17	5.121662E-18
7.430000E+03	2.011024E-17	5.173216E-18
7.440000E+03	2.032035E-17	5.225270E-18
7.450000E+03	2.053306E-17	5.277947E-18
7.460000E+03	2.074744E-17	5.331007E-18
7.470000E+03	2.096351E-17	5.384459E-18
7.480000E+03	2.118078E-17	5.438175E-18
7.490000E+03	2.139977E-17	5.492286E-18
7.500000E+03	2.161997E-17	5.546660E-18
7.510000E+03	2.184085E-17	5.601165E-18
7.520000E+03	2.206241E-17	5.655801E-18
7.530000E+03	2.228463E-17	5.710558E-18
7.540000E+03	2.250696E-17	5.765297E-18
7.550000E+03	2.272988E-17	5.820142E-18
7.560000E+03	2.295228E-17	5.874807E-18
7.570000E+03	2.317521E-17	5.929564E-18
7.580000E+03	2.339805E-17	5.984254E-18
7.590000E+03	2.362078E-17	6.038867E-18
7.600000E+03	2.384275E-17	6.093242E-18
7.610000E+03	2.406442E-17	6.147497E-18
7.620000E+03	2.428575E-17	6.201620E-18
7.630000E+03	2.450663E-17	6.255583E-18
7.640000E+03	2.472633E-17	6.309204E-18
7.650000E+03	2.494539E-17	6.362614E-18
7.660000E+03	2.516301E-17	6.415615E-18
7.670000E+03	2.538034E-17	6.468500E-18
7.680000E+03	2.559529E-17	6.520735E-18
7.690000E+03	2.580963E-17	6.572774E-18
7.700000E+03	2.602257E-17	6.624413E-18
7.710000E+03	2.623323E-17	6.675433E-18
7.720000E+03	2.644210E-17	6.725955E-18
7.730000E+03	2.664895E-17	6.775924E-18
7.740000E+03	2.685360E-17	6.825295E-18
7.750000E+03	2.705583E-17	6.874013E-18
7.760000E+03	2.725610E-17	6.922194E-18
7.770000E+03	2.745281E-17	6.969437E-18
7.780000E+03	2.764711E-17	7.016031E-18
7.790000E+03	2.783884E-17	7.061936E-18
7.800000E+03	2.802629E-17	7.106721E-18
7.810000E+03	2.821143E-17	7.150889E-18
7.820000E+03	2.839332E-17	7.194202E-18
7.830000E+03	2.857102E-17	7.236417E-18
7.840000E+03	2.874583E-17	7.277875E-18
7.850000E+03	2.891681E-17	7.318330E-18
7.860000E+03	2.908454E-17	7.357937E-18
7.870000E+03	2.924889E-17	7.396661E-18
7.880000E+03	2.941051E-17	7.434666E-18
7.890000E+03	2.956846E-17	7.471722E-18
7.900000E+03	2.972347E-17	7.508009E-18
7.910000E+03	2.987626E-17	7.543709E-18
7.920000E+03	3.002595E-17	7.578608E-18
7.930000E+03	3.017414E-17	7.613105E-18
7.940000E+03	3.032085E-17	7.647205E-18
7.950000E+03	3.046690E-17	7.681123E-18
7.960000E+03	3.061324E-17	7.715090E-18
7.970000E+03	3.075821E-17	7.748695E-18
7.980000E+03	3.090359E-17	7.782384E-18
7.990000E+03	3.104864E-17	7.815971E-18
8.000000E+03	3.119346E-17	7.849482E-18
8.010000E+03	3.133639E-17	7.882502E-18
8.020000E+03	3.147757E-17	7.915064E-18
8.030000E+03	3.161711E-17	7.947197E-18
8.040000E+03	3.175424E-17	7.978712E-18
8.050000E+03	3.188911E-17	8.009644E-18
8.060000E+03	3.202188E-17	8.040036E-18
8.070000E+03	3.215087E-17	8.069467E-18
8.080000E+03	3.227809E-17	8.098443E-18
8.090000E+03	3.240187E-17	8.126547E-18
8.100000E+03	3.252336E-17	8.154068E-18
8.110000E+03	3.264183E-17	8.180824E-18
8.120000E+03	3.275750E-17	8.206871E-18
8.130000E+03	3.286964E-17	8.232029E-18
8.140000E+03	3.298038E-17	8.256832E-18
8.150000E+03	3.308809E-17	8.280874E-18
8.160000E+03	3.319398E-17	8.304457E-18
8.170000E+03	3.329733E-17	8.327406E-18
8.180000E+03	3.339848E-17	8.349802E-18
8.190000E+03	3.349863E-17	8.371949E-18
8.200000E+03	3.359713E-17	8.393685E-18
8.210000E+03	3.369332E-17	8.414846E-18
8.220000E+03	3.378943E-17	8.435990E-18
8.230000E+03	3.388482E-17	8.456961E-18
8.240000E+03	3.397980E-17	8.477832E-18
8.250000E+03	3.407374E-17	8.498450E-18
8.260000E+03	3.416792E-17	8.519133E-18
8.270000E+03	3.426269E-17	8.539972E-18
8.280000E+03	3.435740E-17	8.560801E-18
8.290000E+03	3.445336E-17	8.581952E-18
8.300000E+03	3.455092E-17	8.603508E-18
8.310000E+03	3.464939E-17	8.625303E-18
8.320000E+03	3.474911E-17	8.647415E-18
8.330000E+03	3.485138E-17	8.670176E-18
8.340000E+03	3.495552E-17	8.693409E-18
8.350000E+03	3.506285E-17	8.717448E-18
8.360000E+03	3.517261E-17	8.742103E-18
8.370000E+03	3.528511E-17	8.767451E-18
8.380000E+03	3.540058E-17	8.793548E-18
8.390000E+03	3.551925E-17	8.820454E-18
8.400000E+03	3.564139E-17	8.848234E-18
8.410000E+03	3.576825E-17	8.877198E-18
8.420000E+03	3.589789E-17	8.906868E-18
8.430000E+03	3.603157E-17	8.937554E-18
8.440000E+03	3.616942E-17	8.969291E-18
8.450000E+03	3.631163E-17	9.002122E-18
8.460000E+03	3.645828E-17	9.036069E-18
8.470000E+03	3.660949E-17	9.071164E-18
8.480000E+03	3.676427E-17	9.107158E-18
8.490000E+03	3.692375E-17	9.144335E-18
8.500000E+03	3.708690E-17	9.182439E-18
8.510000E+03	3.725485E-17	9.221750E-18
8.520000E+03	3.742651E-17	9.261997E-18
8.530000E+03	3.760300E-17	9.303460E-18
8.540000E+03	3.778319E-17	9.345860E-18
8.550000E+03	3.796702E-17	9.389180E-18
8.560000E+03	3.815560E-17	9.433700E-18
8.570000E+03	3.834654E-17	9.478824E-18
8.580000E+03	3.854210E-17	9.525116E-18
8.590000E+03	3.874101E-17	9.572259E-18
8.600000E+03	3.894315E-17	9.620229E-18
8.610000E+03	3.914716E-17	9.668688E-18
8.620000E+03	3.935531E-17	9.718197E-18
8.630000E+03	3.956499E-17	9.768115E-18
8.640000E+03	3.977721E-17	9.818691E-18
8.650000E+03	3.999048E-17	9.869561E-18
8.660000E+03	4.020709E-17	9.921288E-18
8.670000E+03	4.042297E-17	9.972871E-18
8.680000E+03	4.064036E-17	1.002486E-17
8.690000E+03	4.085761E-17	1.007686E-17
8.700000E+03	4.107566E-17	1.012910E-17
8.710000E+03	4.129153E-17	1.018084E-17
8.720000E+03	4.150740E-17	1.023262E-17
8.730000E+03	4.172151E-17	1.028402E-17
8.740000E+03	4.193336E-17	1.033491E-17
8.750000E+03	4.214107E-17	1.038483E-17
8.760000E+03	4.234543E-17	1.043397E-17
8.770000E+03	4.254588E-17	1.048221E-17
8.780000E+03	4.274039E-17	1.052904E-17
8.790000E+03	4.292974E-17	1.057465E-17
8.800000E+03	4.311183E-17	1.061854E-17
8.810000E+03	4.328740E-17	1.066088E-17
8.820000E+03	4.345289E-17	1.070081E-17
8.830000E+03	4.361042E-17	1.073884E-17
8.840000E+03	4.375638E-17	1.077409E-17
8.850000E+03	4.389293E-17	1.080710E-17
8.860000E+03	4.401645E-17	1.083697E-17
8.870000E+03	4.413068E-17	1.086462E-17
8.880000E+03	4.423200E-17	1.088918E-17
8.890000E+03	4.432132E-17	1.091086E-17
8.900000E+03	4.439808E-17	1.092952E-17
8.910000E+03	4.446341E-17	1.094545E-17
8.920000E+03	4.451695E-17	1.095857E-17
8.930000E+03	4.455702E-17	1.096844E-17
8.940000E+03	4.458683E-17	1.097588E-17
8.950000E+03	4.460341E-17	1.098014E-17
8.960000E+03	4.461020E-17	1.098208E-17
8.970000E+03	4.460595E-17	1.098139E-17
8.980000E+03	4.459260E-17	1.097853E-17
8.990000E+03	4.456895E-17	1.097322E-17
9.000000E+03	4.453870E-17	1.096636E-17
9.040000E+03	4.433540E-17	1.091943E-17
9.080000E+03	4.404397E-17	1.085195E-17
9.120000E+03	4.369798E-17	1.077208E-17
9.160000E+03	4.333169E-17	1.068818E-17
9.200000E+03	4.297305E-17	1.060705E-17
9.240000E+03	4.264721E-17	1.053482E-17
9.280000E+03	4.237431E-17	1.047643E-17
9.320000E+03	4.216695E-17	1.043495E-17
9.360000E+03	4.203756E-17	1.041344E-17
9.400000E+03	4.198618E-17	1.041192E-17
9.440000E+03	4.201533E-17	1.043103E-17
9.480000E+03	4.211605E-17	1.046855E-17
9.520000E+03	4.228449E-17	1.052355E-17
9.560000E+03	4.250937E-17	1.059324E-17
9.600000E+03	4.278159E-17	1.067537E-17
9.640000E+03	4.309220E-17	1.076772E-17
9.680000E+03	4.343229E-17	1.086807E-17
9.720000E+03	4.379012E-17	1.097348E-17
9.760000E+03	4.415706E-17	1.108176E-17
9.800000E+03	4.451891E-17	1.118933E-17
9.840000E+03	4.486830E-17	1.129430E-17
9.880000E+03	4.519891E-17	1.139503E-17
9.920000E+03	4.549431E-17	1.148733E-17
9.960000E+03	4.575226E-17	1.157055E-17
1.000000E+04	4.596428E-17	1.164248E-17
1.004000E+04	4.611890E-17	1.170012E-17
1.008000E+04	4.621411E-17	1.174287E-17
1.012000E+04	4.624609E-17	1.176966E-17
1.016000E+04	4.621703E-17	1.178093E-17
1.020000E+04	4.612162E-17	1.177525E-17
1.024000E+04	4.595907E-17	1.175230E-17
1.028000E+04	4.573771E-17	1.171412E-17
1.032000E+04	4.545696E-17	1.166047E-17
