#wls	flux	fluxerr
1.600000E+03	3.154682E-16	9.426418E-17
1.640000E+03	3.247246E-16	9.702885E-17
1.680000E+03	3.333784E-16	9.961330E-17
1.720000E+03	3.413609E-16	1.019971E-16
1.760000E+03	3.484626E-16	1.041175E-16
1.800000E+03	3.546668E-16	1.059696E-16
1.840000E+03	3.597560E-16	1.074884E-16
1.880000E+03	3.636737E-16	1.086570E-16
1.920000E+03	3.662990E-16	1.094394E-16
1.960000E+03	3.674582E-16	1.097836E-16
2.000000E+03	3.671075E-16	1.096766E-16
2.040000E+03	3.651289E-16	1.090832E-16
2.080000E+03	3.614289E-16	1.079754E-16
2.120000E+03	3.559445E-16	1.063344E-16
2.160000E+03	3.486032E-16	1.041387E-16
2.200000E+03	3.393006E-16	1.013571E-16
2.240000E+03	3.279543E-16	9.796509E-17
2.280000E+03	3.146328E-16	9.398309E-17
2.320000E+03	2.996099E-16	8.949298E-17
2.360000E+03	2.833408E-16	8.463081E-17
2.400000E+03	2.661913E-16	7.950586E-17
2.440000E+03	2.484927E-16	7.421713E-17
2.480000E+03	2.304890E-16	6.883754E-17
2.520000E+03	2.124322E-16	6.344238E-17
2.560000E+03	1.945277E-16	5.809301E-17
2.600000E+03	1.769836E-16	5.285158E-17
2.640000E+03	1.599669E-16	4.776798E-17
2.680000E+03	1.436304E-16	4.288785E-17
2.720000E+03	1.281083E-16	3.825121E-17
2.760000E+03	1.135012E-16	3.388816E-17
2.800000E+03	9.989242E-17	2.982350E-17
2.840000E+03	8.734057E-17	2.607473E-17
2.880000E+03	7.588629E-17	2.265395E-17
2.920000E+03	6.555037E-17	1.956733E-17
2.960000E+03	5.632921E-17	1.681377E-17
3.000000E+03	4.819683E-17	1.438546E-17
3.010000E+03	4.632844E-17	1.382758E-17
3.020000E+03	4.452321E-17	1.328857E-17
3.030000E+03	4.278180E-17	1.276862E-17
3.040000E+03	4.110082E-17	1.226673E-17
3.050000E+03	3.948073E-17	1.178302E-17
3.060000E+03	3.791996E-17	1.131702E-17
3.070000E+03	3.641777E-17	1.086852E-17
3.080000E+03	3.497104E-17	1.043659E-17
3.090000E+03	3.358046E-17	1.002142E-17
3.100000E+03	3.224301E-17	9.622129E-18
3.110000E+03	3.095845E-17	9.238628E-18
3.120000E+03	2.972518E-17	8.870443E-18
3.130000E+03	2.854098E-17	8.516914E-18
3.140000E+03	2.740545E-17	8.177918E-18
3.150000E+03	2.631643E-17	7.852813E-18
3.160000E+03	2.527292E-17	7.541295E-18
3.170000E+03	2.427332E-17	7.242892E-18
3.180000E+03	2.331616E-17	6.957158E-18
3.190000E+03	2.240033E-17	6.683768E-18
3.200000E+03	2.152433E-17	6.422272E-18
3.210000E+03	2.068637E-17	6.172132E-18
3.220000E+03	1.988573E-17	5.933137E-18
3.230000E+03	1.912068E-17	5.704768E-18
3.240000E+03	1.839017E-17	5.486710E-18
3.250000E+03	1.769286E-17	5.278568E-18
3.260000E+03	1.702717E-17	5.079862E-18
3.270000E+03	1.639238E-17	4.890385E-18
3.280000E+03	1.578674E-17	4.709610E-18
3.290000E+03	1.520957E-17	4.537334E-18
3.300000E+03	1.465968E-17	4.373201E-18
3.310000E+03	1.413549E-17	4.216744E-18
3.320000E+03	1.363638E-17	4.067770E-18
3.330000E+03	1.316126E-17	3.925960E-18
3.340000E+03	1.270893E-17	3.790951E-18
3.350000E+03	1.227841E-17	3.662455E-18
3.360000E+03	1.186878E-17	3.540192E-18
3.370000E+03	1.147913E-17	3.423895E-18
3.380000E+03	1.110859E-17	3.313303E-18
3.390000E+03	1.075634E-17	3.208168E-18
3.400000E+03	1.042143E-17	3.108209E-18
3.410000E+03	1.010297E-17	3.013163E-18
3.420000E+03	9.800523E-18	2.922893E-18
3.430000E+03	9.513004E-18	2.837080E-18
3.440000E+03	9.239898E-18	2.755568E-18
3.450000E+03	8.980464E-18	2.678137E-18
3.460000E+03	8.734117E-18	2.604611E-18
3.470000E+03	8.500093E-18	2.534763E-18
3.480000E+03	8.277781E-18	2.468410E-18
3.490000E+03	8.066692E-18	2.405407E-18
3.500000E+03	7.866188E-18	2.345562E-18
3.510000E+03	7.675838E-18	2.288747E-18
3.520000E+03	7.494904E-18	2.234743E-18
3.530000E+03	7.323029E-18	2.183441E-18
3.540000E+03	7.159638E-18	2.134671E-18
3.550000E+03	7.004272E-18	2.088296E-18
3.560000E+03	6.856504E-18	2.044187E-18
3.570000E+03	6.715797E-18	2.002186E-18
3.580000E+03	6.581923E-18	1.962223E-18
3.590000E+03	6.454466E-18	1.924175E-18
3.600000E+03	6.333036E-18	1.887926E-18
3.610000E+03	6.217455E-18	1.853421E-18
3.620000E+03	6.107310E-18	1.820538E-18
3.630000E+03	6.002331E-18	1.789197E-18
3.640000E+03	5.902267E-18	1.759321E-18
3.650000E+03	5.806875E-18	1.730840E-18
3.660000E+03	5.715924E-18	1.703683E-18
3.670000E+03	5.629197E-18	1.677787E-18
3.680000E+03	5.546533E-18	1.653102E-18
3.690000E+03	5.467782E-18	1.629585E-18
3.700000E+03	5.392742E-18	1.607174E-18
3.710000E+03	5.321412E-18	1.585870E-18
3.720000E+03	5.253553E-18	1.565602E-18
3.730000E+03	5.189117E-18	1.546354E-18
3.740000E+03	5.127963E-18	1.528085E-18
3.750000E+03	5.070000E-18	1.510767E-18
3.760000E+03	5.015223E-18	1.494400E-18
3.770000E+03	4.963410E-18	1.478916E-18
3.780000E+03	4.914555E-18	1.464314E-18
3.790000E+03	4.868610E-18	1.450580E-18
3.800000E+03	4.825405E-18	1.437662E-18
3.810000E+03	4.784934E-18	1.425560E-18
3.820000E+03	4.747148E-18	1.414258E-18
3.830000E+03	4.711924E-18	1.403719E-18
3.840000E+03	4.679179E-18	1.393919E-18
3.850000E+03	4.648942E-18	1.384867E-18
3.860000E+03	4.621060E-18	1.376516E-18
3.870000E+03	4.595525E-18	1.368865E-18
3.880000E+03	4.572263E-18	1.361890E-18
3.890000E+03	4.551229E-18	1.355580E-18
3.900000E+03	4.532385E-18	1.349921E-18
3.910000E+03	4.515623E-18	1.344883E-18
3.920000E+03	4.500905E-18	1.340454E-18
3.930000E+03	4.488235E-18	1.336634E-18
3.940000E+03	4.477539E-18	1.333402E-18
3.950000E+03	4.468751E-18	1.330738E-18
3.960000E+03	4.461841E-18	1.328633E-18
3.970000E+03	4.456743E-18	1.327068E-18
3.980000E+03	4.453431E-18	1.326033E-18
3.990000E+03	4.451874E-18	1.325522E-18
4.000000E+03	4.452048E-18	1.325525E-18
4.010000E+03	4.453861E-18	1.326015E-18
4.020000E+03	4.457290E-18	1.326987E-18
4.030000E+03	4.462308E-18	1.328431E-18
4.040000E+03	4.468900E-18	1.330343E-18
4.050000E+03	4.477011E-18	1.332707E-18
4.060000E+03	4.486585E-18	1.335505E-18
4.070000E+03	4.497609E-18	1.338735E-18
4.080000E+03	4.510028E-18	1.342379E-18
4.090000E+03	4.523831E-18	1.346434E-18
4.100000E+03	4.538967E-18	1.350885E-18
4.110000E+03	4.555425E-18	1.355729E-18
4.120000E+03	4.573158E-18	1.360952E-18
4.130000E+03	4.592118E-18	1.366538E-18
4.140000E+03	4.612296E-18	1.372487E-18
4.150000E+03	4.633649E-18	1.378783E-18
4.160000E+03	4.656167E-18	1.385426E-18
4.170000E+03	4.679772E-18	1.392391E-18
4.180000E+03	4.704456E-18	1.399676E-18
4.190000E+03	4.730141E-18	1.407258E-18
4.200000E+03	4.756858E-18	1.415146E-18
4.210000E+03	4.784529E-18	1.423316E-18
4.220000E+03	4.813150E-18	1.431768E-18
4.230000E+03	4.842605E-18	1.440466E-18
4.240000E+03	4.872926E-18	1.449421E-18
4.250000E+03	4.903997E-18	1.458597E-18
4.260000E+03	4.935853E-18	1.468006E-18
4.270000E+03	4.968376E-18	1.477612E-18
4.280000E+03	5.001482E-18	1.487390E-18
4.290000E+03	5.035208E-18	1.497350E-18
4.300000E+03	5.069391E-18	1.507445E-18
4.310000E+03	5.104067E-18	1.517685E-18
4.320000E+03	5.139067E-18	1.528021E-18
4.330000E+03	5.174430E-18	1.538462E-18
4.340000E+03	5.210063E-18	1.548982E-18
4.350000E+03	5.245881E-18	1.559555E-18
4.360000E+03	5.281875E-18	1.570179E-18
4.370000E+03	5.317993E-18	1.580839E-18
4.380000E+03	5.354276E-18	1.591546E-18
4.390000E+03	5.390628E-18	1.602271E-18
4.400000E+03	5.427134E-18	1.613041E-18
4.410000E+03	5.463791E-18	1.623854E-18
4.420000E+03	5.500598E-18	1.634710E-18
4.430000E+03	5.537556E-18	1.645608E-18
4.440000E+03	5.574714E-18	1.656565E-18
4.450000E+03	5.612030E-18	1.667567E-18
4.460000E+03	5.649556E-18	1.678629E-18
4.470000E+03	5.687301E-18	1.689754E-18
4.480000E+03	5.725273E-18	1.700945E-18
4.490000E+03	5.763438E-18	1.712192E-18
4.500000E+03	5.801807E-18	1.723497E-18
4.510000E+03	5.840348E-18	1.734851E-18
4.520000E+03	5.879122E-18	1.746273E-18
4.530000E+03	5.918050E-18	1.757738E-18
4.540000E+03	5.957149E-18	1.769252E-18
4.550000E+03	5.996438E-18	1.780820E-18
4.560000E+03	6.035838E-18	1.792420E-18
4.570000E+03	6.075422E-18	1.804071E-18
4.580000E+03	6.115113E-18	1.815753E-18
4.590000E+03	6.154932E-18	1.827470E-18
4.600000E+03	6.194807E-18	1.839202E-18
4.610000E+03	6.234818E-18	1.850972E-18
4.620000E+03	6.274941E-18	1.862773E-18
4.630000E+03	6.315102E-18	1.874583E-18
4.640000E+03	6.355338E-18	1.886413E-18
4.650000E+03	6.395682E-18	1.898273E-18
4.660000E+03	6.436122E-18	1.910159E-18
4.670000E+03	6.476586E-18	1.922050E-18
4.680000E+03	6.517232E-18	1.933992E-18
4.690000E+03	6.558110E-18	1.946001E-18
4.700000E+03	6.599156E-18	1.958057E-18
4.710000E+03	6.640424E-18	1.970177E-18
4.720000E+03	6.681972E-18	1.982377E-18
4.730000E+03	6.723681E-18	1.994623E-18
4.740000E+03	6.765605E-18	2.006929E-18
4.750000E+03	6.807691E-18	2.019281E-18
4.760000E+03	6.849995E-18	2.031696E-18
4.770000E+03	6.892526E-18	2.044175E-18
4.780000E+03	6.935224E-18	2.056700E-18
4.790000E+03	6.978158E-18	2.069293E-18
4.800000E+03	7.021269E-18	2.081936E-18
4.810000E+03	7.064630E-18	2.094650E-18
4.820000E+03	7.108183E-18	2.107419E-18
4.830000E+03	7.151937E-18	2.120244E-18
4.840000E+03	7.195898E-18	2.133127E-18
4.850000E+03	7.240143E-18	2.146092E-18
4.860000E+03	7.284617E-18	2.159121E-18
4.870000E+03	7.329327E-18	2.172218E-18
4.880000E+03	7.374214E-18	2.185364E-18
4.890000E+03	7.419423E-18	2.198602E-18
4.900000E+03	7.464898E-18	2.211916E-18
4.910000E+03	7.510648E-18	2.225308E-18
4.920000E+03	7.556607E-18	2.238760E-18
4.930000E+03	7.602854E-18	2.252293E-18
4.940000E+03	7.649326E-18	2.265889E-18
4.950000E+03	7.696026E-18	2.279550E-18
4.960000E+03	7.743035E-18	2.293299E-18
4.970000E+03	7.790281E-18	2.307115E-18
4.980000E+03	7.837768E-18	2.320999E-18
4.990000E+03	7.885421E-18	2.334928E-18
5.000000E+03	7.933318E-18	2.348926E-18
5.010000E+03	7.981458E-18	2.362993E-18
5.020000E+03	8.029759E-18	2.377103E-18
5.030000E+03	8.078222E-18	2.391258E-18
5.040000E+03	8.126838E-18	2.405455E-18
5.050000E+03	8.175521E-18	2.419667E-18
5.060000E+03	8.224344E-18	2.433917E-18
5.070000E+03	8.273294E-18	2.448201E-18
5.080000E+03	8.322202E-18	2.462469E-18
5.090000E+03	8.371133E-18	2.476740E-18
5.100000E+03	8.420072E-18	2.491009E-18
5.110000E+03	8.468920E-18	2.505247E-18
5.120000E+03	8.517657E-18	2.519449E-18
5.130000E+03	8.566261E-18	2.533607E-18
5.140000E+03	8.614707E-18	2.547715E-18
5.150000E+03	8.662889E-18	2.561740E-18
5.160000E+03	8.710861E-18	2.575699E-18
5.170000E+03	8.758421E-18	2.589533E-18
5.180000E+03	8.805622E-18	2.603256E-18
5.190000E+03	8.852342E-18	2.616832E-18
5.200000E+03	8.898542E-18	2.630252E-18
5.210000E+03	8.944182E-18	2.643501E-18
5.220000E+03	8.989217E-18	2.656567E-18
5.230000E+03	9.033425E-18	2.669385E-18
5.240000E+03	9.076935E-18	2.681992E-18
5.250000E+03	9.119609E-18	2.694349E-18
5.260000E+03	9.161392E-18	2.706438E-18
5.270000E+03	9.202146E-18	2.718219E-18
5.280000E+03	9.241812E-18	2.729674E-18
5.290000E+03	9.280334E-18	2.740788E-18
5.300000E+03	9.317661E-18	2.751545E-18
5.310000E+03	9.353733E-18	2.761927E-18
5.320000E+03	9.388406E-18	2.771892E-18
5.330000E+03	9.421809E-18	2.781479E-18
5.340000E+03	9.453708E-18	2.790617E-18
5.350000E+03	9.484048E-18	2.799292E-18
5.360000E+03	9.512973E-18	2.807545E-18
5.370000E+03	9.540246E-18	2.815307E-18
5.380000E+03	9.566017E-18	2.822623E-18
5.390000E+03	9.590154E-18	2.829453E-18
5.400000E+03	9.612716E-18	2.835815E-18
5.410000E+03	9.633577E-18	2.841672E-18
5.420000E+03	9.652906E-18	2.847073E-18
5.430000E+03	9.670581E-18	2.851984E-18
5.440000E+03	9.686684E-18	2.856428E-18
5.450000E+03	9.701008E-18	2.860344E-18
5.460000E+03	9.713641E-18	2.863759E-18
5.470000E+03	9.724478E-18	2.866642E-18
5.480000E+03	9.733420E-18	2.868963E-18
5.490000E+03	9.740571E-18	2.870754E-18
5.500000E+03	9.745739E-18	2.871958E-18
5.510000E+03	9.748835E-18	2.872549E-18
5.520000E+03	9.749874E-18	2.872531E-18
5.530000E+03	9.748680E-18	2.871854E-18
5.540000E+03	9.745366E-18	2.870550E-18
5.550000E+03	9.739662E-18	2.868540E-18
5.560000E+03	9.731794E-18	2.865891E-18
5.570000E+03	9.721694E-18	2.862584E-18
5.580000E+03	9.709294E-18	2.858598E-18
5.590000E+03	9.694632E-18	2.853944E-18
5.600000E+03	9.677745E-18	2.848635E-18
5.610000E+03	9.658575E-18	2.842653E-18
5.620000E+03	9.637364E-18	2.836069E-18
5.630000E+03	9.613956E-18	2.828838E-18
5.640000E+03	9.588599E-18	2.821033E-18
5.650000E+03	9.561144E-18	2.812611E-18
5.660000E+03	9.531837E-18	2.803644E-18
5.670000E+03	9.500731E-18	2.794147E-18
5.680000E+03	9.467784E-18	2.784110E-18
5.690000E+03	9.433145E-18	2.773575E-18
5.700000E+03	9.396874E-18	2.762561E-18
5.710000E+03	9.359128E-18	2.751113E-18
5.720000E+03	9.319967E-18	2.739251E-18
5.730000E+03	9.279353E-18	2.726962E-18
5.740000E+03	9.237550E-18	2.714325E-18
5.750000E+03	9.194617E-18	2.701357E-18
5.760000E+03	9.150525E-18	2.688049E-18
5.770000E+03	9.105442E-18	2.674452E-18
5.780000E+03	9.059531E-18	2.660613E-18
5.790000E+03	9.012863E-18	2.646553E-18
5.800000E+03	8.965419E-18	2.632266E-18
5.810000E+03	8.917363E-18	2.617802E-18
5.820000E+03	8.868869E-18	2.603211E-18
5.830000E+03	8.820012E-18	2.588515E-18
5.840000E+03	8.770771E-18	2.573708E-18
5.850000E+03	8.721322E-18	2.558842E-18
5.860000E+03	8.671742E-18	2.543939E-18
5.870000E+03	8.622199E-18	2.529050E-18
5.880000E+03	8.572773E-18	2.514196E-18
5.890000E+03	8.523448E-18	2.499374E-18
5.900000E+03	8.474389E-18	2.484632E-18
5.910000E+03	8.425581E-18	2.469966E-18
5.920000E+03	8.377380E-18	2.455480E-18
5.930000E+03	8.329573E-18	2.441111E-18
5.940000E+03	8.282324E-18	2.426908E-18
5.950000E+03	8.235797E-18	2.412918E-18
5.960000E+03	8.189963E-18	2.399133E-18
5.970000E+03	8.144886E-18	2.385572E-18
5.980000E+03	8.100717E-18	2.372279E-18
5.990000E+03	8.057424E-18	2.359244E-18
6.000000E+03	8.015155E-18	2.346510E-18
6.010000E+03	7.973774E-18	2.334039E-18
6.020000E+03	7.933519E-18	2.321898E-18
6.030000E+03	7.894250E-18	2.310048E-18
6.040000E+03	7.856193E-18	2.298554E-18
6.050000E+03	7.819114E-18	2.287347E-18
6.060000E+03	7.783232E-18	2.276492E-18
6.070000E+03	7.748492E-18	2.265972E-18
6.080000E+03	7.714923E-18	2.255795E-18
6.090000E+03	7.682368E-18	2.245917E-18
6.100000E+03	7.651040E-18	2.236398E-18
6.110000E+03	7.620681E-18	2.227163E-18
6.120000E+03	7.591498E-18	2.218272E-18
6.130000E+03	7.563227E-18	2.209649E-18
6.140000E+03	7.535884E-18	2.201298E-18
6.150000E+03	7.509384E-18	2.193193E-18
6.160000E+03	7.483734E-18	2.185338E-18
6.170000E+03	7.458661E-18	2.177651E-18
6.180000E+03	7.434162E-18	2.170133E-18
6.190000E+03	7.410142E-18	2.162754E-18
6.200000E+03	7.386594E-18	2.155514E-18
6.210000E+03	7.363503E-18	2.148408E-18
6.220000E+03	7.341049E-18	2.141487E-18
6.230000E+03	7.319499E-18	2.134831E-18
6.240000E+03	7.298932E-18	2.128462E-18
6.250000E+03	7.279525E-18	2.122431E-18
6.260000E+03	7.261455E-18	2.116789E-18
6.270000E+03	7.244804E-18	2.111561E-18
6.280000E+03	7.229751E-18	2.106799E-18
6.290000E+03	7.216381E-18	2.102527E-18
6.300000E+03	7.204779E-18	2.098769E-18
6.310000E+03	7.195134E-18	2.095580E-18
6.320000E+03	7.187440E-18	2.092959E-18
6.330000E+03	7.181886E-18	2.090959E-18
6.340000E+03	7.178372E-18	2.089552E-18
6.350000E+03	7.176994E-18	2.088766E-18
6.360000E+03	7.177753E-18	2.088598E-18
6.370000E+03	7.180748E-18	2.089080E-18
6.380000E+03	7.185880E-18	2.090181E-18
6.390000E+03	7.193152E-18	2.091902E-18
6.400000E+03	7.202462E-18	2.094213E-18
6.410000E+03	7.213603E-18	2.097052E-18
6.420000E+03	7.226465E-18	2.100389E-18
6.430000E+03	7.241045E-18	2.104222E-18
6.440000E+03	7.257337E-18	2.108549E-18
6.450000E+03	7.275337E-18	2.113368E-18
6.460000E+03	7.295151E-18	2.118710E-18
6.470000E+03	7.316888E-18	2.124606E-18
6.480000E+03	7.340550E-18	2.131056E-18
6.490000E+03	7.366031E-18	2.138030E-18
6.500000E+03	7.393557E-18	2.145592E-18
6.510000E+03	7.423138E-18	2.153745E-18
6.520000E+03	7.454669E-18	2.162458E-18
6.530000E+03	7.488272E-18	2.171767E-18
6.540000E+03	7.523959E-18	2.181674E-18
6.550000E+03	7.561624E-18	2.192148E-18
6.560000E+03	7.601276E-18	2.203192E-18
6.570000E+03	7.643171E-18	2.214879E-18
6.580000E+03	7.686959E-18	2.227107E-18
6.590000E+03	7.732895E-18	2.239950E-18
6.600000E+03	7.781000E-18	2.253413E-18
6.610000E+03	7.831035E-18	2.267428E-18
6.620000E+03	7.883272E-18	2.282072E-18
6.630000E+03	7.937468E-18	2.297274E-18
6.640000E+03	7.993901E-18	2.313115E-18
6.650000E+03	8.052324E-18	2.329522E-18
6.660000E+03	8.112889E-18	2.346540E-18
6.670000E+03	8.175614E-18	2.364173E-18
6.680000E+03	8.240381E-18	2.382385E-18
6.690000E+03	8.307206E-18	2.401183E-18
6.700000E+03	8.376249E-18	2.420611E-18
6.710000E+03	8.447388E-18	2.440633E-18
6.720000E+03	8.520641E-18	2.461255E-18
6.730000E+03	8.596028E-18	2.482482E-18
6.740000E+03	8.673569E-18	2.504318E-18
6.750000E+03	8.753282E-18	2.526770E-18
6.760000E+03	8.835191E-18	2.549843E-18
6.770000E+03	8.919161E-18	2.573497E-18
6.780000E+03	9.005365E-18	2.597783E-18
6.790000E+03	9.093827E-18	2.622706E-18
6.800000E+03	9.184408E-18	2.648227E-18
6.810000E+03	9.277291E-18	2.674396E-18
6.820000E+03	9.372333E-18	2.701174E-18
6.830000E+03	9.469551E-18	2.728563E-18
6.840000E+03	9.568966E-18	2.756570E-18
6.850000E+03	9.670594E-18	2.785199E-18
6.860000E+03	9.774636E-18	2.814507E-18
6.870000E+03	9.880755E-18	2.844396E-18
6.880000E+03	9.989149E-18	2.874923E-18
6.890000E+03	1.009984E-17	2.906093E-18
6.900000E+03	1.021265E-17	2.937857E-18
6.910000E+03	1.032779E-17	2.970272E-18
6.920000E+03	1.044528E-17	3.003345E-18
6.930000E+03	1.056494E-17	3.037023E-18
6.940000E+03	1.068678E-17	3.071310E-18
6.950000E+03	1.081103E-17	3.106267E-18
6.960000E+03	1.093748E-17	3.141840E-18
6.970000E+03	1.106617E-17	3.178031E-18
6.980000E+03	1.119708E-17	3.214842E-18
6.990000E+03	1.133023E-17	3.252276E-18
7.000000E+03	1.146542E-17	3.290272E-18
7.010000E+03	1.160309E-17	3.328959E-18
7.020000E+03	1.174280E-17	3.368208E-18
7.030000E+03	1.188478E-17	3.408088E-18
7.040000E+03	1.202881E-17	3.448530E-18
7.050000E+03	1.217487E-17	3.489533E-18
7.060000E+03	1.232322E-17	3.531166E-18
7.070000E+03	1.247360E-17	3.573358E-18
7.080000E+03	1.262575E-17	3.616034E-18
7.090000E+03	1.278018E-17	3.659335E-18
7.100000E+03	1.293661E-17	3.703186E-18
7.110000E+03	1.309478E-17	3.747509E-18
7.120000E+03	1.325494E-17	3.792373E-18
7.130000E+03	1.341678E-17	3.837697E-18
7.140000E+03	1.358058E-17	3.883549E-18
7.150000E+03	1.374602E-17	3.929847E-18
7.160000E+03	1.391336E-17	3.976661E-18
7.170000E+03	1.408201E-17	4.023820E-18
7.180000E+03	1.425221E-17	4.071395E-18
7.190000E+03	1.442422E-17	4.119462E-18
7.200000E+03	1.459742E-17	4.167837E-18
7.210000E+03	1.477175E-17	4.216506E-18
7.220000E+03	1.494747E-17	4.265543E-18
7.230000E+03	1.512453E-17	4.314935E-18
7.240000E+03	1.530257E-17	4.364577E-18
7.250000E+03	1.548185E-17	4.414543E-18
7.260000E+03	1.566199E-17	4.464725E-18
7.270000E+03	1.584293E-17	4.515103E-18
7.280000E+03	1.602493E-17	4.565757E-18
7.290000E+03	1.620760E-17	4.616569E-18
7.300000E+03	1.639122E-17	4.667622E-18
7.310000E+03	1.657537E-17	4.718795E-18
7.320000E+03	1.675998E-17	4.770067E-18
7.330000E+03	1.694571E-17	4.821629E-18
7.340000E+03	1.713176E-17	4.873251E-18
7.350000E+03	1.731882E-17	4.925130E-18
7.360000E+03	1.750647E-17	4.977145E-18
7.370000E+03	1.769501E-17	5.029383E-18
7.380000E+03	1.788483E-17	5.081951E-18
7.390000E+03	1.807549E-17	5.134728E-18
7.400000E+03	1.826775E-17	5.187927E-18
7.410000E+03	1.846163E-17	5.241555E-18
7.420000E+03	1.865753E-17	5.295722E-18
7.430000E+03	1.885549E-17	5.350443E-18
7.440000E+03	1.905550E-17	5.405713E-18
7.450000E+03	1.925802E-17	5.461663E-18
7.460000E+03	1.946219E-17	5.518047E-18
7.470000E+03	1.966803E-17	5.574870E-18
7.480000E+03	1.987505E-17	5.631996E-18
7.490000E+03	2.008373E-17	5.689554E-18
7.500000E+03	2.029357E-17	5.747410E-18
7.510000E+03	2.050410E-17	5.805425E-18
7.520000E+03	2.071524E-17	5.863580E-18
7.530000E+03	2.092698E-17	5.921871E-18
7.540000E+03	2.113877E-17	5.980141E-18
7.550000E+03	2.135108E-17	6.038522E-18
7.560000E+03	2.156281E-17	6.096708E-18
7.570000E+03	2.177492E-17	6.154966E-18
7.580000E+03	2.198685E-17	6.213137E-18
7.590000E+03	2.219849E-17	6.271196E-18
7.600000E+03	2.240926E-17	6.328974E-18
7.610000E+03	2.261957E-17	6.386588E-18
7.620000E+03	2.282935E-17	6.444019E-18
7.630000E+03	2.303848E-17	6.501233E-18
7.640000E+03	2.324630E-17	6.558047E-18
7.650000E+03	2.345325E-17	6.614583E-18
7.660000E+03	2.365863E-17	6.670643E-18
7.670000E+03	2.386347E-17	6.726517E-18
7.680000E+03	2.406584E-17	6.781666E-18
7.690000E+03	2.426741E-17	6.836558E-18
7.700000E+03	2.446741E-17	6.890977E-18
7.710000E+03	2.466509E-17	6.944712E-18
7.720000E+03	2.486085E-17	6.997878E-18
7.730000E+03	2.505455E-17	7.050435E-18
7.740000E+03	2.524602E-17	7.102334E-18
7.750000E+03	2.543508E-17	7.153528E-18
7.760000E+03	2.562219E-17	7.204145E-18
7.770000E+03	2.580587E-17	7.253770E-18
7.780000E+03	2.598724E-17	7.302723E-18
7.790000E+03	2.616616E-17	7.350958E-18
7.800000E+03	2.634106E-17	7.398041E-18
7.810000E+03	2.651384E-17	7.444504E-18
7.820000E+03	2.668365E-17	7.490109E-18
7.830000E+03	2.684961E-17	7.534610E-18
7.840000E+03	2.701301E-17	7.578371E-18
7.850000E+03	2.717296E-17	7.621142E-18
7.860000E+03	2.733007E-17	7.663098E-18
7.870000E+03	2.748424E-17	7.704208E-18
7.880000E+03	2.763609E-17	7.744649E-18
7.890000E+03	2.778481E-17	7.784194E-18
7.900000E+03	2.793105E-17	7.823025E-18
7.910000E+03	2.807554E-17	7.861351E-18
7.920000E+03	2.821748E-17	7.898946E-18
7.930000E+03	2.835841E-17	7.936239E-18
7.940000E+03	2.849833E-17	7.973236E-18
7.950000E+03	2.863806E-17	8.010166E-18
7.960000E+03	2.877849E-17	8.047276E-18
7.970000E+03	2.891807E-17	8.084133E-18
7.980000E+03	2.905850E-17	8.121213E-18
7.990000E+03	2.919907E-17	8.158320E-18
8.000000E+03	2.933989E-17	8.195482E-18
8.010000E+03	2.947944E-17	8.232276E-18
8.020000E+03	2.961781E-17	8.268726E-18
8.030000E+03	2.975512E-17	8.304872E-18
8.040000E+03	2.989065E-17	8.340508E-18
8.050000E+03	3.002453E-17	8.375669E-18
8.060000E+03	3.015689E-17	8.410401E-18
8.070000E+03	3.028618E-17	8.444264E-18
8.080000E+03	3.041427E-17	8.477785E-18
8.090000E+03	3.053959E-17	8.510526E-18
8.100000E+03	3.066319E-17	8.542780E-18
8.110000E+03	3.078439E-17	8.574357E-18
8.120000E+03	3.090337E-17	8.605311E-18
8.130000E+03	3.101945E-17	8.635453E-18
8.140000E+03	3.113462E-17	8.665335E-18
8.150000E+03	3.124732E-17	8.694527E-18
8.160000E+03	3.135869E-17	8.723348E-18
8.170000E+03	3.146806E-17	8.751609E-18
8.180000E+03	3.157567E-17	8.779378E-18
8.190000E+03	3.168271E-17	8.806987E-18
8.200000E+03	3.178850E-17	8.834249E-18
8.210000E+03	3.189243E-17	8.860994E-18
8.220000E+03	3.199656E-17	8.887796E-18
8.230000E+03	3.210029E-17	8.914490E-18
8.240000E+03	3.220391E-17	8.941152E-18
8.250000E+03	3.230674E-17	8.967599E-18
8.260000E+03	3.241004E-17	8.994178E-18
8.270000E+03	3.251407E-17	9.020964E-18
8.280000E+03	3.261817E-17	9.047774E-18
8.290000E+03	3.272360E-17	9.074958E-18
8.300000E+03	3.283064E-17	9.102592E-18
8.310000E+03	3.293864E-17	9.130498E-18
8.320000E+03	3.304784E-17	9.158742E-18
8.330000E+03	3.315950E-17	9.187673E-18
8.340000E+03	3.327292E-17	9.217099E-18
8.350000E+03	3.338933E-17	9.247360E-18
8.360000E+03	3.350800E-17	9.278253E-18
8.370000E+03	3.362920E-17	9.309853E-18
8.380000E+03	3.375311E-17	9.342214E-18
8.390000E+03	3.388000E-17	9.375406E-18
8.400000E+03	3.401004E-17	9.409476E-18
8.410000E+03	3.414444E-17	9.444765E-18
8.420000E+03	3.428138E-17	9.480762E-18
8.430000E+03	3.442202E-17	9.517794E-18
8.440000E+03	3.456652E-17	9.555904E-18
8.450000E+03	3.471503E-17	9.595128E-18
8.460000E+03	3.486764E-17	9.635501E-18
8.470000E+03	3.502452E-17	9.677060E-18
8.480000E+03	3.518464E-17	9.719528E-18
8.490000E+03	3.534918E-17	9.763230E-18
8.500000E+03	3.551710E-17	9.807875E-18
8.510000E+03	3.568954E-17	9.853783E-18
8.520000E+03	3.586542E-17	9.900654E-18
8.530000E+03	3.604585E-17	9.948793E-18
8.540000E+03	3.622973E-17	9.997901E-18
8.550000E+03	3.641703E-17	1.004796E-17
8.560000E+03	3.660880E-17	1.009928E-17
8.570000E+03	3.680274E-17	1.015121E-17
8.580000E+03	3.700102E-17	1.020435E-17
8.590000E+03	3.720241E-17	1.025837E-17
8.600000E+03	3.740679E-17	1.031324E-17
8.610000E+03	3.761286E-17	1.036859E-17
8.620000E+03	3.782273E-17	1.042501E-17
8.630000E+03	3.803393E-17	1.048181E-17
8.640000E+03	3.824738E-17	1.053926E-17
8.650000E+03	3.846165E-17	1.059696E-17
8.660000E+03	3.867890E-17	1.065550E-17
8.670000E+03	3.889521E-17	1.071381E-17
8.680000E+03	3.911265E-17	1.077247E-17
8.690000E+03	3.932968E-17	1.083103E-17
8.700000E+03	3.954716E-17	1.088975E-17
8.710000E+03	3.976218E-17	1.094783E-17
8.720000E+03	3.997680E-17	1.100583E-17
8.730000E+03	4.018933E-17	1.106329E-17
8.740000E+03	4.039928E-17	1.112007E-17
8.750000E+03	4.060478E-17	1.117566E-17
8.760000E+03	4.080660E-17	1.123028E-17
8.770000E+03	4.100418E-17	1.128378E-17
8.780000E+03	4.119557E-17	1.133561E-17
8.790000E+03	4.138150E-17	1.138598E-17
8.800000E+03	4.155996E-17	1.143435E-17
8.810000E+03	4.173167E-17	1.148090E-17
8.820000E+03	4.189319E-17	1.152470E-17
8.830000E+03	4.204659E-17	1.156631E-17
8.840000E+03	4.218840E-17	1.160479E-17
8.850000E+03	4.232076E-17	1.164072E-17
8.860000E+03	4.244014E-17	1.167313E-17
8.870000E+03	4.255023E-17	1.170305E-17
8.880000E+03	4.264754E-17	1.172950E-17
8.890000E+03	4.273298E-17	1.175276E-17
8.900000E+03	4.280605E-17	1.177267E-17
8.910000E+03	4.286785E-17	1.178953E-17
8.920000E+03	4.291804E-17	1.180327E-17
8.930000E+03	4.295497E-17	1.181343E-17
8.940000E+03	4.298174E-17	1.182085E-17
8.950000E+03	4.299542E-17	1.182473E-17
8.960000E+03	4.299927E-17	1.182598E-17
8.970000E+03	4.299202E-17	1.182423E-17
8.980000E+03	4.297556E-17	1.182001E-17
8.990000E+03	4.294863E-17	1.181298E-17
9.000000E+03	4.291481E-17	1.180411E-17
9.040000E+03	4.269468E-17	1.174585E-17
9.080000E+03	4.238122E-17	1.166278E-17
9.120000E+03	4.200853E-17	1.156421E-17
9.160000E+03	4.161163E-17	1.145969E-17
9.200000E+03	4.121905E-17	1.135702E-17
9.240000E+03	4.085597E-17	1.126307E-17
9.280000E+03	4.054219E-17	1.118327E-17
9.320000E+03	4.029017E-17	1.112101E-17
9.360000E+03	4.011254E-17	1.107978E-17
9.400000E+03	4.001063E-17	1.105995E-17
9.440000E+03	3.998885E-17	1.106273E-17
9.480000E+03	4.004105E-17	1.108644E-17
9.520000E+03	4.016596E-17	1.113076E-17
9.560000E+03	4.035496E-17	1.119331E-17
9.600000E+03	4.060119E-17	1.127221E-17
9.640000E+03	4.089769E-17	1.136555E-17
9.680000E+03	4.123762E-17	1.147144E-17
9.720000E+03	4.161146E-17	1.158724E-17
9.760000E+03	4.201252E-17	1.171109E-17
9.800000E+03	4.242851E-17	1.183958E-17
9.840000E+03	4.285297E-17	1.197089E-17
9.880000E+03	4.327999E-17	1.210335E-17
9.920000E+03	4.369359E-17	1.223247E-17
9.960000E+03	4.409090E-17	1.235741E-17
1.000000E+04	4.446264E-17	1.247555E-17
1.004000E+04	4.479580E-17	1.258317E-17
1.008000E+04	4.508552E-17	1.267885E-17
1.012000E+04	4.532411E-17	1.276038E-17
1.016000E+04	4.550915E-17	1.282699E-17
1.020000E+04	4.563069E-17	1.287582E-17
1.024000E+04	4.568352E-17	1.290531E-17
1.028000E+04	4.567219E-17	1.291667E-17
1.032000E+04	4.559324E-17	1.290884E-17
