#wls	flux	fluxerr
1.600000E+03	1.430436E-16	2.062656E-17
1.640000E+03	1.476774E-16	2.129452E-17
1.680000E+03	1.521379E-16	2.193747E-17
1.720000E+03	1.563541E-16	2.254517E-17
1.760000E+03	1.603107E-16	2.311540E-17
1.800000E+03	1.639288E-16	2.363682E-17
1.840000E+03	1.671571E-16	2.410199E-17
1.880000E+03	1.699697E-16	2.450722E-17
1.920000E+03	1.722827E-16	2.484040E-17
1.960000E+03	1.740552E-16	2.509561E-17
2.000000E+03	1.752204E-16	2.526326E-17
2.040000E+03	1.757424E-16	2.533815E-17
2.080000E+03	1.755415E-16	2.530880E-17
2.120000E+03	1.745632E-16	2.516736E-17
2.160000E+03	1.727575E-16	2.490664E-17
2.200000E+03	1.700437E-16	2.451498E-17
2.240000E+03	1.663649E-16	2.398420E-17
2.280000E+03	1.617376E-16	2.331671E-17
2.320000E+03	1.562386E-16	2.252354E-17
2.360000E+03	1.500420E-16	2.162983E-17
2.400000E+03	1.432933E-16	2.065657E-17
2.440000E+03	1.361207E-16	1.962221E-17
2.480000E+03	1.286542E-16	1.854551E-17
2.520000E+03	1.209785E-16	1.743871E-17
2.560000E+03	1.131865E-16	1.631517E-17
2.600000E+03	1.053570E-16	1.518627E-17
2.640000E+03	9.756917E-17	1.406340E-17
2.680000E+03	8.988717E-17	1.295584E-17
2.720000E+03	8.237331E-17	1.187255E-17
2.760000E+03	7.508396E-17	1.082167E-17
2.800000E+03	6.806959E-17	9.810465E-18
2.840000E+03	6.137622E-17	8.845565E-18
2.880000E+03	5.504677E-17	7.933156E-18
2.920000E+03	4.911760E-17	7.078475E-18
2.960000E+03	4.361860E-17	6.285826E-18
3.000000E+03	3.856974E-17	5.558086E-18
3.010000E+03	3.738019E-17	5.386627E-18
3.020000E+03	3.621856E-17	5.219194E-18
3.030000E+03	3.508630E-17	5.055996E-18
3.040000E+03	3.398240E-17	4.896887E-18
3.050000E+03	3.290737E-17	4.741939E-18
3.060000E+03	3.186159E-17	4.591209E-18
3.070000E+03	3.084337E-17	4.444452E-18
3.080000E+03	2.985434E-17	4.301904E-18
3.090000E+03	2.889287E-17	4.163329E-18
3.100000E+03	2.795979E-17	4.028846E-18
3.110000E+03	2.705408E-17	3.898308E-18
3.120000E+03	2.617537E-17	3.771663E-18
3.130000E+03	2.532425E-17	3.648996E-18
3.140000E+03	2.449927E-17	3.530097E-18
3.150000E+03	2.370139E-17	3.415103E-18
3.160000E+03	2.292875E-17	3.303750E-18
3.170000E+03	2.218219E-17	3.196154E-18
3.180000E+03	2.146037E-17	3.092125E-18
3.190000E+03	2.076357E-17	2.991702E-18
3.200000E+03	2.009090E-17	2.894759E-18
3.210000E+03	1.944219E-17	2.801268E-18
3.220000E+03	1.881688E-17	2.711150E-18
3.230000E+03	1.821444E-17	2.624330E-18
3.240000E+03	1.763402E-17	2.540682E-18
3.250000E+03	1.707569E-17	2.460218E-18
3.260000E+03	1.653859E-17	2.382814E-18
3.270000E+03	1.602243E-17	2.308429E-18
3.280000E+03	1.552640E-17	2.236945E-18
3.290000E+03	1.504995E-17	2.168283E-18
3.300000E+03	1.459279E-17	2.102401E-18
3.310000E+03	1.415412E-17	2.039184E-18
3.320000E+03	1.373363E-17	1.978587E-18
3.330000E+03	1.333076E-17	1.920530E-18
3.340000E+03	1.294460E-17	1.864880E-18
3.350000E+03	1.257499E-17	1.811616E-18
3.360000E+03	1.222126E-17	1.760641E-18
3.370000E+03	1.188289E-17	1.711879E-18
3.380000E+03	1.155938E-17	1.665259E-18
3.390000E+03	1.124996E-17	1.620669E-18
3.400000E+03	1.095446E-17	1.578084E-18
3.410000E+03	1.067228E-17	1.537421E-18
3.420000E+03	1.040286E-17	1.498595E-18
3.430000E+03	1.014574E-17	1.461543E-18
3.440000E+03	9.900562E-18	1.426210E-18
3.450000E+03	9.666652E-18	1.392502E-18
3.460000E+03	9.443779E-18	1.360384E-18
3.470000E+03	9.231348E-18	1.329771E-18
3.480000E+03	9.029029E-18	1.300615E-18
3.490000E+03	8.836390E-18	1.272853E-18
3.500000E+03	8.653026E-18	1.246429E-18
3.510000E+03	8.478552E-18	1.221285E-18
3.520000E+03	8.312604E-18	1.197370E-18
3.530000E+03	8.154744E-18	1.174620E-18
3.540000E+03	8.004567E-18	1.152977E-18
3.550000E+03	7.861774E-18	1.132398E-18
3.560000E+03	7.726005E-18	1.112831E-18
3.570000E+03	7.596997E-18	1.094239E-18
3.580000E+03	7.474345E-18	1.076562E-18
3.590000E+03	7.357826E-18	1.059769E-18
3.600000E+03	7.247150E-18	1.043817E-18
3.610000E+03	7.142189E-18	1.028689E-18
3.620000E+03	7.042605E-18	1.014336E-18
3.630000E+03	6.948219E-18	1.000732E-18
3.640000E+03	6.858658E-18	9.878223E-19
3.650000E+03	6.773771E-18	9.755865E-19
3.660000E+03	6.693347E-18	9.639935E-19
3.670000E+03	6.617183E-18	9.530144E-19
3.680000E+03	6.545149E-18	9.426302E-19
3.690000E+03	6.477117E-18	9.328226E-19
3.700000E+03	6.412903E-18	9.235649E-19
3.710000E+03	6.352445E-18	9.148483E-19
3.720000E+03	6.295568E-18	9.066476E-19
3.730000E+03	6.242269E-18	8.989622E-19
3.740000E+03	6.192433E-18	8.917756E-19
3.750000E+03	6.145943E-18	8.850711E-19
3.760000E+03	6.102743E-18	8.788404E-19
3.770000E+03	6.062826E-18	8.730826E-19
3.780000E+03	6.026078E-18	8.677813E-19
3.790000E+03	5.992492E-18	8.629352E-19
3.800000E+03	5.961957E-18	8.585287E-19
3.810000E+03	5.934413E-18	8.545529E-19
3.820000E+03	5.909854E-18	8.510069E-19
3.830000E+03	5.888266E-18	8.478888E-19
3.840000E+03	5.869542E-18	8.451832E-19
3.850000E+03	5.853722E-18	8.428956E-19
3.860000E+03	5.840649E-18	8.410037E-19
3.870000E+03	5.830410E-18	8.395198E-19
3.880000E+03	5.822851E-18	8.384217E-19
3.890000E+03	5.818059E-18	8.377221E-19
3.900000E+03	5.815929E-18	8.374057E-19
3.910000E+03	5.816451E-18	8.374712E-19
3.920000E+03	5.819572E-18	8.379107E-19
3.930000E+03	5.825282E-18	8.387231E-19
3.940000E+03	5.833528E-18	8.399005E-19
3.950000E+03	5.844350E-18	8.414486E-19
3.960000E+03	5.857647E-18	8.433531E-19
3.970000E+03	5.873414E-18	8.456130E-19
3.980000E+03	5.891599E-18	8.482210E-19
3.990000E+03	5.912246E-18	8.511833E-19
4.000000E+03	5.935303E-18	8.544925E-19
4.010000E+03	5.960721E-18	8.581414E-19
4.020000E+03	5.988450E-18	8.621230E-19
4.030000E+03	6.018537E-18	8.664438E-19
4.040000E+03	6.050888E-18	8.710903E-19
4.050000E+03	6.085548E-18	8.760691E-19
4.060000E+03	6.122425E-18	8.813669E-19
4.070000E+03	6.161520E-18	8.869838E-19
4.080000E+03	6.202836E-18	8.929203E-19
4.090000E+03	6.246328E-18	8.991698E-19
4.100000E+03	6.291952E-18	9.057259E-19
4.110000E+03	6.339662E-18	9.125822E-19
4.120000E+03	6.389515E-18	9.197467E-19
4.130000E+03	6.441417E-18	9.272058E-19
4.140000E+03	6.495374E-18	9.349607E-19
4.150000E+03	6.551293E-18	9.429976E-19
4.160000E+03	6.609181E-18	9.513176E-19
4.170000E+03	6.669044E-18	9.599217E-19
4.180000E+03	6.730789E-18	9.687963E-19
4.190000E+03	6.794422E-18	9.779425E-19
4.200000E+03	6.859845E-18	9.873460E-19
4.210000E+03	6.927067E-18	9.970080E-19
4.220000E+03	6.995984E-18	1.006914E-18
4.230000E+03	7.066605E-18	1.017064E-18
4.240000E+03	7.138822E-18	1.027445E-18
4.250000E+03	7.212586E-18	1.038047E-18
4.260000E+03	7.287784E-18	1.048855E-18
4.270000E+03	7.364415E-18	1.059869E-18
4.280000E+03	7.442366E-18	1.071073E-18
4.290000E+03	7.521572E-18	1.082457E-18
4.300000E+03	7.601912E-18	1.094004E-18
4.310000E+03	7.683254E-18	1.105695E-18
4.320000E+03	7.765524E-18	1.117519E-18
4.330000E+03	7.848646E-18	1.129465E-18
4.340000E+03	7.932477E-18	1.141513E-18
4.350000E+03	8.016935E-18	1.153650E-18
4.360000E+03	8.101863E-18	1.165855E-18
4.370000E+03	8.187236E-18	1.178124E-18
4.380000E+03	8.272959E-18	1.190442E-18
4.390000E+03	8.359140E-18	1.202826E-18
4.400000E+03	8.445689E-18	1.215262E-18
4.410000E+03	8.532650E-18	1.227757E-18
4.420000E+03	8.620005E-18	1.240309E-18
4.430000E+03	8.707880E-18	1.252935E-18
4.440000E+03	8.796191E-18	1.265623E-18
4.450000E+03	8.884928E-18	1.278372E-18
4.460000E+03	8.974157E-18	1.291191E-18
4.470000E+03	9.063872E-18	1.304080E-18
4.480000E+03	9.154075E-18	1.317039E-18
4.490000E+03	9.244687E-18	1.330056E-18
4.500000E+03	9.335791E-18	1.343143E-18
4.510000E+03	9.427315E-18	1.356290E-18
4.520000E+03	9.519265E-18	1.369498E-18
4.530000E+03	9.611655E-18	1.382769E-18
4.540000E+03	9.704335E-18	1.396081E-18
4.550000E+03	9.797405E-18	1.409449E-18
4.560000E+03	9.890795E-18	1.422862E-18
4.570000E+03	9.984530E-18	1.436324E-18
4.580000E+03	1.007847E-17	1.449816E-18
4.590000E+03	1.017273E-17	1.463352E-18
4.600000E+03	1.026716E-17	1.476913E-18
4.610000E+03	1.036187E-17	1.490514E-18
4.620000E+03	1.045676E-17	1.504139E-18
4.630000E+03	1.055184E-17	1.517792E-18
4.640000E+03	1.064708E-17	1.531467E-18
4.650000E+03	1.074262E-17	1.545185E-18
4.660000E+03	1.083833E-17	1.558927E-18
4.670000E+03	1.093438E-17	1.572716E-18
4.680000E+03	1.103073E-17	1.586549E-18
4.690000E+03	1.112738E-17	1.600424E-18
4.700000E+03	1.122449E-17	1.614365E-18
4.710000E+03	1.132195E-17	1.628355E-18
4.720000E+03	1.141985E-17	1.642409E-18
4.730000E+03	1.151807E-17	1.656508E-18
4.740000E+03	1.161674E-17	1.670669E-18
4.750000E+03	1.171561E-17	1.684860E-18
4.760000E+03	1.181478E-17	1.699094E-18
4.770000E+03	1.191414E-17	1.713354E-18
4.780000E+03	1.201381E-17	1.727658E-18
4.790000E+03	1.211365E-17	1.741986E-18
4.800000E+03	1.221368E-17	1.756339E-18
4.810000E+03	1.231387E-17	1.770717E-18
4.820000E+03	1.241424E-17	1.785118E-18
4.830000E+03	1.251476E-17	1.799542E-18
4.840000E+03	1.261533E-17	1.813971E-18
4.850000E+03	1.271604E-17	1.828420E-18
4.860000E+03	1.281691E-17	1.842891E-18
4.870000E+03	1.291779E-17	1.857363E-18
4.880000E+03	1.301866E-17	1.871832E-18
4.890000E+03	1.311964E-17	1.886317E-18
4.900000E+03	1.322046E-17	1.900779E-18
4.910000E+03	1.332136E-17	1.915249E-18
4.920000E+03	1.342217E-17	1.929708E-18
4.930000E+03	1.352274E-17	1.944131E-18
4.940000E+03	1.362317E-17	1.958532E-18
4.950000E+03	1.372340E-17	1.972905E-18
4.960000E+03	1.382328E-17	1.987227E-18
4.970000E+03	1.392288E-17	2.001508E-18
4.980000E+03	1.402188E-17	2.015701E-18
4.990000E+03	1.412048E-17	2.029835E-18
5.000000E+03	1.421849E-17	2.043884E-18
5.010000E+03	1.431567E-17	2.057814E-18
5.020000E+03	1.441210E-17	2.071635E-18
5.030000E+03	1.450754E-17	2.085312E-18
5.040000E+03	1.460189E-17	2.098834E-18
5.050000E+03	1.469507E-17	2.112184E-18
5.060000E+03	1.478693E-17	2.125345E-18
5.070000E+03	1.487724E-17	2.138282E-18
5.080000E+03	1.496602E-17	2.150998E-18
5.090000E+03	1.505297E-17	2.163451E-18
5.100000E+03	1.513798E-17	2.175624E-18
5.110000E+03	1.522076E-17	2.187475E-18
5.120000E+03	1.530130E-17	2.199005E-18
5.130000E+03	1.537915E-17	2.210147E-18
5.140000E+03	1.545446E-17	2.220923E-18
5.150000E+03	1.552678E-17	2.231267E-18
5.160000E+03	1.559607E-17	2.241177E-18
5.170000E+03	1.566204E-17	2.250608E-18
5.180000E+03	1.572435E-17	2.259514E-18
5.190000E+03	1.578300E-17	2.267892E-18
5.200000E+03	1.583765E-17	2.275695E-18
5.210000E+03	1.588815E-17	2.282900E-18
5.220000E+03	1.593432E-17	2.289483E-18
5.230000E+03	1.597584E-17	2.295398E-18
5.240000E+03	1.601257E-17	2.300623E-18
5.250000E+03	1.604416E-17	2.305110E-18
5.260000E+03	1.607065E-17	2.308864E-18
5.270000E+03	1.609174E-17	2.311840E-18
5.280000E+03	1.610730E-17	2.314022E-18
5.290000E+03	1.611722E-17	2.315393E-18
5.300000E+03	1.612122E-17	2.315914E-18
5.310000E+03	1.611923E-17	2.315573E-18
5.320000E+03	1.611119E-17	2.314363E-18
5.330000E+03	1.609705E-17	2.312278E-18
5.340000E+03	1.607662E-17	2.309287E-18
5.350000E+03	1.605009E-17	2.305420E-18
5.360000E+03	1.601745E-17	2.300676E-18
5.370000E+03	1.597878E-17	2.295066E-18
5.380000E+03	1.593400E-17	2.288577E-18
5.390000E+03	1.588353E-17	2.281272E-18
5.400000E+03	1.582738E-17	2.273151E-18
5.410000E+03	1.576601E-17	2.264280E-18
5.420000E+03	1.569949E-17	2.254669E-18
5.430000E+03	1.562819E-17	2.244372E-18
5.440000E+03	1.555239E-17	2.233430E-18
5.450000E+03	1.547267E-17	2.221923E-18
5.460000E+03	1.538919E-17	2.209879E-18
5.470000E+03	1.530214E-17	2.197321E-18
5.480000E+03	1.521158E-17	2.184259E-18
5.490000E+03	1.511788E-17	2.170747E-18
5.500000E+03	1.502114E-17	2.156800E-18
5.510000E+03	1.492165E-17	2.142456E-18
5.520000E+03	1.481968E-17	2.127759E-18
5.530000E+03	1.471553E-17	2.112748E-18
5.540000E+03	1.460951E-17	2.097469E-18
5.550000E+03	1.450207E-17	2.081986E-18
5.560000E+03	1.439351E-17	2.066344E-18
5.570000E+03	1.428444E-17	2.050629E-18
5.580000E+03	1.417499E-17	2.034861E-18
5.590000E+03	1.406589E-17	2.019142E-18
5.600000E+03	1.395726E-17	2.003491E-18
5.610000E+03	1.384962E-17	1.987983E-18
5.620000E+03	1.374351E-17	1.972695E-18
5.630000E+03	1.363898E-17	1.957635E-18
5.640000E+03	1.353678E-17	1.942911E-18
5.650000E+03	1.343709E-17	1.928545E-18
5.660000E+03	1.334003E-17	1.914558E-18
5.670000E+03	1.324628E-17	1.901048E-18
5.680000E+03	1.315580E-17	1.888005E-18
5.690000E+03	1.306892E-17	1.875482E-18
5.700000E+03	1.298598E-17	1.863522E-18
5.710000E+03	1.290713E-17	1.852151E-18
5.720000E+03	1.283251E-17	1.841388E-18
5.730000E+03	1.276226E-17	1.831251E-18
5.740000E+03	1.269660E-17	1.821774E-18
5.750000E+03	1.263578E-17	1.812990E-18
5.760000E+03	1.257960E-17	1.804874E-18
5.770000E+03	1.252853E-17	1.797490E-18
5.780000E+03	1.248237E-17	1.790810E-18
5.790000E+03	1.244140E-17	1.784876E-18
5.800000E+03	1.240556E-17	1.779678E-18
5.810000E+03	1.237499E-17	1.775235E-18
5.820000E+03	1.234973E-17	1.771554E-18
5.830000E+03	1.232991E-17	1.768653E-18
5.840000E+03	1.231542E-17	1.766517E-18
5.850000E+03	1.230627E-17	1.765147E-18
5.860000E+03	1.230258E-17	1.764559E-18
5.870000E+03	1.230449E-17	1.764774E-18
5.880000E+03	1.231172E-17	1.765751E-18
5.890000E+03	1.232452E-17	1.767528E-18
5.900000E+03	1.234272E-17	1.770079E-18
5.910000E+03	1.236645E-17	1.773421E-18
5.920000E+03	1.239567E-17	1.777550E-18
5.930000E+03	1.243019E-17	1.782440E-18
5.940000E+03	1.247011E-17	1.788101E-18
5.950000E+03	1.251537E-17	1.794529E-18
5.960000E+03	1.256576E-17	1.801692E-18
5.970000E+03	1.262150E-17	1.809619E-18
5.980000E+03	1.268220E-17	1.818258E-18
5.990000E+03	1.274793E-17	1.827617E-18
6.000000E+03	1.281857E-17	1.837678E-18
6.010000E+03	1.289387E-17	1.848406E-18
6.020000E+03	1.297384E-17	1.859803E-18
6.030000E+03	1.305805E-17	1.871807E-18
6.040000E+03	1.314665E-17	1.884439E-18
6.050000E+03	1.323919E-17	1.897633E-18
6.060000E+03	1.333562E-17	1.911385E-18
6.070000E+03	1.343563E-17	1.925648E-18
6.080000E+03	1.353902E-17	1.940393E-18
6.090000E+03	1.364543E-17	1.955570E-18
6.100000E+03	1.375448E-17	1.971124E-18
6.110000E+03	1.386611E-17	1.987046E-18
6.120000E+03	1.397960E-17	2.003232E-18
6.130000E+03	1.409485E-17	2.019671E-18
6.140000E+03	1.421132E-17	2.036281E-18
6.150000E+03	1.432872E-17	2.053024E-18
6.160000E+03	1.444610E-17	2.069761E-18
6.170000E+03	1.456337E-17	2.086481E-18
6.180000E+03	1.467972E-17	2.103068E-18
6.190000E+03	1.479467E-17	2.119452E-18
6.200000E+03	1.490758E-17	2.135543E-18
6.210000E+03	1.501854E-17	2.151353E-18
6.220000E+03	1.512786E-17	2.166925E-18
6.230000E+03	1.523590E-17	2.182312E-18
6.240000E+03	1.534305E-17	2.197572E-18
6.250000E+03	1.544915E-17	2.212677E-18
6.260000E+03	1.555506E-17	2.227756E-18
6.270000E+03	1.566050E-17	2.242764E-18
6.280000E+03	1.576597E-17	2.257775E-18
6.290000E+03	1.587184E-17	2.272843E-18
6.300000E+03	1.597789E-17	2.287933E-18
6.310000E+03	1.608450E-17	2.303102E-18
6.320000E+03	1.619189E-17	2.318383E-18
6.330000E+03	1.630032E-17	2.333809E-18
6.340000E+03	1.640956E-17	2.349350E-18
6.350000E+03	1.651990E-17	2.365046E-18
6.360000E+03	1.663137E-17	2.380903E-18
6.370000E+03	1.674402E-17	2.396926E-18
6.380000E+03	1.685768E-17	2.413093E-18
6.390000E+03	1.697216E-17	2.429375E-18
6.400000E+03	1.708726E-17	2.445744E-18
6.410000E+03	1.720302E-17	2.462204E-18
6.420000E+03	1.731922E-17	2.478727E-18
6.430000E+03	1.743516E-17	2.495210E-18
6.440000E+03	1.755159E-17	2.511762E-18
6.450000E+03	1.766856E-17	2.528388E-18
6.460000E+03	1.778635E-17	2.545131E-18
6.470000E+03	1.790558E-17	2.562077E-18
6.480000E+03	1.802601E-17	2.579192E-18
6.490000E+03	1.814827E-17	2.596568E-18
6.500000E+03	1.827241E-17	2.614212E-18
6.510000E+03	1.839882E-17	2.632177E-18
6.520000E+03	1.852700E-17	2.650393E-18
6.530000E+03	1.865790E-17	2.668996E-18
6.540000E+03	1.879101E-17	2.687914E-18
6.550000E+03	1.892672E-17	2.707201E-18
6.560000E+03	1.906512E-17	2.726870E-18
6.570000E+03	1.920598E-17	2.746888E-18
6.580000E+03	1.934968E-17	2.767312E-18
6.590000E+03	1.949633E-17	2.788153E-18
6.600000E+03	1.964567E-17	2.809378E-18
6.610000E+03	1.979778E-17	2.830996E-18
6.620000E+03	1.995273E-17	2.853018E-18
6.630000E+03	2.011093E-17	2.875502E-18
6.640000E+03	2.027178E-17	2.898362E-18
6.650000E+03	2.043568E-17	2.921655E-18
6.660000E+03	2.060269E-17	2.945391E-18
6.670000E+03	2.077253E-17	2.969528E-18
6.680000E+03	2.094561E-17	2.994125E-18
6.690000E+03	2.112163E-17	3.019140E-18
6.700000E+03	2.130100E-17	3.044630E-18
6.710000E+03	2.148306E-17	3.070502E-18
6.720000E+03	2.166819E-17	3.096811E-18
6.730000E+03	2.185684E-17	3.123619E-18
6.740000E+03	2.204829E-17	3.150824E-18
6.750000E+03	2.224296E-17	3.178485E-18
6.760000E+03	2.244050E-17	3.206553E-18
6.770000E+03	2.264134E-17	3.235091E-18
6.780000E+03	2.284510E-17	3.264042E-18
6.790000E+03	2.305182E-17	3.293412E-18
6.800000E+03	2.326192E-17	3.323263E-18
6.810000E+03	2.347461E-17	3.353479E-18
6.820000E+03	2.369075E-17	3.384183E-18
6.830000E+03	2.390948E-17	3.415257E-18
6.840000E+03	2.413169E-17	3.446822E-18
6.850000E+03	2.435651E-17	3.478757E-18
6.860000E+03	2.458394E-17	3.511060E-18
6.870000E+03	2.481440E-17	3.543792E-18
6.880000E+03	2.504792E-17	3.576958E-18
6.890000E+03	2.528353E-17	3.610418E-18
6.900000E+03	2.552215E-17	3.644305E-18
6.910000E+03	2.576329E-17	3.678547E-18
6.920000E+03	2.600740E-17	3.713209E-18
6.930000E+03	2.625347E-17	3.748147E-18
6.940000E+03	2.650196E-17	3.783427E-18
6.950000E+03	2.675282E-17	3.819041E-18
6.960000E+03	2.700550E-17	3.854909E-18
6.970000E+03	2.726044E-17	3.891097E-18
6.980000E+03	2.751762E-17	3.927600E-18
6.990000E+03	2.777644E-17	3.964334E-18
7.000000E+03	2.803683E-17	4.001286E-18
7.010000E+03	2.829875E-17	4.038453E-18
7.020000E+03	2.856265E-17	4.075899E-18
7.030000E+03	2.882740E-17	4.113461E-18
7.040000E+03	2.909404E-17	4.151288E-18
7.050000E+03	2.936136E-17	4.189208E-18
7.060000E+03	2.962988E-17	4.227296E-18
7.070000E+03	2.989895E-17	4.265457E-18
7.080000E+03	3.016911E-17	4.303767E-18
7.090000E+03	3.044028E-17	4.342220E-18
7.100000E+03	3.071181E-17	4.380719E-18
7.110000E+03	3.098303E-17	4.419169E-18
7.120000E+03	3.125509E-17	4.457735E-18
7.130000E+03	3.152734E-17	4.496323E-18
7.140000E+03	3.179972E-17	4.534925E-18
7.150000E+03	3.207216E-17	4.573532E-18
7.160000E+03	3.234396E-17	4.612042E-18
7.170000E+03	3.261573E-17	4.650544E-18
7.180000E+03	3.288673E-17	4.688932E-18
7.190000E+03	3.315691E-17	4.727199E-18
7.200000E+03	3.342688E-17	4.765431E-18
7.210000E+03	3.369590E-17	4.803524E-18
7.220000E+03	3.396463E-17	4.841571E-18
7.230000E+03	3.423158E-17	4.879361E-18
7.240000E+03	3.449738E-17	4.916982E-18
7.250000E+03	3.476198E-17	4.954428E-18
7.260000E+03	3.502530E-17	4.991687E-18
7.270000E+03	3.528728E-17	5.028752E-18
7.280000E+03	3.554785E-17	5.065610E-18
7.290000E+03	3.580616E-17	5.102144E-18
7.300000E+03	3.606292E-17	5.138453E-18
7.310000E+03	3.631804E-17	5.174523E-18
7.320000E+03	3.657146E-17	5.210348E-18
7.330000E+03	3.682231E-17	5.245803E-18
7.340000E+03	3.707131E-17	5.280990E-18
7.350000E+03	3.731923E-17	5.316021E-18
7.360000E+03	3.756437E-17	5.350652E-18
7.370000E+03	3.780751E-17	5.384993E-18
7.380000E+03	3.804859E-17	5.419038E-18
7.390000E+03	3.828843E-17	5.452903E-18
7.400000E+03	3.852616E-17	5.486464E-18
7.410000E+03	3.876263E-17	5.519842E-18
7.420000E+03	3.899873E-17	5.553165E-18
7.430000E+03	3.923360E-17	5.586309E-18
7.440000E+03	3.946907E-17	5.619536E-18
7.450000E+03	3.970340E-17	5.652596E-18
7.460000E+03	3.993755E-17	5.685628E-18
7.470000E+03	4.017066E-17	5.718509E-18
7.480000E+03	4.040371E-17	5.751378E-18
7.490000E+03	4.063487E-17	5.783976E-18
7.500000E+03	4.086515E-17	5.816444E-18
7.510000E+03	4.109455E-17	5.848785E-18
7.520000E+03	4.132217E-17	5.880870E-18
7.530000E+03	4.154995E-17	5.912974E-18
7.540000E+03	4.177597E-17	5.944826E-18
7.550000E+03	4.200123E-17	5.976566E-18
7.560000E+03	4.222470E-17	6.008051E-18
7.570000E+03	4.244739E-17	6.039420E-18
7.580000E+03	4.266826E-17	6.070528E-18
7.590000E+03	4.288828E-17	6.101513E-18
7.600000E+03	4.310639E-17	6.132225E-18
7.610000E+03	4.332253E-17	6.162653E-18
7.620000E+03	4.353764E-17	6.192934E-18
7.630000E+03	4.375062E-17	6.222908E-18
7.640000E+03	4.396133E-17	6.252558E-18
7.650000E+03	4.417074E-17	6.282020E-18
7.660000E+03	4.437763E-17	6.311122E-18
7.670000E+03	4.458294E-17	6.339999E-18
7.680000E+03	4.478433E-17	6.368315E-18
7.690000E+03	4.498382E-17	6.396358E-18
7.700000E+03	4.518121E-17	6.424101E-18
7.710000E+03	4.537517E-17	6.451357E-18
7.720000E+03	4.556665E-17	6.478257E-18
7.730000E+03	4.575425E-17	6.504604E-18
7.740000E+03	4.593773E-17	6.530363E-18
7.750000E+03	4.611796E-17	6.555660E-18
7.760000E+03	4.629472E-17	6.580462E-18
7.770000E+03	4.646773E-17	6.604730E-18
7.780000E+03	4.663554E-17	6.628258E-18
7.790000E+03	4.679904E-17	6.651171E-18
7.800000E+03	4.695795E-17	6.673431E-18
7.810000E+03	4.711200E-17	6.695000E-18
7.820000E+03	4.726088E-17	6.715834E-18
7.830000E+03	4.740434E-17	6.735897E-18
7.840000E+03	4.754331E-17	6.755321E-18
7.850000E+03	4.767633E-17	6.773899E-18
7.860000E+03	4.780311E-17	6.791591E-18
7.870000E+03	4.792340E-17	6.808361E-18
7.880000E+03	4.803951E-17	6.824536E-18
7.890000E+03	4.814870E-17	6.839728E-18
7.900000E+03	4.825203E-17	6.854089E-18
7.910000E+03	4.834806E-17	6.867412E-18
7.920000E+03	4.843920E-17	6.880042E-18
7.930000E+03	4.852535E-17	6.891963E-18
7.940000E+03	4.860380E-17	6.902791E-18
7.950000E+03	4.867839E-17	6.913071E-18
7.960000E+03	4.874779E-17	6.922616E-18
7.970000E+03	4.881197E-17	6.931420E-18
7.980000E+03	4.887229E-17	6.939677E-18
7.990000E+03	4.892747E-17	6.947205E-18
8.000000E+03	4.897622E-17	6.953822E-18
8.010000E+03	4.902132E-17	6.959921E-18
8.020000E+03	4.905885E-17	6.964948E-18
8.030000E+03	4.909299E-17	6.969495E-18
8.040000E+03	4.911986E-17	6.973011E-18
8.050000E+03	4.914235E-17	6.975908E-18
8.060000E+03	4.915796E-17	6.977829E-18
8.070000E+03	4.916964E-17	6.979194E-18
8.080000E+03	4.917491E-17	6.979652E-18
8.090000E+03	4.917542E-17	6.979436E-18
8.100000E+03	4.917009E-17	6.978394E-18
8.110000E+03	4.916060E-17	6.976764E-18
8.120000E+03	4.914728E-17	6.974592E-18
8.130000E+03	4.912771E-17	6.971536E-18
8.140000E+03	4.910500E-17	6.968038E-18
8.150000E+03	4.907815E-17	6.963955E-18
8.160000E+03	4.904752E-17	6.959337E-18
8.170000E+03	4.901210E-17	6.954044E-18
8.180000E+03	4.897506E-17	6.948522E-18
8.190000E+03	4.893401E-17	6.942436E-18
8.200000E+03	4.889074E-17	6.936037E-18
8.210000E+03	4.884564E-17	6.929382E-18
8.220000E+03	4.879771E-17	6.922329E-18
8.230000E+03	4.874736E-17	6.914936E-18
8.240000E+03	4.869637E-17	6.907454E-18
8.250000E+03	4.864512E-17	6.899940E-18
8.260000E+03	4.859121E-17	6.892052E-18
8.270000E+03	4.853782E-17	6.884241E-18
8.280000E+03	4.848391E-17	6.876360E-18
8.290000E+03	4.842985E-17	6.868460E-18
8.300000E+03	4.837598E-17	6.860592E-18
8.310000E+03	4.832267E-17	6.852806E-18
8.320000E+03	4.827023E-17	6.845147E-18
8.330000E+03	4.821897E-17	6.837661E-18
8.340000E+03	4.816923E-17	6.830392E-18
8.350000E+03	4.812128E-17	6.823381E-18
8.360000E+03	4.807402E-17	6.816471E-18
8.370000E+03	4.802909E-17	6.809897E-18
8.380000E+03	4.798676E-17	6.803694E-18
8.390000E+03	4.794586E-17	6.797697E-18
8.400000E+03	4.790801E-17	6.792138E-18
8.410000E+03	4.787204E-17	6.786848E-18
8.420000E+03	4.783951E-17	6.782051E-18
8.430000E+03	4.780921E-17	6.777572E-18
8.440000E+03	4.778130E-17	6.773438E-18
8.450000E+03	4.775736E-17	6.769869E-18
8.460000E+03	4.773608E-17	6.766681E-18
8.470000E+03	4.771761E-17	6.763896E-18
8.480000E+03	4.770204E-17	6.761526E-18
8.490000E+03	4.768948E-17	6.759588E-18
8.500000E+03	4.768001E-17	6.758091E-18
8.510000E+03	4.767228E-17	6.756843E-18
8.520000E+03	4.766922E-17	6.756264E-18
8.530000E+03	4.766946E-17	6.756155E-18
8.540000E+03	4.767159E-17	6.756319E-18
8.550000E+03	4.767711E-17	6.756968E-18
8.560000E+03	4.768460E-17	6.757900E-18
8.570000E+03	4.769553E-17	6.759323E-18
8.580000E+03	4.770847E-17	6.761037E-18
8.590000E+03	4.772488E-17	6.763246E-18
8.600000E+03	4.774332E-17	6.765748E-18
8.610000E+03	4.776378E-17	6.768541E-18
8.620000E+03	4.778626E-17	6.771625E-18
8.630000E+03	4.781076E-17	6.774999E-18
8.640000E+03	4.783874E-17	6.778871E-18
8.650000E+03	4.786722E-17	6.782819E-18
8.660000E+03	4.789768E-17	6.787053E-18
8.670000E+03	4.792859E-17	6.791355E-18
8.680000E+03	4.796293E-17	6.796148E-18
8.690000E+03	4.799617E-17	6.800791E-18
8.700000E+03	4.803281E-17	6.805920E-18
8.710000E+03	4.806828E-17	6.810889E-18
8.720000E+03	4.810558E-17	6.816122E-18
8.730000E+03	4.814162E-17	6.821183E-18
8.740000E+03	4.817944E-17	6.826502E-18
8.750000E+03	4.821747E-17	6.831856E-18
8.760000E+03	4.825413E-17	6.837020E-18
8.770000E+03	4.828935E-17	6.841987E-18
8.780000E+03	4.832466E-17	6.846972E-18
8.790000E+03	4.835845E-17	6.851748E-18
8.800000E+03	4.839066E-17	6.856305E-18
8.810000E+03	4.842124E-17	6.860638E-18
8.820000E+03	4.844853E-17	6.864512E-18
8.830000E+03	4.847245E-17	6.867914E-18
8.840000E+03	4.849293E-17	6.870835E-18
8.850000E+03	4.850823E-17	6.873028E-18
8.860000E+03	4.852154E-17	6.874945E-18
8.870000E+03	4.853112E-17	6.876340E-18
8.880000E+03	4.854019E-17	6.877671E-18
8.890000E+03	4.854704E-17	6.878692E-18
8.900000E+03	4.855323E-17	6.879628E-18
8.910000E+03	4.855702E-17	6.880229E-18
8.920000E+03	4.856338E-17	6.881202E-18
8.930000E+03	4.856881E-17	6.882049E-18
8.940000E+03	4.857489E-17	6.882996E-18
8.950000E+03	4.858321E-17	6.884267E-18
8.960000E+03	4.859189E-17	6.885596E-18
8.970000E+03	4.860077E-17	6.886959E-18
8.980000E+03	4.861144E-17	6.888582E-18
8.990000E+03	4.862375E-17	6.890446E-18
9.000000E+03	4.863757E-17	6.892528E-18
9.040000E+03	4.871028E-17	6.903392E-18
9.080000E+03	4.881202E-17	6.918467E-18
9.120000E+03	4.895002E-17	6.938776E-18
9.160000E+03	4.912520E-17	6.964444E-18
9.200000E+03	4.934349E-17	6.996315E-18
9.240000E+03	4.960753E-17	7.034757E-18
9.280000E+03	4.991786E-17	7.079848E-18
9.320000E+03	5.027459E-17	7.131603E-18
9.360000E+03	5.067457E-17	7.189577E-18
9.400000E+03	5.111076E-17	7.252768E-18
9.440000E+03	5.157725E-17	7.320339E-18
9.480000E+03	5.206135E-17	7.390488E-18
9.520000E+03	5.254590E-17	7.460777E-18
9.560000E+03	5.302171E-17	7.529898E-18
9.600000E+03	5.347026E-17	7.595218E-18
9.640000E+03	5.387255E-17	7.654031E-18
9.680000E+03	5.421686E-17	7.704664E-18
9.720000E+03	5.447824E-17	7.743562E-18
9.760000E+03	5.465127E-17	7.769945E-18
9.800000E+03	5.471002E-17	7.780111E-18
9.840000E+03	5.465416E-17	7.774001E-18
9.880000E+03	5.447069E-17	7.749750E-18
9.920000E+03	5.415796E-17	7.707105E-18
9.960000E+03	5.370469E-17	7.644448E-18
1.000000E+04	5.312034E-17	7.563105E-18
1.004000E+04	5.240454E-17	7.463008E-18
1.008000E+04	5.157360E-17	7.346464E-18
1.012000E+04	5.062810E-17	7.213543E-18
1.016000E+04	4.958435E-17	7.066554E-18
1.020000E+04	4.845984E-17	6.907977E-18
1.024000E+04	4.726304E-17	6.739011E-18
1.028000E+04	4.601607E-17	6.562800E-18
1.032000E+04	4.472143E-17	6.379697E-18
