#wls	flux	fluxerr
1.600000E+03	2.344205E-16	5.167690E-17
1.640000E+03	2.421855E-16	5.338799E-17
1.680000E+03	2.496648E-16	5.503602E-17
1.720000E+03	2.567710E-16	5.660175E-17
1.760000E+03	2.634354E-16	5.807003E-17
1.800000E+03	2.695568E-16	5.941853E-17
1.840000E+03	2.750537E-16	6.062935E-17
1.880000E+03	2.798401E-16	6.168347E-17
1.920000E+03	2.838011E-16	6.255562E-17
1.960000E+03	2.868468E-16	6.322597E-17
2.000000E+03	2.888878E-16	6.367479E-17
2.040000E+03	2.898385E-16	6.388328E-17
2.080000E+03	2.895981E-16	6.382922E-17
2.120000E+03	2.881006E-16	6.349806E-17
2.160000E+03	2.852544E-16	6.286961E-17
2.200000E+03	2.809939E-16	6.192947E-17
2.240000E+03	2.752145E-16	6.065458E-17
2.280000E+03	2.678636E-16	5.903336E-17
2.320000E+03	2.591060E-16	5.710218E-17
2.360000E+03	2.491645E-16	5.491014E-17
2.400000E+03	2.382198E-16	5.249708E-17
2.440000E+03	2.264215E-16	4.989600E-17
2.480000E+03	2.139107E-16	4.713798E-17
2.520000E+03	2.008429E-16	4.425732E-17
2.560000E+03	1.873577E-16	4.128480E-17
2.600000E+03	1.736171E-16	3.825611E-17
2.640000E+03	1.597684E-16	3.520372E-17
2.680000E+03	1.459508E-16	3.215830E-17
2.720000E+03	1.323183E-16	2.915381E-17
2.760000E+03	1.190076E-16	2.622036E-17
2.800000E+03	1.061499E-16	2.338687E-17
2.840000E+03	9.386508E-17	2.067970E-17
2.880000E+03	8.226477E-17	1.812349E-17
2.920000E+03	7.145795E-17	1.574221E-17
2.960000E+03	6.154312E-17	1.355757E-17
3.000000E+03	5.258320E-17	1.158339E-17
3.010000E+03	5.049569E-17	1.112345E-17
3.020000E+03	4.847135E-17	1.067744E-17
3.030000E+03	4.650740E-17	1.024473E-17
3.040000E+03	4.460448E-17	9.825477E-18
3.050000E+03	4.276394E-17	9.419965E-18
3.060000E+03	4.098303E-17	9.027599E-18
3.070000E+03	3.926285E-17	8.648613E-18
3.080000E+03	3.760242E-17	8.282795E-18
3.090000E+03	3.600078E-17	7.929932E-18
3.100000E+03	3.445694E-17	7.589805E-18
3.110000E+03	3.297122E-17	7.262486E-18
3.120000E+03	3.154169E-17	6.947550E-18
3.130000E+03	3.016780E-17	6.644871E-18
3.140000E+03	2.884821E-17	6.354160E-18
3.150000E+03	2.758165E-17	6.075135E-18
3.160000E+03	2.636728E-17	5.807608E-18
3.170000E+03	2.520417E-17	5.551374E-18
3.180000E+03	2.408990E-17	5.305903E-18
3.190000E+03	2.302437E-17	5.071171E-18
3.200000E+03	2.200564E-17	4.846750E-18
3.210000E+03	2.103257E-17	4.632392E-18
3.220000E+03	2.010360E-17	4.427748E-18
3.230000E+03	1.921689E-17	4.232414E-18
3.240000E+03	1.837188E-17	4.046269E-18
3.250000E+03	1.756610E-17	3.868768E-18
3.260000E+03	1.679895E-17	3.699775E-18
3.270000E+03	1.606887E-17	3.538952E-18
3.280000E+03	1.537386E-17	3.385854E-18
3.290000E+03	1.471322E-17	3.240327E-18
3.300000E+03	1.408502E-17	3.101948E-18
3.310000E+03	1.348810E-17	2.970460E-18
3.320000E+03	1.292109E-17	2.845562E-18
3.330000E+03	1.238285E-17	2.727001E-18
3.340000E+03	1.187189E-17	2.614450E-18
3.350000E+03	1.138696E-17	2.507634E-18
3.360000E+03	1.092687E-17	2.406289E-18
3.370000E+03	1.049060E-17	2.310192E-18
3.380000E+03	1.007687E-17	2.219061E-18
3.390000E+03	9.684615E-18	2.132660E-18
3.400000E+03	9.312804E-18	2.050763E-18
3.410000E+03	8.960331E-18	1.973125E-18
3.420000E+03	8.626268E-18	1.899543E-18
3.430000E+03	8.309724E-18	1.829820E-18
3.440000E+03	8.009747E-18	1.763746E-18
3.450000E+03	7.725534E-18	1.701145E-18
3.460000E+03	7.456232E-18	1.641828E-18
3.470000E+03	7.201035E-18	1.585619E-18
3.480000E+03	6.959189E-18	1.532350E-18
3.490000E+03	6.729908E-18	1.481848E-18
3.500000E+03	6.512604E-18	1.433985E-18
3.510000E+03	6.306576E-18	1.388606E-18
3.520000E+03	6.111110E-18	1.345553E-18
3.530000E+03	5.925486E-18	1.304668E-18
3.540000E+03	5.749220E-18	1.265844E-18
3.550000E+03	5.581687E-18	1.228944E-18
3.560000E+03	5.422202E-18	1.193816E-18
3.570000E+03	5.270301E-18	1.160359E-18
3.580000E+03	5.125501E-18	1.128466E-18
3.590000E+03	4.987311E-18	1.098029E-18
3.600000E+03	4.855229E-18	1.068937E-18
3.610000E+03	4.728976E-18	1.041129E-18
3.620000E+03	4.608198E-18	1.014527E-18
3.630000E+03	4.492562E-18	9.890573E-19
3.640000E+03	4.381955E-18	9.646955E-19
3.650000E+03	4.276144E-18	9.413901E-19
3.660000E+03	4.174935E-18	9.190982E-19
3.670000E+03	4.078179E-18	8.977871E-19
3.680000E+03	3.985721E-18	8.774227E-19
3.690000E+03	3.897379E-18	8.579647E-19
3.700000E+03	3.813067E-18	8.393941E-19
3.710000E+03	3.732571E-18	8.216642E-19
3.720000E+03	3.655777E-18	8.047494E-19
3.730000E+03	3.582602E-18	7.886318E-19
3.740000E+03	3.512812E-18	7.732595E-19
3.750000E+03	3.446385E-18	7.586276E-19
3.760000E+03	3.383098E-18	7.446875E-19
3.770000E+03	3.322903E-18	7.314283E-19
3.780000E+03	3.265670E-18	7.188212E-19
3.790000E+03	3.211273E-18	7.068386E-19
3.800000E+03	3.159613E-18	6.954587E-19
3.810000E+03	3.110572E-18	6.846556E-19
3.820000E+03	3.064062E-18	6.744097E-19
3.830000E+03	3.019996E-18	6.647019E-19
3.840000E+03	2.978263E-18	6.555081E-19
3.850000E+03	2.938788E-18	6.468112E-19
3.860000E+03	2.901493E-18	6.385942E-19
3.870000E+03	2.866279E-18	6.308355E-19
3.880000E+03	2.833076E-18	6.235196E-19
3.890000E+03	2.801817E-18	6.166317E-19
3.900000E+03	2.772419E-18	6.101532E-19
3.910000E+03	2.744814E-18	6.040698E-19
3.920000E+03	2.718929E-18	5.983649E-19
3.930000E+03	2.694724E-18	5.930298E-19
3.940000E+03	2.672129E-18	5.880490E-19
3.950000E+03	2.651090E-18	5.834108E-19
3.960000E+03	2.631517E-18	5.790954E-19
3.970000E+03	2.613406E-18	5.751018E-19
3.980000E+03	2.596673E-18	5.714113E-19
3.990000E+03	2.581275E-18	5.680148E-19
4.000000E+03	2.567155E-18	5.648994E-19
4.010000E+03	2.554291E-18	5.620606E-19
4.020000E+03	2.542610E-18	5.594821E-19
4.030000E+03	2.532096E-18	5.571605E-19
4.040000E+03	2.522679E-18	5.550801E-19
4.050000E+03	2.514346E-18	5.532383E-19
4.060000E+03	2.507029E-18	5.516201E-19
4.070000E+03	2.500703E-18	5.502199E-19
4.080000E+03	2.495338E-18	5.490312E-19
4.090000E+03	2.490912E-18	5.480489E-19
4.100000E+03	2.487361E-18	5.472592E-19
4.110000E+03	2.484662E-18	5.466569E-19
4.120000E+03	2.482777E-18	5.462337E-19
4.130000E+03	2.481685E-18	5.459850E-19
4.140000E+03	2.481366E-18	5.459064E-19
4.150000E+03	2.481767E-18	5.459859E-19
4.160000E+03	2.482888E-18	5.462238E-19
4.170000E+03	2.484675E-18	5.466083E-19
4.180000E+03	2.487116E-18	5.471365E-19
4.190000E+03	2.490196E-18	5.478051E-19
4.200000E+03	2.493862E-18	5.486026E-19
4.210000E+03	2.498105E-18	5.495271E-19
4.220000E+03	2.502892E-18	5.505710E-19
4.230000E+03	2.508234E-18	5.517370E-19
4.240000E+03	2.514063E-18	5.530099E-19
4.250000E+03	2.520389E-18	5.543922E-19
4.260000E+03	2.527166E-18	5.558736E-19
4.270000E+03	2.534405E-18	5.574564E-19
4.280000E+03	2.542040E-18	5.591263E-19
4.290000E+03	2.550067E-18	5.608822E-19
4.300000E+03	2.558478E-18	5.627225E-19
4.310000E+03	2.567208E-18	5.646327E-19
4.320000E+03	2.576272E-18	5.666163E-19
4.330000E+03	2.585586E-18	5.686548E-19
4.340000E+03	2.595165E-18	5.707515E-19
4.350000E+03	2.604902E-18	5.728828E-19
4.360000E+03	2.614793E-18	5.750478E-19
4.370000E+03	2.624898E-18	5.772596E-19
4.380000E+03	2.635209E-18	5.795168E-19
4.390000E+03	2.645750E-18	5.818243E-19
4.400000E+03	2.656521E-18	5.841822E-19
4.410000E+03	2.667478E-18	5.865810E-19
4.420000E+03	2.678668E-18	5.890307E-19
4.430000E+03	2.690048E-18	5.915223E-19
4.440000E+03	2.701625E-18	5.940566E-19
4.450000E+03	2.713377E-18	5.966296E-19
4.460000E+03	2.725313E-18	5.992427E-19
4.470000E+03	2.737395E-18	6.018878E-19
4.480000E+03	2.749650E-18	6.045709E-19
4.490000E+03	2.762044E-18	6.072843E-19
4.500000E+03	2.774562E-18	6.100248E-19
4.510000E+03	2.787238E-18	6.127999E-19
4.520000E+03	2.800016E-18	6.155972E-19
4.530000E+03	2.812910E-18	6.184196E-19
4.540000E+03	2.825930E-18	6.212697E-19
4.550000E+03	2.839046E-18	6.241408E-19
4.560000E+03	2.852275E-18	6.270366E-19
4.570000E+03	2.865587E-18	6.299503E-19
4.580000E+03	2.879000E-18	6.328859E-19
4.590000E+03	2.892509E-18	6.358427E-19
4.600000E+03	2.906113E-18	6.388200E-19
4.610000E+03	2.919783E-18	6.418116E-19
4.620000E+03	2.933565E-18	6.448277E-19
4.630000E+03	2.947412E-18	6.478577E-19
4.640000E+03	2.961346E-18	6.509070E-19
4.650000E+03	2.975370E-18	6.539755E-19
4.660000E+03	2.989456E-18	6.570576E-19
4.670000E+03	3.003661E-18	6.601655E-19
4.680000E+03	3.017933E-18	6.632880E-19
4.690000E+03	3.032303E-18	6.664317E-19
4.700000E+03	3.046826E-18	6.696090E-19
4.710000E+03	3.061484E-18	6.728157E-19
4.720000E+03	3.076307E-18	6.760583E-19
4.730000E+03	3.091328E-18	6.793442E-19
4.740000E+03	3.106556E-18	6.826756E-19
4.750000E+03	3.122001E-18	6.860543E-19
4.760000E+03	3.137727E-18	6.894944E-19
4.770000E+03	3.153686E-18	6.929855E-19
4.780000E+03	3.169946E-18	6.965425E-19
4.790000E+03	3.186520E-18	7.001681E-19
4.800000E+03	3.203389E-18	7.038584E-19
4.810000E+03	3.220625E-18	7.076291E-19
4.820000E+03	3.238210E-18	7.114763E-19
4.830000E+03	3.256158E-18	7.154028E-19
4.840000E+03	3.274485E-18	7.194123E-19
4.850000E+03	3.293202E-18	7.235071E-19
4.860000E+03	3.312386E-18	7.277045E-19
4.870000E+03	3.331961E-18	7.319871E-19
4.880000E+03	3.352002E-18	7.363721E-19
4.890000E+03	3.372496E-18	7.408560E-19
4.900000E+03	3.393489E-18	7.454494E-19
4.910000E+03	3.414964E-18	7.501483E-19
4.920000E+03	3.436941E-18	7.549570E-19
4.930000E+03	3.459463E-18	7.598853E-19
4.940000E+03	3.482486E-18	7.649231E-19
4.950000E+03	3.506055E-18	7.700804E-19
4.960000E+03	3.530188E-18	7.753613E-19
4.970000E+03	3.554898E-18	7.807686E-19
4.980000E+03	3.580171E-18	7.862990E-19
4.990000E+03	3.606017E-18	7.919549E-19
5.000000E+03	3.632488E-18	7.977477E-19
5.010000E+03	3.659529E-18	8.036653E-19
5.020000E+03	3.687222E-18	8.097257E-19
5.030000E+03	3.715511E-18	8.159164E-19
5.040000E+03	3.744409E-18	8.222404E-19
5.050000E+03	3.773963E-18	8.287078E-19
5.060000E+03	3.804149E-18	8.353136E-19
5.070000E+03	3.834978E-18	8.420603E-19
5.080000E+03	3.866426E-18	8.489421E-19
5.090000E+03	3.898535E-18	8.559687E-19
5.100000E+03	3.931318E-18	8.631428E-19
5.110000E+03	3.964707E-18	8.704493E-19
5.120000E+03	3.998748E-18	8.778984E-19
5.130000E+03	4.033446E-18	8.854912E-19
5.140000E+03	4.068809E-18	8.932296E-19
5.150000E+03	4.104805E-18	9.011061E-19
5.160000E+03	4.141436E-18	9.091213E-19
5.170000E+03	4.178667E-18	9.172678E-19
5.180000E+03	4.216580E-18	9.255635E-19
5.190000E+03	4.255099E-18	9.339913E-19
5.200000E+03	4.294221E-18	9.425510E-19
5.210000E+03	4.333947E-18	9.512425E-19
5.220000E+03	4.374318E-18	9.600750E-19
5.230000E+03	4.415247E-18	9.690292E-19
5.240000E+03	4.456727E-18	9.781037E-19
5.250000E+03	4.498843E-18	9.873169E-19
5.260000E+03	4.541455E-18	9.966383E-19
5.270000E+03	4.584641E-18	1.006085E-18
5.280000E+03	4.628348E-18	1.015645E-18
5.290000E+03	4.672563E-18	1.025316E-18
5.300000E+03	4.717317E-18	1.035104E-18
5.310000E+03	4.762503E-18	1.044987E-18
5.320000E+03	4.808146E-18	1.054969E-18
5.330000E+03	4.854227E-18	1.065046E-18
5.340000E+03	4.900722E-18	1.075213E-18
5.350000E+03	4.947654E-18	1.085475E-18
5.360000E+03	4.994898E-18	1.095805E-18
5.370000E+03	5.042469E-18	1.106205E-18
5.380000E+03	5.090335E-18	1.116670E-18
5.390000E+03	5.138408E-18	1.127179E-18
5.400000E+03	5.186747E-18	1.137745E-18
5.410000E+03	5.235260E-18	1.148349E-18
5.420000E+03	5.283847E-18	1.158968E-18
5.430000E+03	5.332458E-18	1.169591E-18
5.440000E+03	5.381089E-18	1.180218E-18
5.450000E+03	5.429578E-18	1.190813E-18
5.460000E+03	5.477914E-18	1.201373E-18
5.470000E+03	5.526035E-18	1.211885E-18
5.480000E+03	5.573757E-18	1.222309E-18
5.490000E+03	5.621008E-18	1.232628E-18
5.500000E+03	5.667767E-18	1.242839E-18
5.510000E+03	5.713899E-18	1.252911E-18
5.520000E+03	5.759259E-18	1.262813E-18
5.530000E+03	5.803704E-18	1.272513E-18
5.540000E+03	5.847261E-18	1.282018E-18
5.550000E+03	5.889658E-18	1.291267E-18
5.560000E+03	5.930864E-18	1.300255E-18
5.570000E+03	5.970719E-18	1.308945E-18
5.580000E+03	6.009127E-18	1.317318E-18
5.590000E+03	6.045991E-18	1.325350E-18
5.600000E+03	6.081151E-18	1.333009E-18
5.610000E+03	6.114574E-18	1.340286E-18
5.620000E+03	6.146101E-18	1.347146E-18
5.630000E+03	6.175576E-18	1.353557E-18
5.640000E+03	6.203037E-18	1.359524E-18
5.650000E+03	6.228335E-18	1.365017E-18
5.660000E+03	6.251320E-18	1.370003E-18
5.670000E+03	6.271981E-18	1.374479E-18
5.680000E+03	6.290314E-18	1.378443E-18
5.690000E+03	6.306120E-18	1.381854E-18
5.700000E+03	6.319407E-18	1.384712E-18
5.710000E+03	6.330189E-18	1.387020E-18
5.720000E+03	6.338358E-18	1.388756E-18
5.730000E+03	6.343943E-18	1.389925E-18
5.740000E+03	6.346849E-18	1.390506E-18
5.750000E+03	6.347124E-18	1.390511E-18
5.760000E+03	6.344759E-18	1.389937E-18
5.770000E+03	6.339817E-18	1.388799E-18
5.780000E+03	6.332172E-18	1.387068E-18
5.790000E+03	6.322042E-18	1.384793E-18
5.800000E+03	6.309315E-18	1.381949E-18
5.810000E+03	6.294092E-18	1.378558E-18
5.820000E+03	6.276414E-18	1.374629E-18
5.830000E+03	6.256327E-18	1.370173E-18
5.840000E+03	6.233960E-18	1.365218E-18
5.850000E+03	6.209375E-18	1.359776E-18
5.860000E+03	6.182642E-18	1.353865E-18
5.870000E+03	6.153768E-18	1.347485E-18
5.880000E+03	6.122973E-18	1.340685E-18
5.890000E+03	6.090277E-18	1.333469E-18
5.900000E+03	6.055837E-18	1.325871E-18
5.910000E+03	6.019684E-18	1.317899E-18
5.920000E+03	5.981982E-18	1.309588E-18
5.930000E+03	5.942833E-18	1.300960E-18
5.940000E+03	5.902341E-18	1.292039E-18
5.950000E+03	5.860610E-18	1.282848E-18
5.960000E+03	5.817745E-18	1.273409E-18
5.970000E+03	5.773917E-18	1.263759E-18
5.980000E+03	5.729097E-18	1.253893E-18
5.990000E+03	5.683522E-18	1.243862E-18
6.000000E+03	5.637226E-18	1.233674E-18
6.010000E+03	5.590313E-18	1.223352E-18
6.020000E+03	5.542942E-18	1.212930E-18
6.030000E+03	5.495078E-18	1.202401E-18
6.040000E+03	5.446946E-18	1.191814E-18
6.050000E+03	5.398502E-18	1.181160E-18
6.060000E+03	5.349898E-18	1.170471E-18
6.070000E+03	5.301217E-18	1.159766E-18
6.080000E+03	5.252472E-18	1.149048E-18
6.090000E+03	5.203739E-18	1.138333E-18
6.100000E+03	5.155089E-18	1.127637E-18
6.110000E+03	5.106591E-18	1.116975E-18
6.120000E+03	5.058308E-18	1.106361E-18
6.130000E+03	5.010299E-18	1.095808E-18
6.140000E+03	4.962621E-18	1.085328E-18
6.150000E+03	4.915327E-18	1.074932E-18
6.160000E+03	4.868526E-18	1.064645E-18
6.170000E+03	4.822325E-18	1.054490E-18
6.180000E+03	4.776826E-18	1.044489E-18
6.190000E+03	4.732062E-18	1.034650E-18
6.200000E+03	4.688069E-18	1.024980E-18
6.210000E+03	4.644815E-18	1.015472E-18
6.220000E+03	4.602326E-18	1.006133E-18
6.230000E+03	4.560628E-18	9.969666E-19
6.240000E+03	4.519680E-18	9.879653E-19
6.250000E+03	4.479564E-18	9.791464E-19
6.260000E+03	4.440416E-18	9.705396E-19
6.270000E+03	4.402188E-18	9.621346E-19
6.280000E+03	4.364953E-18	9.539473E-19
6.290000E+03	4.328839E-18	9.460057E-19
6.300000E+03	4.293794E-18	9.382982E-19
6.310000E+03	4.260000E-18	9.308647E-19
6.320000E+03	4.227523E-18	9.237194E-19
6.330000E+03	4.196303E-18	9.168494E-19
6.340000E+03	4.166519E-18	9.102936E-19
6.350000E+03	4.138231E-18	9.040651E-19
6.360000E+03	4.111438E-18	8.981637E-19
6.370000E+03	4.086199E-18	8.926022E-19
6.380000E+03	4.062690E-18	8.874188E-19
6.390000E+03	4.040849E-18	8.826003E-19
6.400000E+03	4.020737E-18	8.781595E-19
6.410000E+03	4.002470E-18	8.741221E-19
6.420000E+03	3.985871E-18	8.704492E-19
6.430000E+03	3.970820E-18	8.671144E-19
6.440000E+03	3.957257E-18	8.641049E-19
6.450000E+03	3.945126E-18	8.614079E-19
6.460000E+03	3.934304E-18	8.589971E-19
6.470000E+03	3.924791E-18	8.568720E-19
6.480000E+03	3.916529E-18	8.550200E-19
6.490000E+03	3.909513E-18	8.534402E-19
6.500000E+03	3.903689E-18	8.521204E-19
6.510000E+03	3.899051E-18	8.510595E-19
6.520000E+03	3.895600E-18	8.502575E-19
6.530000E+03	3.893275E-18	8.497013E-19
6.540000E+03	3.892137E-18	8.494039E-19
6.550000E+03	3.892187E-18	8.493656E-19
6.560000E+03	3.893360E-18	8.495721E-19
6.570000E+03	3.895721E-18	8.500377E-19
6.580000E+03	3.899207E-18	8.507486E-19
6.590000E+03	3.903820E-18	8.517049E-19
6.600000E+03	3.909621E-18	8.529201E-19
6.610000E+03	3.916485E-18	8.543670E-19
6.620000E+03	3.924607E-18	8.560878E-19
6.630000E+03	3.933792E-18	8.580401E-19
6.640000E+03	3.944175E-18	8.602532E-19
6.650000E+03	3.955690E-18	8.627128E-19
6.660000E+03	3.968341E-18	8.654195E-19
6.670000E+03	3.982195E-18	8.683883E-19
6.680000E+03	3.997192E-18	8.716054E-19
6.690000E+03	4.013331E-18	8.750712E-19
6.700000E+03	4.030617E-18	8.787865E-19
6.710000E+03	4.049122E-18	8.827667E-19
6.720000E+03	4.068712E-18	8.869828E-19
6.730000E+03	4.089528E-18	8.914656E-19
6.740000E+03	4.111509E-18	8.962014E-19
6.750000E+03	4.134655E-18	9.011903E-19
6.760000E+03	4.158972E-18	9.064338E-19
6.770000E+03	4.184467E-18	9.119329E-19
6.780000E+03	4.211215E-18	9.177044E-19
6.790000E+03	4.239075E-18	9.237171E-19
6.800000E+03	4.268128E-18	9.299888E-19
6.810000E+03	4.298375E-18	9.365199E-19
6.820000E+03	4.329826E-18	9.433119E-19
6.830000E+03	4.362483E-18	9.503658E-19
6.840000E+03	4.396355E-18	9.576832E-19
6.850000E+03	4.431446E-18	9.652650E-19
6.860000E+03	4.467680E-18	9.730946E-19
6.870000E+03	4.505145E-18	9.811911E-19
6.880000E+03	4.543845E-18	9.895552E-19
6.890000E+03	4.583701E-18	9.981698E-19
6.900000E+03	4.624804E-18	1.007055E-18
6.910000E+03	4.667160E-18	1.016211E-18
6.920000E+03	4.710686E-18	1.025620E-18
6.930000E+03	4.755384E-18	1.035284E-18
6.940000E+03	4.801349E-18	1.045221E-18
6.950000E+03	4.848495E-18	1.055414E-18
6.960000E+03	4.896823E-18	1.065863E-18
6.970000E+03	4.946432E-18	1.076589E-18
6.980000E+03	4.997231E-18	1.087573E-18
6.990000E+03	5.049220E-18	1.098813E-18
7.000000E+03	5.102306E-18	1.110291E-18
7.010000E+03	5.156686E-18	1.122048E-18
7.020000E+03	5.212261E-18	1.134064E-18
7.030000E+03	5.269038E-18	1.146339E-18
7.040000E+03	5.326908E-18	1.158851E-18
7.050000E+03	5.385975E-18	1.171620E-18
7.060000E+03	5.446135E-18	1.184626E-18
7.070000E+03	5.507601E-18	1.197913E-18
7.080000E+03	5.570043E-18	1.211411E-18
7.090000E+03	5.633678E-18	1.225166E-18
7.100000E+03	5.698392E-18	1.239154E-18
7.110000E+03	5.764295E-18	1.253398E-18
7.120000E+03	5.831148E-18	1.267847E-18
7.130000E+03	5.899182E-18	1.282549E-18
7.140000E+03	5.968151E-18	1.297453E-18
7.150000E+03	6.038162E-18	1.312582E-18
7.160000E+03	6.109212E-18	1.327933E-18
7.170000E+03	6.181290E-18	1.343506E-18
7.180000E+03	6.254256E-18	1.359269E-18
7.190000E+03	6.328093E-18	1.375220E-18
7.200000E+03	6.402922E-18	1.391383E-18
7.210000E+03	6.478593E-18	1.407727E-18
7.220000E+03	6.555226E-18	1.424277E-18
7.230000E+03	6.632526E-18	1.440969E-18
7.240000E+03	6.710755E-18	1.457861E-18
7.250000E+03	6.789749E-18	1.474917E-18
7.260000E+03	6.869490E-18	1.492132E-18
7.270000E+03	6.949952E-18	1.509501E-18
7.280000E+03	7.031111E-18	1.527018E-18
7.290000E+03	7.112943E-18	1.544680E-18
7.300000E+03	7.195578E-18	1.562512E-18
7.310000E+03	7.278675E-18	1.580443E-18
7.320000E+03	7.362691E-18	1.598570E-18
7.330000E+03	7.447441E-18	1.616853E-18
7.340000E+03	7.532735E-18	1.635252E-18
7.350000E+03	7.619058E-18	1.653871E-18
7.360000E+03	7.706051E-18	1.672633E-18
7.370000E+03	7.794223E-18	1.691648E-18
7.380000E+03	7.883390E-18	1.710876E-18
7.390000E+03	7.973729E-18	1.730356E-18
7.400000E+03	8.065423E-18	1.750126E-18
7.410000E+03	8.158480E-18	1.770189E-18
7.420000E+03	8.253293E-18	1.790630E-18
7.430000E+03	8.350084E-18	1.811497E-18
7.440000E+03	8.448688E-18	1.832754E-18
7.450000E+03	8.549135E-18	1.854407E-18
7.460000E+03	8.651447E-18	1.876462E-18
7.470000E+03	8.755446E-18	1.898879E-18
7.480000E+03	8.860935E-18	1.921616E-18
7.490000E+03	8.967704E-18	1.944627E-18
7.500000E+03	9.075753E-18	1.967912E-18
7.510000E+03	9.184853E-18	1.991422E-18
7.520000E+03	9.294762E-18	2.015103E-18
7.530000E+03	9.405686E-18	2.039001E-18
7.540000E+03	9.517138E-18	2.063010E-18
7.550000E+03	9.629079E-18	2.087121E-18
7.560000E+03	9.741469E-18	2.111325E-18
7.570000E+03	9.854261E-18	2.135614E-18
7.580000E+03	9.967414E-18	2.159976E-18
7.590000E+03	1.008063E-17	2.184349E-18
7.600000E+03	1.019384E-17	2.208717E-18
7.610000E+03	1.030725E-17	2.233125E-18
7.620000E+03	1.042054E-17	2.257503E-18
7.630000E+03	1.053391E-17	2.281895E-18
7.640000E+03	1.064676E-17	2.306171E-18
7.650000E+03	1.075956E-17	2.330432E-18
7.660000E+03	1.087197E-17	2.354604E-18
7.670000E+03	1.098390E-17	2.378670E-18
7.680000E+03	1.109528E-17	2.402613E-18
7.690000E+03	1.120632E-17	2.426479E-18
7.700000E+03	1.131665E-17	2.450188E-18
7.710000E+03	1.142618E-17	2.473721E-18
7.720000E+03	1.153513E-17	2.497126E-18
7.730000E+03	1.164343E-17	2.520383E-18
7.740000E+03	1.175067E-17	2.543411E-18
7.750000E+03	1.185708E-17	2.566255E-18
7.760000E+03	1.196257E-17	2.588898E-18
7.770000E+03	1.206707E-17	2.611322E-18
7.780000E+03	1.217048E-17	2.633507E-18
7.790000E+03	1.227306E-17	2.655509E-18
7.800000E+03	1.237438E-17	2.677237E-18
7.810000E+03	1.247436E-17	2.698673E-18
7.820000E+03	1.257361E-17	2.719947E-18
7.830000E+03	1.267172E-17	2.740970E-18
7.840000E+03	1.276896E-17	2.761803E-18
7.850000E+03	1.286527E-17	2.782433E-18
7.860000E+03	1.296059E-17	2.802847E-18
7.870000E+03	1.305524E-17	2.823113E-18
7.880000E+03	1.314954E-17	2.843299E-18
7.890000E+03	1.324346E-17	2.863402E-18
7.900000E+03	1.333735E-17	2.883497E-18
7.910000E+03	1.343159E-17	2.903663E-18
7.920000E+03	1.352578E-17	2.923819E-18
7.930000E+03	1.362150E-17	2.944300E-18
7.940000E+03	1.371798E-17	2.964946E-18
7.950000E+03	1.381567E-17	2.985848E-18
7.960000E+03	1.391539E-17	3.007188E-18
7.970000E+03	1.401681E-17	3.028894E-18
7.980000E+03	1.411998E-17	3.050976E-18
7.990000E+03	1.422498E-17	3.073448E-18
8.000000E+03	1.433143E-17	3.096233E-18
8.010000E+03	1.443898E-17	3.119253E-18
8.020000E+03	1.454725E-17	3.142426E-18
8.030000E+03	1.465629E-17	3.165762E-18
8.040000E+03	1.476527E-17	3.189084E-18
8.050000E+03	1.487467E-17	3.212494E-18
8.060000E+03	1.498365E-17	3.235812E-18
8.070000E+03	1.509226E-17	3.259047E-18
8.080000E+03	1.520008E-17	3.282108E-18
8.090000E+03	1.530714E-17	3.305003E-18
8.100000E+03	1.541305E-17	3.327650E-18
8.110000E+03	1.551830E-17	3.350150E-18
8.120000E+03	1.562248E-17	3.372419E-18
8.130000E+03	1.572521E-17	3.394373E-18
8.140000E+03	1.582698E-17	3.416118E-18
8.150000E+03	1.592741E-17	3.437570E-18
8.160000E+03	1.602656E-17	3.458746E-18
8.170000E+03	1.612499E-17	3.479766E-18
8.180000E+03	1.622183E-17	3.500442E-18
8.190000E+03	1.631717E-17	3.520790E-18
8.200000E+03	1.641158E-17	3.540940E-18
8.210000E+03	1.650516E-17	3.560907E-18
8.220000E+03	1.659753E-17	3.580612E-18
8.230000E+03	1.668880E-17	3.600080E-18
8.240000E+03	1.677908E-17	3.619333E-18
8.250000E+03	1.686899E-17	3.638506E-18
8.260000E+03	1.695765E-17	3.657409E-18
8.270000E+03	1.704619E-17	3.676286E-18
8.280000E+03	1.713373E-17	3.694945E-18
8.290000E+03	1.722091E-17	3.713527E-18
8.300000E+03	1.730785E-17	3.732057E-18
8.310000E+03	1.739470E-17	3.750567E-18
8.320000E+03	1.748105E-17	3.768971E-18
8.330000E+03	1.756756E-17	3.787406E-18
8.340000E+03	1.765438E-17	3.805910E-18
8.350000E+03	1.774110E-17	3.824391E-18
8.360000E+03	1.782837E-17	3.842992E-18
8.370000E+03	1.791579E-17	3.861625E-18
8.380000E+03	1.800401E-17	3.880430E-18
8.390000E+03	1.809263E-17	3.899322E-18
8.400000E+03	1.818174E-17	3.918322E-18
8.410000E+03	1.827202E-17	3.937571E-18
8.420000E+03	1.836247E-17	3.956859E-18
8.430000E+03	1.845427E-17	3.976439E-18
8.440000E+03	1.854699E-17	3.996216E-18
8.450000E+03	1.864128E-17	4.016334E-18
8.460000E+03	1.873610E-17	4.036565E-18
8.470000E+03	1.883207E-17	4.057046E-18
8.480000E+03	1.892927E-17	4.077793E-18
8.490000E+03	1.902778E-17	4.098822E-18
8.500000E+03	1.912765E-17	4.120146E-18
8.510000E+03	1.922893E-17	4.141775E-18
8.520000E+03	1.933166E-17	4.163715E-18
8.530000E+03	1.943529E-17	4.185853E-18
8.540000E+03	1.954043E-17	4.208316E-18
8.550000E+03	1.964710E-17	4.231109E-18
8.560000E+03	1.975471E-17	4.254107E-18
8.570000E+03	1.986387E-17	4.277440E-18
8.580000E+03	1.997392E-17	4.300967E-18
8.590000E+03	2.008549E-17	4.324822E-18
8.600000E+03	2.019791E-17	4.348863E-18
8.610000E+03	2.031113E-17	4.373077E-18
8.620000E+03	2.042571E-17	4.397587E-18
8.630000E+03	2.054097E-17	4.422243E-18
8.640000E+03	2.065680E-17	4.447028E-18
8.650000E+03	2.077378E-17	4.472059E-18
8.660000E+03	2.089047E-17	4.497031E-18
8.670000E+03	2.100807E-17	4.522203E-18
8.680000E+03	2.112511E-17	4.547256E-18
8.690000E+03	2.124278E-17	4.572448E-18
8.700000E+03	2.135957E-17	4.597454E-18
8.710000E+03	2.147597E-17	4.622378E-18
8.720000E+03	2.159249E-17	4.647331E-18
8.730000E+03	2.170754E-17	4.671973E-18
8.740000E+03	2.182159E-17	4.696401E-18
8.750000E+03	2.193443E-17	4.720573E-18
8.760000E+03	2.204579E-17	4.744431E-18
8.770000E+03	2.215547E-17	4.767930E-18
8.780000E+03	2.226391E-17	4.791167E-18
8.790000E+03	2.236941E-17	4.813777E-18
8.800000E+03	2.247315E-17	4.836012E-18
8.810000E+03	2.257491E-17	4.857824E-18
8.820000E+03	2.267439E-17	4.879151E-18
8.830000E+03	2.277059E-17	4.899778E-18
8.840000E+03	2.286477E-17	4.919975E-18
8.850000E+03	2.295668E-17	4.939688E-18
8.860000E+03	2.304610E-17	4.958872E-18
8.870000E+03	2.313280E-17	4.977475E-18
8.880000E+03	2.321574E-17	4.995278E-18
8.890000E+03	2.329553E-17	5.012406E-18
8.900000E+03	2.337114E-17	5.028640E-18
8.910000E+03	2.344321E-17	5.044119E-18
8.920000E+03	2.350992E-17	5.058452E-18
8.930000E+03	2.357282E-17	5.071973E-18
8.940000E+03	2.363015E-17	5.084299E-18
8.950000E+03	2.368270E-17	5.095605E-18
8.960000E+03	2.373047E-17	5.105889E-18
8.970000E+03	2.377341E-17	5.115141E-18
8.980000E+03	2.381071E-17	5.123185E-18
8.990000E+03	2.384409E-17	5.130394E-18
9.000000E+03	2.387277E-17	5.136596E-18
9.040000E+03	2.394316E-17	5.151938E-18
9.080000E+03	2.395258E-17	5.154260E-18
9.120000E+03	2.391540E-17	5.146650E-18
9.160000E+03	2.384495E-17	5.131970E-18
9.200000E+03	2.375497E-17	5.113168E-18
9.240000E+03	2.365725E-17	5.092778E-18
9.280000E+03	2.356221E-17	5.073035E-18
9.320000E+03	2.348063E-17	5.056255E-18
9.360000E+03	2.341896E-17	5.043828E-18
9.400000E+03	2.338229E-17	5.036844E-18
9.440000E+03	2.337560E-17	5.036374E-18
9.480000E+03	2.339905E-17	5.042459E-18
9.520000E+03	2.345436E-17	5.055462E-18
9.560000E+03	2.353855E-17	5.074745E-18
9.600000E+03	2.365069E-17	5.100111E-18
9.640000E+03	2.378820E-17	5.131000E-18
9.680000E+03	2.394821E-17	5.166798E-18
9.720000E+03	2.412773E-17	5.206861E-18
9.760000E+03	2.432207E-17	5.250176E-18
9.800000E+03	2.452633E-17	5.295685E-18
9.840000E+03	2.473734E-17	5.342702E-18
9.880000E+03	2.495037E-17	5.390208E-18
9.920000E+03	2.516082E-17	5.437203E-18
9.960000E+03	2.536632E-17	5.483175E-18
1.000000E+04	2.556284E-17	5.527246E-18
1.004000E+04	2.574429E-17	5.568100E-18
1.008000E+04	2.591126E-17	5.605856E-18
1.012000E+04	2.606037E-17	5.639778E-18
1.016000E+04	2.618353E-17	5.668112E-18
1.020000E+04	2.628463E-17	5.691689E-18
1.024000E+04	2.635817E-17	5.709315E-18
1.028000E+04	2.640106E-17	5.720312E-18
1.032000E+04	2.641303E-17	5.724616E-18
