#wls	flux	fluxerr
1.600000E+03	1.217690E-16	4.458710E-18
1.640000E+03	1.258474E-16	4.607934E-18
1.680000E+03	1.298071E-16	4.752804E-18
1.720000E+03	1.335898E-16	4.891181E-18
1.760000E+03	1.371842E-16	5.022655E-18
1.800000E+03	1.405244E-16	5.144812E-18
1.840000E+03	1.435671E-16	5.256070E-18
1.880000E+03	1.462909E-16	5.355642E-18
1.920000E+03	1.486233E-16	5.440879E-18
1.960000E+03	1.505278E-16	5.510442E-18
2.000000E+03	1.519450E-16	5.562160E-18
2.040000E+03	1.528404E-16	5.594771E-18
2.080000E+03	1.531405E-16	5.605586E-18
2.120000E+03	1.527922E-16	5.592665E-18
2.160000E+03	1.517448E-16	5.554152E-18
2.200000E+03	1.499185E-16	5.487127E-18
2.240000E+03	1.472525E-16	5.389374E-18
2.280000E+03	1.437494E-16	5.260986E-18
2.320000E+03	1.394642E-16	5.103981E-18
2.360000E+03	1.345397E-16	4.923590E-18
2.400000E+03	1.290946E-16	4.724156E-18
2.440000E+03	1.232336E-16	4.509517E-18
2.480000E+03	1.170647E-16	4.283621E-18
2.520000E+03	1.106570E-16	4.049002E-18
2.560000E+03	1.040883E-16	3.808507E-18
2.600000E+03	9.742527E-17	3.564575E-18
2.640000E+03	9.073653E-17	3.319721E-18
2.680000E+03	8.407880E-17	3.076018E-18
2.720000E+03	7.750852E-17	2.835532E-18
2.760000E+03	7.107827E-17	2.600186E-18
2.800000E+03	6.483646E-17	2.371751E-18
2.840000E+03	5.882859E-17	2.151891E-18
2.880000E+03	5.309827E-17	1.942200E-18
2.920000E+03	4.768367E-17	1.744073E-18
2.960000E+03	4.261718E-17	1.558695E-18
3.000000E+03	3.792184E-17	1.386906E-18
3.010000E+03	3.680871E-17	1.346181E-18
3.020000E+03	3.571884E-17	1.306308E-18
3.030000E+03	3.465376E-17	1.267342E-18
3.040000E+03	3.361252E-17	1.229248E-18
3.050000E+03	3.259570E-17	1.192049E-18
3.060000E+03	3.160375E-17	1.155759E-18
3.070000E+03	3.063507E-17	1.120322E-18
3.080000E+03	2.969140E-17	1.085800E-18
3.090000E+03	2.877118E-17	1.052136E-18
3.100000E+03	2.787536E-17	1.019365E-18
3.110000E+03	2.700305E-17	9.874552E-19
3.120000E+03	2.615404E-17	9.563976E-19
3.130000E+03	2.532912E-17	9.262217E-19
3.140000E+03	2.452706E-17	8.968822E-19
3.150000E+03	2.374902E-17	8.684219E-19
3.160000E+03	2.299342E-17	8.407827E-19
3.170000E+03	2.226133E-17	8.140037E-19
3.180000E+03	2.155165E-17	7.880446E-19
3.190000E+03	2.086491E-17	7.629249E-19
3.200000E+03	2.020042E-17	7.386195E-19
3.210000E+03	1.955823E-17	7.151299E-19
3.220000E+03	1.893802E-17	6.924443E-19
3.230000E+03	1.833943E-17	6.705502E-19
3.240000E+03	1.776187E-17	6.494250E-19
3.250000E+03	1.720555E-17	6.290772E-19
3.260000E+03	1.666982E-17	6.094824E-19
3.270000E+03	1.615455E-17	5.906362E-19
3.280000E+03	1.565903E-17	5.725127E-19
3.290000E+03	1.518286E-17	5.550969E-19
3.300000E+03	1.472582E-17	5.383807E-19
3.310000E+03	1.428718E-17	5.223380E-19
3.320000E+03	1.386669E-17	5.069589E-19
3.330000E+03	1.346382E-17	4.922246E-19
3.340000E+03	1.307771E-17	4.781033E-19
3.350000E+03	1.270823E-17	4.645901E-19
3.360000E+03	1.235470E-17	4.516604E-19
3.370000E+03	1.201662E-17	4.392957E-19
3.380000E+03	1.169352E-17	4.274788E-19
3.390000E+03	1.138457E-17	4.161796E-19
3.400000E+03	1.108964E-17	4.053936E-19
3.410000E+03	1.080812E-17	3.950975E-19
3.420000E+03	1.053941E-17	3.852699E-19
3.430000E+03	1.028309E-17	3.758957E-19
3.440000E+03	1.003873E-17	3.669588E-19
3.450000E+03	9.805683E-18	3.584358E-19
3.460000E+03	9.583686E-18	3.503168E-19
3.470000E+03	9.372144E-18	3.425801E-19
3.480000E+03	9.170714E-18	3.352133E-19
3.490000E+03	8.978960E-18	3.282002E-19
3.500000E+03	8.796471E-18	3.215261E-19
3.510000E+03	8.622861E-18	3.151766E-19
3.520000E+03	8.457767E-18	3.091385E-19
3.530000E+03	8.300750E-18	3.033958E-19
3.540000E+03	8.151407E-18	2.979337E-19
3.550000E+03	8.009444E-18	2.927414E-19
3.560000E+03	7.874500E-18	2.878059E-19
3.570000E+03	7.746318E-18	2.831175E-19
3.580000E+03	7.624493E-18	2.786617E-19
3.590000E+03	7.508805E-18	2.744302E-19
3.600000E+03	7.398965E-18	2.704126E-19
3.610000E+03	7.294849E-18	2.666042E-19
3.620000E+03	7.196120E-18	2.629928E-19
3.630000E+03	7.102602E-18	2.595720E-19
3.640000E+03	7.013922E-18	2.563280E-19
3.650000E+03	6.929934E-18	2.532556E-19
3.660000E+03	6.850429E-18	2.503471E-19
3.670000E+03	6.775211E-18	2.475953E-19
3.680000E+03	6.704152E-18	2.449956E-19
3.690000E+03	6.637131E-18	2.425435E-19
3.700000E+03	6.573967E-18	2.402324E-19
3.710000E+03	6.514605E-18	2.380603E-19
3.720000E+03	6.458871E-18	2.360208E-19
3.730000E+03	6.406769E-18	2.341141E-19
3.740000E+03	6.358182E-18	2.323360E-19
3.750000E+03	6.313000E-18	2.306822E-19
3.760000E+03	6.271164E-18	2.291508E-19
3.770000E+03	6.232673E-18	2.277416E-19
3.780000E+03	6.197412E-18	2.264505E-19
3.790000E+03	6.165380E-18	2.252774E-19
3.800000E+03	6.136467E-18	2.242183E-19
3.810000E+03	6.110616E-18	2.232711E-19
3.820000E+03	6.087829E-18	2.224359E-19
3.830000E+03	6.068101E-18	2.217124E-19
3.840000E+03	6.051329E-18	2.210970E-19
3.850000E+03	6.037563E-18	2.205915E-19
3.860000E+03	6.026653E-18	2.201903E-19
3.870000E+03	6.018696E-18	2.198970E-19
3.880000E+03	6.013544E-18	2.197063E-19
3.890000E+03	6.011293E-18	2.196214E-19
3.900000E+03	6.011841E-18	2.196389E-19
3.910000E+03	6.015186E-18	2.197586E-19
3.920000E+03	6.021275E-18	2.199785E-19
3.930000E+03	6.030103E-18	2.202985E-19
3.940000E+03	6.041617E-18	2.207166E-19
3.950000E+03	6.055859E-18	2.212344E-19
3.960000E+03	6.072729E-18	2.218481E-19
3.970000E+03	6.092221E-18	2.225577E-19
3.980000E+03	6.114280E-18	2.233610E-19
3.990000E+03	6.138947E-18	2.242596E-19
4.000000E+03	6.166171E-18	2.252515E-19
4.010000E+03	6.195895E-18	2.263348E-19
4.020000E+03	6.228067E-18	2.275075E-19
4.030000E+03	6.262730E-18	2.287711E-19
4.040000E+03	6.299781E-18	2.301220E-19
4.050000E+03	6.339268E-18	2.315618E-19
4.060000E+03	6.381089E-18	2.330869E-19
4.070000E+03	6.425246E-18	2.346973E-19
4.080000E+03	6.471740E-18	2.363930E-19
4.090000E+03	6.520524E-18	2.381723E-19
4.100000E+03	6.571551E-18	2.400335E-19
4.110000E+03	6.624776E-18	2.419750E-19
4.120000E+03	6.680256E-18	2.439988E-19
4.130000E+03	6.737896E-18	2.461015E-19
4.140000E+03	6.797703E-18	2.482833E-19
4.150000E+03	6.859580E-18	2.505407E-19
4.160000E+03	6.923536E-18	2.528739E-19
4.170000E+03	6.989580E-18	2.552834E-19
4.180000E+03	7.057614E-18	2.577656E-19
4.190000E+03	7.127652E-18	2.603208E-19
4.200000E+03	7.199592E-18	2.629456E-19
4.210000E+03	7.273446E-18	2.656401E-19
4.220000E+03	7.349115E-18	2.684010E-19
4.230000E+03	7.426609E-18	2.712284E-19
4.240000E+03	7.505827E-18	2.741188E-19
4.250000E+03	7.586721E-18	2.770703E-19
4.260000E+03	7.669184E-18	2.800791E-19
4.270000E+03	7.753224E-18	2.831454E-19
4.280000E+03	7.838728E-18	2.862652E-19
4.290000E+03	7.925642E-18	2.894364E-19
4.300000E+03	8.013841E-18	2.926545E-19
4.310000E+03	8.103198E-18	2.959148E-19
4.320000E+03	8.193642E-18	2.992148E-19
4.330000E+03	8.285095E-18	3.025516E-19
4.340000E+03	8.377411E-18	3.059199E-19
4.350000E+03	8.470502E-18	3.093164E-19
4.360000E+03	8.564207E-18	3.127354E-19
4.370000E+03	8.658492E-18	3.161754E-19
4.380000E+03	8.753258E-18	3.196330E-19
4.390000E+03	8.848610E-18	3.231120E-19
4.400000E+03	8.944445E-18	3.266085E-19
4.410000E+03	9.040802E-18	3.301241E-19
4.420000E+03	9.137653E-18	3.336577E-19
4.430000E+03	9.235120E-18	3.372137E-19
4.440000E+03	9.333106E-18	3.407887E-19
4.450000E+03	9.431594E-18	3.443820E-19
4.460000E+03	9.530639E-18	3.479955E-19
4.470000E+03	9.630232E-18	3.516291E-19
4.480000E+03	9.730364E-18	3.552823E-19
4.490000E+03	9.830933E-18	3.589515E-19
4.500000E+03	9.932032E-18	3.626399E-19
4.510000E+03	1.003357E-17	3.663443E-19
4.520000E+03	1.013552E-17	3.700640E-19
4.530000E+03	1.023790E-17	3.737992E-19
4.540000E+03	1.034054E-17	3.775436E-19
4.550000E+03	1.044349E-17	3.812998E-19
4.560000E+03	1.054670E-17	3.850652E-19
4.570000E+03	1.065017E-17	3.888400E-19
4.580000E+03	1.075372E-17	3.926176E-19
4.590000E+03	1.085746E-17	3.964023E-19
4.600000E+03	1.096121E-17	4.001877E-19
4.610000E+03	1.106510E-17	4.039778E-19
4.620000E+03	1.116898E-17	4.077676E-19
4.630000E+03	1.127288E-17	4.115580E-19
4.640000E+03	1.137674E-17	4.153468E-19
4.650000E+03	1.148072E-17	4.191403E-19
4.660000E+03	1.158468E-17	4.229327E-19
4.670000E+03	1.168878E-17	4.267306E-19
4.680000E+03	1.179302E-17	4.305333E-19
4.690000E+03	1.189736E-17	4.343397E-19
4.700000E+03	1.200199E-17	4.381569E-19
4.710000E+03	1.210681E-17	4.419809E-19
4.720000E+03	1.221193E-17	4.458158E-19
4.730000E+03	1.231724E-17	4.496574E-19
4.740000E+03	1.242285E-17	4.535102E-19
4.750000E+03	1.252855E-17	4.573661E-19
4.760000E+03	1.263447E-17	4.612301E-19
4.770000E+03	1.274050E-17	4.650982E-19
4.780000E+03	1.284679E-17	4.689755E-19
4.790000E+03	1.295321E-17	4.728578E-19
4.800000E+03	1.305979E-17	4.767459E-19
4.810000E+03	1.316655E-17	4.806405E-19
4.820000E+03	1.327348E-17	4.845411E-19
4.830000E+03	1.338059E-17	4.884485E-19
4.840000E+03	1.348778E-17	4.923587E-19
4.850000E+03	1.359517E-17	4.962763E-19
4.860000E+03	1.370278E-17	5.002017E-19
4.870000E+03	1.381048E-17	5.041305E-19
4.880000E+03	1.391828E-17	5.080630E-19
4.890000E+03	1.402633E-17	5.120047E-19
4.900000E+03	1.413438E-17	5.159461E-19
4.910000E+03	1.424269E-17	5.198973E-19
4.920000E+03	1.435114E-17	5.238532E-19
4.930000E+03	1.445957E-17	5.278088E-19
4.940000E+03	1.456813E-17	5.317688E-19
4.950000E+03	1.467679E-17	5.357326E-19
4.960000E+03	1.478537E-17	5.396933E-19
4.970000E+03	1.489398E-17	5.436554E-19
4.980000E+03	1.500229E-17	5.476062E-19
4.990000E+03	1.511051E-17	5.515537E-19
5.000000E+03	1.521844E-17	5.554907E-19
5.010000E+03	1.532583E-17	5.594081E-19
5.020000E+03	1.543275E-17	5.633081E-19
5.030000E+03	1.553892E-17	5.671811E-19
5.040000E+03	1.564426E-17	5.710232E-19
5.050000E+03	1.574859E-17	5.748287E-19
5.060000E+03	1.585178E-17	5.785928E-19
5.070000E+03	1.595354E-17	5.823044E-19
5.080000E+03	1.605383E-17	5.859625E-19
5.090000E+03	1.615232E-17	5.895548E-19
5.100000E+03	1.624882E-17	5.930746E-19
5.110000E+03	1.634299E-17	5.965089E-19
5.120000E+03	1.643477E-17	5.998562E-19
5.130000E+03	1.652366E-17	6.030984E-19
5.140000E+03	1.660980E-17	6.062396E-19
5.150000E+03	1.669265E-17	6.092611E-19
5.160000E+03	1.677222E-17	6.121627E-19
5.170000E+03	1.684814E-17	6.149310E-19
5.180000E+03	1.692006E-17	6.175536E-19
5.190000E+03	1.698797E-17	6.200295E-19
5.200000E+03	1.705150E-17	6.223457E-19
5.210000E+03	1.711047E-17	6.244955E-19
5.220000E+03	1.716468E-17	6.264714E-19
5.230000E+03	1.721375E-17	6.282599E-19
5.240000E+03	1.725748E-17	6.298536E-19
5.250000E+03	1.729551E-17	6.312387E-19
5.260000E+03	1.732775E-17	6.324131E-19
5.270000E+03	1.735384E-17	6.333627E-19
5.280000E+03	1.737354E-17	6.340792E-19
5.290000E+03	1.738663E-17	6.345543E-19
5.300000E+03	1.739271E-17	6.347739E-19
5.310000E+03	1.739155E-17	6.347292E-19
5.320000E+03	1.738297E-17	6.344132E-19
5.330000E+03	1.736673E-17	6.338180E-19
5.340000E+03	1.734250E-17	6.329314E-19
5.350000E+03	1.731028E-17	6.317532E-19
5.360000E+03	1.726996E-17	6.302792E-19
5.370000E+03	1.722144E-17	6.285059E-19
5.380000E+03	1.716450E-17	6.264256E-19
5.390000E+03	1.709950E-17	6.240507E-19
5.400000E+03	1.702631E-17	6.213772E-19
5.410000E+03	1.694541E-17	6.184224E-19
5.420000E+03	1.685682E-17	6.151871E-19
5.430000E+03	1.676098E-17	6.116870E-19
5.440000E+03	1.665820E-17	6.079337E-19
5.450000E+03	1.654922E-17	6.039544E-19
5.460000E+03	1.643435E-17	5.997599E-19
5.470000E+03	1.631394E-17	5.953634E-19
5.480000E+03	1.618828E-17	5.907751E-19
5.490000E+03	1.605801E-17	5.860190E-19
5.500000E+03	1.592352E-17	5.811088E-19
5.510000E+03	1.578543E-17	5.760670E-19
5.520000E+03	1.564436E-17	5.709168E-19
5.530000E+03	1.550099E-17	5.656826E-19
5.540000E+03	1.535600E-17	5.603891E-19
5.550000E+03	1.521023E-17	5.550675E-19
5.560000E+03	1.506439E-17	5.497431E-19
5.570000E+03	1.491945E-17	5.444520E-19
5.580000E+03	1.477595E-17	5.392132E-19
5.590000E+03	1.463496E-17	5.340662E-19
5.600000E+03	1.449694E-17	5.290273E-19
5.610000E+03	1.436272E-17	5.241274E-19
5.620000E+03	1.423308E-17	5.193946E-19
5.630000E+03	1.410831E-17	5.148394E-19
5.640000E+03	1.398931E-17	5.104951E-19
5.650000E+03	1.387638E-17	5.063721E-19
5.660000E+03	1.376973E-17	5.024782E-19
5.670000E+03	1.367003E-17	4.988382E-19
5.680000E+03	1.357724E-17	4.954504E-19
5.690000E+03	1.349162E-17	4.923242E-19
5.700000E+03	1.341344E-17	4.894692E-19
5.710000E+03	1.334269E-17	4.868856E-19
5.720000E+03	1.327940E-17	4.845742E-19
5.730000E+03	1.322353E-17	4.825337E-19
5.740000E+03	1.317516E-17	4.807670E-19
5.750000E+03	1.313438E-17	4.792768E-19
5.760000E+03	1.310083E-17	4.780511E-19
5.770000E+03	1.307489E-17	4.771025E-19
5.780000E+03	1.305623E-17	4.764197E-19
5.790000E+03	1.304513E-17	4.760128E-19
5.800000E+03	1.304143E-17	4.758760E-19
5.810000E+03	1.304532E-17	4.760165E-19
5.820000E+03	1.305683E-17	4.764345E-19
5.830000E+03	1.307617E-17	4.771382E-19
5.840000E+03	1.310323E-17	4.781240E-19
5.850000E+03	1.313810E-17	4.793944E-19
5.860000E+03	1.318097E-17	4.809569E-19
5.870000E+03	1.323205E-17	4.828191E-19
5.880000E+03	1.329114E-17	4.849731E-19
5.890000E+03	1.335854E-17	4.874307E-19
5.900000E+03	1.343420E-17	4.901897E-19
5.910000E+03	1.351831E-17	4.932567E-19
5.920000E+03	1.361091E-17	4.966335E-19
5.930000E+03	1.371186E-17	5.003149E-19
5.940000E+03	1.382132E-17	5.043072E-19
5.950000E+03	1.393930E-17	5.086099E-19
5.960000E+03	1.406560E-17	5.132162E-19
5.970000E+03	1.420047E-17	5.181354E-19
5.980000E+03	1.434352E-17	5.233528E-19
5.990000E+03	1.449479E-17	5.288705E-19
6.000000E+03	1.465415E-17	5.346830E-19
6.010000E+03	1.482127E-17	5.407786E-19
6.020000E+03	1.499611E-17	5.471557E-19
6.030000E+03	1.517807E-17	5.537928E-19
6.040000E+03	1.536724E-17	5.606929E-19
6.050000E+03	1.556294E-17	5.678309E-19
6.060000E+03	1.576499E-17	5.752007E-19
6.070000E+03	1.597279E-17	5.827807E-19
6.080000E+03	1.618592E-17	5.905545E-19
6.090000E+03	1.640366E-17	5.984967E-19
6.100000E+03	1.662527E-17	6.065799E-19
6.110000E+03	1.685036E-17	6.147902E-19
6.120000E+03	1.707767E-17	6.230815E-19
6.130000E+03	1.730672E-17	6.314362E-19
6.140000E+03	1.753635E-17	6.398119E-19
6.150000E+03	1.776582E-17	6.481814E-19
6.160000E+03	1.799345E-17	6.564843E-19
6.170000E+03	1.821869E-17	6.646997E-19
6.180000E+03	1.844009E-17	6.727747E-19
6.190000E+03	1.865671E-17	6.806756E-19
6.200000E+03	1.886745E-17	6.883617E-19
6.210000E+03	1.907224E-17	6.958308E-19
6.220000E+03	1.927139E-17	7.030942E-19
6.230000E+03	1.946536E-17	7.101685E-19
6.240000E+03	1.965472E-17	7.170744E-19
6.250000E+03	1.983935E-17	7.238079E-19
6.260000E+03	2.002049E-17	7.304139E-19
6.270000E+03	2.019787E-17	7.368829E-19
6.280000E+03	2.037233E-17	7.432450E-19
6.290000E+03	2.054447E-17	7.495226E-19
6.300000E+03	2.071409E-17	7.557084E-19
6.310000E+03	2.088185E-17	7.618261E-19
6.320000E+03	2.104814E-17	7.678903E-19
6.330000E+03	2.121335E-17	7.739152E-19
6.340000E+03	2.137734E-17	7.798950E-19
6.350000E+03	2.154051E-17	7.858454E-19
6.360000E+03	2.170300E-17	7.917707E-19
6.370000E+03	2.186496E-17	7.976771E-19
6.380000E+03	2.202622E-17	8.035574E-19
6.390000E+03	2.218660E-17	8.094058E-19
6.400000E+03	2.234592E-17	8.152156E-19
6.410000E+03	2.250428E-17	8.209902E-19
6.420000E+03	2.266149E-17	8.267228E-19
6.430000E+03	2.281665E-17	8.323806E-19
6.440000E+03	2.297084E-17	8.380031E-19
6.450000E+03	2.312415E-17	8.435934E-19
6.460000E+03	2.327705E-17	8.491688E-19
6.470000E+03	2.343033E-17	8.547582E-19
6.480000E+03	2.358379E-17	8.603540E-19
6.490000E+03	2.373827E-17	8.659868E-19
6.500000E+03	2.389390E-17	8.716616E-19
6.510000E+03	2.405117E-17	8.773964E-19
6.520000E+03	2.420949E-17	8.831696E-19
6.530000E+03	2.437011E-17	8.890265E-19
6.540000E+03	2.453241E-17	8.949448E-19
6.550000E+03	2.469688E-17	9.009420E-19
6.560000E+03	2.486365E-17	9.070234E-19
6.570000E+03	2.503244E-17	9.131783E-19
6.580000E+03	2.520376E-17	9.194254E-19
6.590000E+03	2.537773E-17	9.257691E-19
6.600000E+03	2.555405E-17	9.321990E-19
6.610000E+03	2.573283E-17	9.387180E-19
6.620000E+03	2.591415E-17	9.453302E-19
6.630000E+03	2.609856E-17	9.520547E-19
6.640000E+03	2.628528E-17	9.588635E-19
6.650000E+03	2.647481E-17	9.657751E-19
6.660000E+03	2.666724E-17	9.727922E-19
6.670000E+03	2.686216E-17	9.799004E-19
6.680000E+03	2.706009E-17	9.871181E-19
6.690000E+03	2.726062E-17	9.944308E-19
6.700000E+03	2.746422E-17	1.001856E-18
6.710000E+03	2.767002E-17	1.009361E-18
6.720000E+03	2.787850E-17	1.016963E-18
6.730000E+03	2.809017E-17	1.024682E-18
6.740000E+03	2.830409E-17	1.032484E-18
6.750000E+03	2.852079E-17	1.040386E-18
6.760000E+03	2.873980E-17	1.048373E-18
6.770000E+03	2.896166E-17	1.056464E-18
6.780000E+03	2.918590E-17	1.064641E-18
6.790000E+03	2.941257E-17	1.072907E-18
6.800000E+03	2.964223E-17	1.081283E-18
6.810000E+03	2.987388E-17	1.089730E-18
6.820000E+03	3.010862E-17	1.098291E-18
6.830000E+03	3.034542E-17	1.106927E-18
6.840000E+03	3.058541E-17	1.115679E-18
6.850000E+03	3.082748E-17	1.124507E-18
6.860000E+03	3.107164E-17	1.133412E-18
6.870000E+03	3.131843E-17	1.142412E-18
6.880000E+03	3.156784E-17	1.151508E-18
6.890000E+03	3.181862E-17	1.160654E-18
6.900000E+03	3.207189E-17	1.169890E-18
6.910000E+03	3.232697E-17	1.179193E-18
6.920000E+03	3.258435E-17	1.188580E-18
6.930000E+03	3.284268E-17	1.198001E-18
6.940000E+03	3.310244E-17	1.207475E-18
6.950000E+03	3.336347E-17	1.216995E-18
6.960000E+03	3.362499E-17	1.226533E-18
6.970000E+03	3.388745E-17	1.236105E-18
6.980000E+03	3.415070E-17	1.245706E-18
6.990000E+03	3.441390E-17	1.255305E-18
7.000000E+03	3.467687E-17	1.264896E-18
7.010000E+03	3.493945E-17	1.274473E-18
7.020000E+03	3.520217E-17	1.284055E-18
7.030000E+03	3.546349E-17	1.293586E-18
7.040000E+03	3.572467E-17	1.303111E-18
7.050000E+03	3.598418E-17	1.312576E-18
7.060000E+03	3.624260E-17	1.322002E-18
7.070000E+03	3.649912E-17	1.331358E-18
7.080000E+03	3.675437E-17	1.340668E-18
7.090000E+03	3.700829E-17	1.349929E-18
7.100000E+03	3.726007E-17	1.359113E-18
7.110000E+03	3.750893E-17	1.368189E-18
7.120000E+03	3.775632E-17	1.377213E-18
7.130000E+03	3.800150E-17	1.386156E-18
7.140000E+03	3.824445E-17	1.395018E-18
7.150000E+03	3.848518E-17	1.403799E-18
7.160000E+03	3.872293E-17	1.412471E-18
7.170000E+03	3.895852E-17	1.421064E-18
7.180000E+03	3.919118E-17	1.429551E-18
7.190000E+03	3.942096E-17	1.437933E-18
7.200000E+03	3.964874E-17	1.446242E-18
7.210000E+03	3.987376E-17	1.454451E-18
7.220000E+03	4.009691E-17	1.462591E-18
7.230000E+03	4.031659E-17	1.470605E-18
7.240000E+03	4.053365E-17	1.478524E-18
7.250000E+03	4.074813E-17	1.486348E-18
7.260000E+03	4.096002E-17	1.494078E-18
7.270000E+03	4.116927E-17	1.501713E-18
7.280000E+03	4.137585E-17	1.509250E-18
7.290000E+03	4.157875E-17	1.516652E-18
7.300000E+03	4.177875E-17	1.523950E-18
7.310000E+03	4.197570E-17	1.531135E-18
7.320000E+03	4.216943E-17	1.538204E-18
7.330000E+03	4.235888E-17	1.545117E-18
7.340000E+03	4.254476E-17	1.551900E-18
7.350000E+03	4.272787E-17	1.558582E-18
7.360000E+03	4.290616E-17	1.565088E-18
7.370000E+03	4.308043E-17	1.571448E-18
7.380000E+03	4.325054E-17	1.577656E-18
7.390000E+03	4.341736E-17	1.583745E-18
7.400000E+03	4.357983E-17	1.589675E-18
7.410000E+03	4.373890E-17	1.595481E-18
7.420000E+03	4.389554E-17	1.601199E-18
7.430000E+03	4.404883E-17	1.606795E-18
7.440000E+03	4.420085E-17	1.612344E-18
7.450000E+03	4.434975E-17	1.617781E-18
7.460000E+03	4.449672E-17	1.623146E-18
7.470000E+03	4.464095E-17	1.628413E-18
7.480000E+03	4.478368E-17	1.633625E-18
7.490000E+03	4.492314E-17	1.638717E-18
7.500000E+03	4.506057E-17	1.643736E-18
7.510000E+03	4.519621E-17	1.648690E-18
7.520000E+03	4.532915E-17	1.653545E-18
7.530000E+03	4.546164E-17	1.658385E-18
7.540000E+03	4.559166E-17	1.663134E-18
7.550000E+03	4.572034E-17	1.667835E-18
7.560000E+03	4.584668E-17	1.672451E-18
7.570000E+03	4.597183E-17	1.677024E-18
7.580000E+03	4.609479E-17	1.681517E-18
7.590000E+03	4.621674E-17	1.685974E-18
7.600000E+03	4.633666E-17	1.690356E-18
7.610000E+03	4.645461E-17	1.694667E-18
7.620000E+03	4.657176E-17	1.698950E-18
7.630000E+03	4.668700E-17	1.703162E-18
7.640000E+03	4.680033E-17	1.707306E-18
7.650000E+03	4.691283E-17	1.711419E-18
7.660000E+03	4.702332E-17	1.715459E-18
7.670000E+03	4.713284E-17	1.719465E-18
7.680000E+03	4.723897E-17	1.723346E-18
7.690000E+03	4.734387E-17	1.727183E-18
7.700000E+03	4.744740E-17	1.730971E-18
7.710000E+03	4.754823E-17	1.734660E-18
7.720000E+03	4.764735E-17	1.738286E-18
7.730000E+03	4.774339E-17	1.741801E-18
7.740000E+03	4.783616E-17	1.745197E-18
7.750000E+03	4.792664E-17	1.748509E-18
7.760000E+03	4.801463E-17	1.751731E-18
7.770000E+03	4.809990E-17	1.754854E-18
7.780000E+03	4.818097E-17	1.757824E-18
7.790000E+03	4.825879E-17	1.760675E-18
7.800000E+03	4.833309E-17	1.763399E-18
7.810000E+03	4.840356E-17	1.765982E-18
7.820000E+03	4.846988E-17	1.768415E-18
7.830000E+03	4.853175E-17	1.770685E-18
7.840000E+03	4.859008E-17	1.772827E-18
7.850000E+03	4.864332E-17	1.774782E-18
7.860000E+03	4.869113E-17	1.776541E-18
7.870000E+03	4.873322E-17	1.778090E-18
7.880000E+03	4.877185E-17	1.779513E-18
7.890000E+03	4.880418E-17	1.780707E-18
7.900000E+03	4.883125E-17	1.781709E-18
7.910000E+03	4.885152E-17	1.782463E-18
7.920000E+03	4.886738E-17	1.783056E-18
7.930000E+03	4.887867E-17	1.783483E-18
7.940000E+03	4.888263E-17	1.783642E-18
7.950000E+03	4.888309E-17	1.783674E-18
7.960000E+03	4.887867E-17	1.783528E-18
7.970000E+03	4.886936E-17	1.783203E-18
7.980000E+03	4.885649E-17	1.782749E-18
7.990000E+03	4.883881E-17	1.782120E-18
8.000000E+03	4.881507E-17	1.781269E-18
8.010000E+03	4.878806E-17	1.780299E-18
8.020000E+03	4.875393E-17	1.779070E-18
8.030000E+03	4.871690E-17	1.777735E-18
8.040000E+03	4.867316E-17	1.776155E-18
8.050000E+03	4.862566E-17	1.774437E-18
8.060000E+03	4.857198E-17	1.772495E-18
8.070000E+03	4.851511E-17	1.770436E-18
8.080000E+03	4.845269E-17	1.768175E-18
8.090000E+03	4.838641E-17	1.765772E-18
8.100000E+03	4.831527E-17	1.763193E-18
8.110000E+03	4.824100E-17	1.760500E-18
8.120000E+03	4.816397E-17	1.757705E-18
8.130000E+03	4.808187E-17	1.754726E-18
8.140000E+03	4.799780E-17	1.751675E-18
8.150000E+03	4.791079E-17	1.748517E-18
8.160000E+03	4.782122E-17	1.745265E-18
8.170000E+03	4.772815E-17	1.741885E-18
8.180000E+03	4.763464E-17	1.738490E-18
8.190000E+03	4.753835E-17	1.734993E-18
8.200000E+03	4.744101E-17	1.731458E-18
8.210000E+03	4.734297E-17	1.727897E-18
8.220000E+03	4.724323E-17	1.724274E-18
8.230000E+03	4.714211E-17	1.720601E-18
8.240000E+03	4.704131E-17	1.716940E-18
8.250000E+03	4.694114E-17	1.713301E-18
8.260000E+03	4.683923E-17	1.709599E-18
8.270000E+03	4.673857E-17	1.705943E-18
8.280000E+03	4.663815E-17	1.702296E-18
8.290000E+03	4.653826E-17	1.698668E-18
8.300000E+03	4.643919E-17	1.695069E-18
8.310000E+03	4.634124E-17	1.691512E-18
8.320000E+03	4.624469E-17	1.688006E-18
8.330000E+03	4.614981E-17	1.684560E-18
8.340000E+03	4.605686E-17	1.681185E-18
8.350000E+03	4.596609E-17	1.677890E-18
8.360000E+03	4.587637E-17	1.674633E-18
8.370000E+03	4.578927E-17	1.671472E-18
8.380000E+03	4.570497E-17	1.668413E-18
8.390000E+03	4.562233E-17	1.665414E-18
8.400000E+03	4.554283E-17	1.662530E-18
8.410000E+03	4.546528E-17	1.659718E-18
8.420000E+03	4.539117E-17	1.657030E-18
8.430000E+03	4.531926E-17	1.654423E-18
8.440000E+03	4.524967E-17	1.651901E-18
8.450000E+03	4.518381E-17	1.649515E-18
8.460000E+03	4.512045E-17	1.647221E-18
8.470000E+03	4.505964E-17	1.645019E-18
8.480000E+03	4.500147E-17	1.642914E-18
8.490000E+03	4.494597E-17	1.640906E-18
8.500000E+03	4.489321E-17	1.638998E-18
8.510000E+03	4.484190E-17	1.637144E-18
8.520000E+03	4.479475E-17	1.635441E-18
8.530000E+03	4.475049E-17	1.633844E-18
8.540000E+03	4.470780E-17	1.632303E-18
8.550000E+03	4.466805E-17	1.630871E-18
8.560000E+03	4.462996E-17	1.629499E-18
8.570000E+03	4.459491E-17	1.628238E-18
8.580000E+03	4.456159E-17	1.627040E-18
8.590000E+03	4.453138E-17	1.625955E-18
8.600000E+03	4.450296E-17	1.624937E-18
8.610000E+03	4.447637E-17	1.623985E-18
8.620000E+03	4.445164E-17	1.623101E-18
8.630000E+03	4.442881E-17	1.622286E-18
8.640000E+03	4.440928E-17	1.621592E-18
8.650000E+03	4.439034E-17	1.620919E-18
8.660000E+03	4.437339E-17	1.620319E-18
8.670000E+03	4.435709E-17	1.619743E-18
8.680000E+03	4.434423E-17	1.619293E-18
8.690000E+03	4.433069E-17	1.618817E-18
8.700000E+03	4.432069E-17	1.618471E-18
8.710000E+03	4.431006E-17	1.618102E-18
8.720000E+03	4.430164E-17	1.617814E-18
8.730000E+03	4.429265E-17	1.617505E-18
8.740000E+03	4.428595E-17	1.617279E-18
8.750000E+03	4.428017E-17	1.617088E-18
8.760000E+03	4.427389E-17	1.616878E-18
8.770000E+03	4.426713E-17	1.616650E-18
8.780000E+03	4.426132E-17	1.616458E-18
8.790000E+03	4.425505E-17	1.616248E-18
8.800000E+03	4.424827E-17	1.616020E-18
8.810000E+03	4.424097E-17	1.615773E-18
8.820000E+03	4.423164E-17	1.615452E-18
8.830000E+03	4.422025E-17	1.615055E-18
8.840000E+03	4.420670E-17	1.614580E-18
8.850000E+03	4.418944E-17	1.613969E-18
8.860000E+03	4.417135E-17	1.613328E-18
8.870000E+03	4.415084E-17	1.612599E-18
8.880000E+03	4.413085E-17	1.611888E-18
8.890000E+03	4.410978E-17	1.611139E-18
8.900000E+03	4.408907E-17	1.610402E-18
8.910000E+03	4.406710E-17	1.609619E-18
8.920000E+03	4.404838E-17	1.608955E-18
8.930000E+03	4.402977E-17	1.608295E-18
8.940000E+03	4.401271E-17	1.607692E-18
8.950000E+03	4.399869E-17	1.607200E-18
8.960000E+03	4.398605E-17	1.606758E-18
8.970000E+03	4.397469E-17	1.606363E-18
8.980000E+03	4.396612E-17	1.606070E-18
8.990000E+03	4.396022E-17	1.605875E-18
9.000000E+03	4.395691E-17	1.605774E-18
9.040000E+03	4.397253E-17	1.606425E-18
9.080000E+03	4.403633E-17	1.608836E-18
9.120000E+03	4.415484E-17	1.613247E-18
9.160000E+03	4.432725E-17	1.619627E-18
9.200000E+03	4.455599E-17	1.628067E-18
9.240000E+03	4.483996E-17	1.638526E-18
9.280000E+03	4.517640E-17	1.650902E-18
9.320000E+03	4.556278E-17	1.665106E-18
9.360000E+03	4.599424E-17	1.680958E-18
9.400000E+03	4.646271E-17	1.698163E-18
9.440000E+03	4.696156E-17	1.716481E-18
9.480000E+03	4.747875E-17	1.735470E-18
9.520000E+03	4.799895E-17	1.754571E-18
9.560000E+03	4.851481E-17	1.773513E-18
9.600000E+03	4.901066E-17	1.791727E-18
9.640000E+03	4.947032E-17	1.808617E-18
9.680000E+03	4.988385E-17	1.823822E-18
9.720000E+03	5.022868E-17	1.836516E-18
9.760000E+03	5.049965E-17	1.846510E-18
9.800000E+03	5.067218E-17	1.852904E-18
9.840000E+03	5.074504E-17	1.855653E-18
9.880000E+03	5.070507E-17	1.854275E-18
9.920000E+03	5.054923E-17	1.848659E-18
9.960000E+03	5.026481E-17	1.838338E-18
1.000000E+04	4.985758E-17	1.823524E-18
1.004000E+04	4.932353E-17	1.804069E-18
1.008000E+04	4.867455E-17	1.780407E-18
1.012000E+04	4.790842E-17	1.752457E-18
1.016000E+04	4.703837E-17	1.720703E-18
1.020000E+04	4.607917E-17	1.685683E-18
1.024000E+04	4.503732E-17	1.647636E-18
1.028000E+04	4.393278E-17	1.607291E-18
1.032000E+04	4.276741E-17	1.564716E-18
