#wls	flux	fluxerr
1.600000E+03	5.516847E-16	1.786394E-17
1.640000E+03	5.676571E-16	1.825463E-17
1.680000E+03	5.848478E-16	1.867410E-17
1.720000E+03	6.033050E-16	1.912271E-17
1.760000E+03	6.231306E-16	1.960243E-17
1.800000E+03	6.444811E-16	2.011679E-17
1.840000E+03	6.672966E-16	2.066243E-17
1.880000E+03	6.917887E-16	2.124429E-17
1.920000E+03	7.180076E-16	2.186215E-17
1.960000E+03	7.460054E-16	2.251573E-17
2.000000E+03	7.757834E-16	2.320307E-17
2.040000E+03	8.073995E-16	2.392385E-17
2.080000E+03	8.408087E-16	2.467458E-17
2.120000E+03	8.758656E-16	2.544881E-17
2.160000E+03	9.125904E-16	2.624499E-17
2.200000E+03	9.507984E-16	2.705560E-17
2.240000E+03	9.903668E-16	2.787505E-17
2.280000E+03	1.031288E-15	2.870102E-17
2.320000E+03	1.073671E-15	2.953434E-17
2.360000E+03	1.117792E-15	3.038022E-17
2.400000E+03	1.163996E-15	3.124526E-17
2.440000E+03	1.212643E-15	3.213589E-17
2.480000E+03	1.264272E-15	3.306263E-17
2.520000E+03	1.319290E-15	3.403172E-17
2.560000E+03	1.378241E-15	3.505219E-17
2.600000E+03	1.441552E-15	3.612915E-17
2.640000E+03	1.509747E-15	3.726934E-17
2.680000E+03	1.583306E-15	3.847738E-17
2.720000E+03	1.662775E-15	3.975857E-17
2.760000E+03	1.748785E-15	4.111909E-17
2.800000E+03	1.842012E-15	4.256488E-17
2.840000E+03	1.943252E-15	4.410325E-17
2.880000E+03	2.053550E-15	4.574541E-17
2.920000E+03	2.174015E-15	4.750185E-17
2.960000E+03	2.306234E-15	4.939107E-17
3.000000E+03	2.451873E-15	5.143001E-17
3.010000E+03	2.490684E-15	5.196707E-17
3.020000E+03	2.530464E-15	5.251451E-17
3.030000E+03	2.571241E-15	5.307253E-17
3.040000E+03	2.613164E-15	5.364379E-17
3.050000E+03	2.656209E-15	5.422740E-17
3.060000E+03	2.700412E-15	5.482360E-17
3.070000E+03	2.745869E-15	5.543391E-17
3.080000E+03	2.792556E-15	5.605739E-17
3.090000E+03	2.840515E-15	5.669436E-17
3.100000E+03	2.889905E-15	5.734751E-17
3.110000E+03	2.940649E-15	5.801474E-17
3.120000E+03	2.992850E-15	5.869756E-17
3.130000E+03	3.046491E-15	5.939508E-17
3.140000E+03	3.101802E-15	6.011115E-17
3.150000E+03	3.158646E-15	6.084253E-17
3.160000E+03	3.217130E-15	6.159064E-17
3.170000E+03	3.277364E-15	6.235694E-17
3.180000E+03	3.339396E-15	6.314165E-17
3.190000E+03	3.403151E-15	6.394262E-17
3.200000E+03	3.468861E-15	6.476355E-17
3.210000E+03	3.536447E-15	6.560215E-17
3.220000E+03	3.606017E-15	6.645971E-17
3.230000E+03	3.677545E-15	6.733494E-17
3.240000E+03	3.751134E-15	6.822894E-17
3.250000E+03	3.826816E-15	6.914145E-17
3.260000E+03	3.904615E-15	7.007207E-17
3.270000E+03	3.984480E-15	7.101904E-17
3.280000E+03	4.066482E-15	7.198279E-17
3.290000E+03	4.150614E-15	7.296229E-17
3.300000E+03	4.236780E-15	7.395505E-17
3.310000E+03	4.325001E-15	7.496058E-17
3.320000E+03	4.415136E-15	7.597560E-17
3.330000E+03	4.507151E-15	7.699874E-17
3.340000E+03	4.600838E-15	7.802568E-17
3.350000E+03	4.696013E-15	7.905262E-17
3.360000E+03	4.792438E-15	8.007496E-17
3.370000E+03	4.889821E-15	8.108728E-17
3.380000E+03	4.987799E-15	8.208319E-17
3.390000E+03	5.085856E-15	8.305393E-17
3.400000E+03	5.183540E-15	8.399209E-17
3.410000E+03	5.280081E-15	8.488536E-17
3.420000E+03	5.374917E-15	8.572513E-17
3.430000E+03	5.467088E-15	8.649682E-17
3.440000E+03	5.555701E-15	8.718738E-17
3.450000E+03	5.639788E-15	8.778302E-17
3.460000E+03	5.718237E-15	8.826832E-17
3.470000E+03	5.790051E-15	8.863015E-17
3.480000E+03	5.854062E-15	8.885329E-17
3.490000E+03	5.909106E-15	8.892328E-17
3.500000E+03	5.954138E-15	8.882797E-17
3.510000E+03	5.988106E-15	8.855572E-17
3.520000E+03	6.010208E-15	8.809911E-17
3.530000E+03	6.019478E-15	8.744877E-17
3.540000E+03	6.015417E-15	8.660259E-17
3.550000E+03	5.997579E-15	8.555950E-17
3.560000E+03	5.965828E-15	8.432303E-17
3.570000E+03	5.920154E-15	8.289863E-17
3.580000E+03	5.860927E-15	8.129699E-17
3.590000E+03	5.788985E-15	7.953508E-17
3.600000E+03	5.705241E-15	7.763046E-17
3.610000E+03	5.611238E-15	7.560870E-17
3.620000E+03	5.508686E-15	7.349679E-17
3.630000E+03	5.399465E-15	7.132309E-17
3.640000E+03	5.285681E-15	6.911790E-17
3.650000E+03	5.169607E-15	6.691256E-17
3.660000E+03	5.053468E-15	6.473660E-17
3.670000E+03	4.939722E-15	6.262131E-17
3.680000E+03	4.830647E-15	6.059440E-17
3.690000E+03	4.728674E-15	5.868428E-17
3.700000E+03	4.636123E-15	5.691667E-17
3.710000E+03	4.555284E-15	5.531570E-17
3.720000E+03	4.488243E-15	5.390180E-17
3.730000E+03	4.437057E-15	5.269394E-17
3.740000E+03	4.403624E-15	5.170812E-17
3.750000E+03	4.389784E-15	5.095867E-17
3.760000E+03	4.397257E-15	5.045753E-17
3.770000E+03	4.427754E-15	5.021563E-17
3.780000E+03	4.482907E-15	5.024211E-17
3.790000E+03	4.564311E-15	5.054484E-17
3.800000E+03	4.673637E-15	5.113171E-17
3.810000E+03	4.812239E-15	5.200629E-17
3.820000E+03	4.981469E-15	5.317143E-17
3.830000E+03	5.182371E-15	5.462610E-17
3.840000E+03	5.415401E-15	5.636258E-17
3.850000E+03	5.680464E-15	5.836737E-17
3.860000E+03	5.976631E-15	6.061858E-17
3.870000E+03	6.301808E-15	6.308326E-17
3.880000E+03	6.652546E-15	6.571623E-17
3.890000E+03	7.023758E-15	6.845829E-17
3.900000E+03	7.408801E-15	7.123803E-17
3.910000E+03	7.799366E-15	7.397183E-17
3.920000E+03	8.185735E-15	7.656730E-17
3.930000E+03	8.557153E-15	7.892763E-17
3.940000E+03	8.902414E-15	8.095754E-17
3.950000E+03	9.210689E-15	8.257096E-17
3.960000E+03	9.472093E-15	8.369571E-17
3.970000E+03	9.678415E-15	8.427921E-17
3.980000E+03	9.824158E-15	8.429619E-17
3.990000E+03	9.906419E-15	8.374600E-17
4.000000E+03	9.925512E-15	8.265602E-17
4.010000E+03	9.884648E-15	8.107701E-17
4.020000E+03	9.789605E-15	7.907856E-17
4.030000E+03	9.648473E-15	7.674554E-17
4.040000E+03	9.470465E-15	7.416736E-17
4.050000E+03	9.265642E-15	7.143520E-17
4.060000E+03	9.043927E-15	6.863410E-17
4.070000E+03	8.814615E-15	6.583947E-17
4.080000E+03	8.585986E-15	6.311471E-17
4.090000E+03	8.365092E-15	6.051036E-17
4.100000E+03	8.157398E-15	5.806237E-17
4.110000E+03	7.967032E-15	5.579484E-17
4.120000E+03	7.796908E-15	5.372170E-17
4.130000E+03	7.648403E-15	5.184532E-17
4.140000E+03	7.522064E-15	5.016204E-17
4.150000E+03	7.417522E-15	4.866216E-17
4.160000E+03	7.333708E-15	4.733186E-17
4.170000E+03	7.269025E-15	4.615460E-17
4.180000E+03	7.221492E-15	4.511235E-17
4.190000E+03	7.188856E-15	4.418643E-17
4.200000E+03	7.168705E-15	4.335830E-17
4.210000E+03	7.158572E-15	4.261023E-17
4.220000E+03	7.156009E-15	4.192572E-17
4.230000E+03	7.158562E-15	4.128928E-17
4.240000E+03	7.163911E-15	4.068717E-17
4.250000E+03	7.169879E-15	4.010735E-17
4.260000E+03	7.174350E-15	3.953890E-17
4.270000E+03	7.175239E-15	3.897175E-17
4.280000E+03	7.170851E-15	3.839855E-17
4.290000E+03	7.159672E-15	3.781332E-17
4.300000E+03	7.140465E-15	3.721182E-17
4.310000E+03	7.112280E-15	3.659148E-17
4.320000E+03	7.074361E-15	3.595075E-17
4.330000E+03	7.026312E-15	3.528980E-17
4.340000E+03	6.967500E-15	3.460749E-17
4.350000E+03	6.897362E-15	3.390268E-17
4.360000E+03	6.814727E-15	3.317039E-17
4.370000E+03	6.717881E-15	3.240264E-17
4.380000E+03	6.604898E-15	3.159041E-17
4.390000E+03	6.475203E-15	3.073107E-17
4.400000E+03	6.336198E-15	2.985929E-17
4.410000E+03	6.202017E-15	2.904009E-17
4.420000E+03	6.085628E-15	2.833135E-17
4.430000E+03	5.997418E-15	2.777790E-17
4.440000E+03	5.945168E-15	2.741207E-17
4.450000E+03	5.934078E-15	2.725426E-17
4.460000E+03	5.967203E-15	2.731539E-17
4.470000E+03	6.045824E-15	2.759876E-17
4.480000E+03	6.169454E-15	2.810024E-17
4.490000E+03	6.336208E-15	2.880999E-17
4.500000E+03	6.542580E-15	2.971138E-17
4.510000E+03	6.783323E-15	3.078044E-17
4.520000E+03	7.051454E-15	3.198576E-17
4.530000E+03	7.338312E-15	3.328858E-17
4.540000E+03	7.633916E-15	3.464430E-17
4.550000E+03	7.927423E-15	3.600432E-17
4.560000E+03	8.207592E-15	3.731802E-17
4.570000E+03	8.463481E-15	3.853571E-17
4.580000E+03	8.685352E-15	3.961270E-17
4.590000E+03	8.864691E-15	4.050929E-17
4.600000E+03	8.995011E-15	4.119444E-17
4.610000E+03	9.072183E-15	4.164737E-17
4.620000E+03	9.094210E-15	4.185662E-17
4.630000E+03	9.060832E-15	4.181841E-17
4.640000E+03	8.974065E-15	4.153920E-17
4.650000E+03	8.836990E-15	4.103035E-17
4.660000E+03	8.654815E-15	4.031316E-17
4.670000E+03	8.433900E-15	3.941448E-17
4.680000E+03	8.181741E-15	3.836685E-17
4.690000E+03	7.906588E-15	3.720681E-17
4.700000E+03	7.616919E-15	3.597253E-17
4.710000E+03	7.320900E-15	3.470129E-17
4.720000E+03	7.025259E-15	3.342416E-17
4.730000E+03	6.734943E-15	3.216419E-17
4.740000E+03	6.452584E-15	3.093350E-17
4.750000E+03	6.177853E-15	2.973015E-17
4.760000E+03	5.908113E-15	2.854116E-17
4.770000E+03	5.638928E-15	2.734477E-17
4.780000E+03	5.366961E-15	2.612434E-17
4.790000E+03	5.094394E-15	2.489005E-17
4.800000E+03	4.832228E-15	2.369560E-17
4.810000E+03	4.592471E-15	2.260052E-17
4.820000E+03	4.384058E-15	2.165006E-17
4.830000E+03	4.212170E-15	2.087148E-17
4.840000E+03	4.078998E-15	2.027748E-17
4.850000E+03	3.984233E-15	1.986839E-17
4.860000E+03	3.925774E-15	1.963544E-17
4.870000E+03	3.900310E-15	1.956356E-17
4.880000E+03	3.903551E-15	1.963245E-17
4.890000E+03	3.930266E-15	1.981671E-17
4.900000E+03	3.974569E-15	2.008727E-17
4.910000E+03	4.029928E-15	2.041140E-17
4.920000E+03	4.089830E-15	2.075613E-17
4.930000E+03	4.148295E-15	2.109089E-17
4.940000E+03	4.200489E-15	2.139075E-17
4.950000E+03	4.243164E-15	2.163874E-17
4.960000E+03	4.274565E-15	2.182546E-17
4.970000E+03	4.294579E-15	2.194994E-17
4.980000E+03	4.304360E-15	2.201778E-17
4.990000E+03	4.306148E-15	2.204023E-17
5.000000E+03	4.302822E-15	2.203188E-17
5.010000E+03	4.297726E-15	2.200983E-17
5.020000E+03	4.293963E-15	2.198993E-17
5.030000E+03	4.294322E-15	2.198648E-17
5.040000E+03	4.301085E-15	2.201113E-17
5.050000E+03	4.315790E-15	2.207169E-17
5.060000E+03	4.339296E-15	2.217244E-17
5.070000E+03	4.371842E-15	2.231443E-17
5.080000E+03	4.413203E-15	2.249632E-17
5.090000E+03	4.462797E-15	2.271488E-17
5.100000E+03	4.519928E-15	2.296629E-17
5.110000E+03	4.583974E-15	2.324712E-17
5.120000E+03	4.654335E-15	2.355403E-17
5.130000E+03	4.730830E-15	2.388578E-17
5.140000E+03	4.813284E-15	2.424118E-17
5.150000E+03	4.902000E-15	2.462144E-17
5.160000E+03	4.997304E-15	2.502782E-17
5.170000E+03	5.099621E-15	2.546208E-17
5.180000E+03	5.209307E-15	2.592558E-17
5.190000E+03	5.326466E-15	2.641842E-17
5.200000E+03	5.450924E-15	2.693930E-17
5.210000E+03	5.581996E-15	2.748441E-17
5.220000E+03	5.718654E-15	2.804833E-17
5.230000E+03	5.859011E-15	2.862154E-17
5.240000E+03	6.000847E-15	2.919306E-17
5.250000E+03	6.141403E-15	2.974952E-17
5.260000E+03	6.277568E-15	3.027612E-17
5.270000E+03	6.405914E-15	3.075687E-17
5.280000E+03	6.523223E-15	3.117713E-17
5.290000E+03	6.626385E-15	3.152314E-17
5.300000E+03	6.712777E-15	3.178374E-17
5.310000E+03	6.780271E-15	3.195045E-17
5.320000E+03	6.827518E-15	3.201865E-17
5.330000E+03	6.853614E-15	3.198596E-17
5.340000E+03	6.858420E-15	3.185367E-17
5.350000E+03	6.842223E-15	3.162506E-17
5.360000E+03	6.805805E-15	3.130563E-17
5.370000E+03	6.749975E-15	3.090092E-17
5.380000E+03	6.676034E-15	3.041861E-17
5.390000E+03	6.585296E-15	2.986626E-17
5.400000E+03	6.479269E-15	2.925212E-17
5.410000E+03	6.359618E-15	2.858495E-17
5.420000E+03	6.228555E-15	2.787575E-17
5.430000E+03	6.088952E-15	2.713816E-17
5.440000E+03	5.944402E-15	2.638876E-17
5.450000E+03	5.799955E-15	2.565021E-17
5.460000E+03	5.661912E-15	2.495030E-17
5.470000E+03	5.538233E-15	2.432360E-17
5.480000E+03	5.438196E-15	2.380949E-17
5.490000E+03	5.370067E-15	2.344238E-17
5.500000E+03	5.336319E-15	2.323115E-17
5.510000E+03	5.328320E-15	2.313656E-17
5.520000E+03	5.334035E-15	2.310512E-17
5.530000E+03	5.341686E-15	2.308507E-17
5.540000E+03	5.341656E-15	2.303443E-17
5.550000E+03	5.326692E-15	2.292173E-17
5.560000E+03	5.292239E-15	2.272734E-17
5.570000E+03	5.235977E-15	2.244137E-17
5.580000E+03	5.157886E-15	2.206379E-17
5.590000E+03	5.059690E-15	2.160206E-17
5.600000E+03	4.944594E-15	2.106992E-17
5.610000E+03	4.816612E-15	2.048448E-17
5.620000E+03	4.680431E-15	1.986562E-17
5.630000E+03	4.540959E-15	1.923407E-17
5.640000E+03	4.402973E-15	1.860991E-17
5.650000E+03	4.270981E-15	1.801192E-17
5.660000E+03	4.148922E-15	1.745640E-17
5.670000E+03	4.040264E-15	1.695752E-17
5.680000E+03	3.947867E-15	1.652677E-17
5.690000E+03	3.873941E-15	1.617277E-17
5.700000E+03	3.820144E-15	1.590175E-17
5.710000E+03	3.787623E-15	1.571764E-17
5.720000E+03	3.777124E-15	1.562261E-17
5.730000E+03	3.788783E-15	1.561620E-17
5.740000E+03	3.822442E-15	1.569663E-17
5.750000E+03	3.877354E-15	1.585964E-17
5.760000E+03	3.952198E-15	1.609855E-17
5.770000E+03	4.045149E-15	1.640466E-17
5.780000E+03	4.153734E-15	1.676668E-17
5.790000E+03	4.274713E-15	1.717033E-17
5.800000E+03	4.404222E-15	1.759904E-17
5.810000E+03	4.537900E-15	1.803457E-17
5.820000E+03	4.670782E-15	1.845661E-17
5.830000E+03	4.797916E-15	1.884543E-17
5.840000E+03	4.914534E-15	1.918248E-17
5.850000E+03	5.016404E-15	1.945188E-17
5.860000E+03	5.100201E-15	1.964176E-17
5.870000E+03	5.163542E-15	1.974437E-17
5.880000E+03	5.205446E-15	1.975764E-17
5.890000E+03	5.225889E-15	1.968340E-17
5.900000E+03	5.225910E-15	1.952758E-17
5.910000E+03	5.207329E-15	1.929902E-17
5.920000E+03	5.172496E-15	1.900841E-17
5.930000E+03	5.124099E-15	1.866746E-17
5.940000E+03	5.064728E-15	1.828727E-17
5.950000E+03	4.996980E-15	1.787871E-17
5.960000E+03	4.923276E-15	1.745171E-17
5.970000E+03	4.845671E-15	1.701463E-17
5.980000E+03	4.765782E-15	1.657405E-17
5.990000E+03	4.685096E-15	1.613590E-17
6.000000E+03	4.604481E-15	1.570382E-17
6.010000E+03	4.524804E-15	1.528129E-17
6.020000E+03	4.446273E-15	1.486953E-17
6.030000E+03	4.368946E-15	1.446918E-17
6.040000E+03	4.292621E-15	1.408006E-17
6.050000E+03	4.216719E-15	1.370077E-17
6.060000E+03	4.140544E-15	1.332959E-17
6.070000E+03	4.063283E-15	1.296449E-17
6.080000E+03	3.984461E-15	1.260457E-17
6.090000E+03	3.903695E-15	1.224924E-17
6.100000E+03	3.821408E-15	1.190038E-17
6.110000E+03	3.738644E-15	1.156170E-17
6.120000E+03	3.657268E-15	1.123925E-17
6.130000E+03	3.580044E-15	1.094165E-17
6.140000E+03	3.510569E-15	1.067982E-17
6.150000E+03	3.452816E-15	1.046568E-17
6.160000E+03	3.410835E-15	1.031128E-17
6.170000E+03	3.388293E-15	1.022762E-17
6.180000E+03	3.387550E-15	1.022198E-17
6.190000E+03	3.409050E-15	1.029614E-17
6.200000E+03	3.450127E-15	1.044231E-17
6.210000E+03	3.503868E-15	1.063996E-17
6.220000E+03	3.557970E-15	1.085211E-17
6.230000E+03	3.595221E-15	1.102606E-17
6.240000E+03	3.597999E-15	1.110644E-17
6.250000E+03	3.562113E-15	1.107763E-17
6.260000E+03	3.502354E-15	1.098248E-17
6.270000E+03	3.436275E-15	1.087363E-17
6.280000E+03	3.377598E-15	1.079330E-17
6.290000E+03	3.334756E-15	1.076844E-17
6.300000E+03	3.311713E-15	1.081275E-17
6.310000E+03	3.309216E-15	1.093018E-17
6.320000E+03	3.325732E-15	1.111739E-17
6.330000E+03	3.358147E-15	1.136575E-17
6.340000E+03	3.402582E-15	1.166364E-17
6.350000E+03	3.454740E-15	1.199744E-17
6.360000E+03	3.510105E-15	1.235210E-17
6.370000E+03	3.564464E-15	1.271282E-17
6.380000E+03	3.613917E-15	1.306515E-17
6.390000E+03	3.655165E-15	1.339603E-17
6.400000E+03	3.685693E-15	1.369452E-17
6.410000E+03	3.704003E-15	1.395288E-17
6.420000E+03	3.709391E-15	1.416602E-17
6.430000E+03	3.702221E-15	1.433281E-17
6.440000E+03	3.683583E-15	1.445506E-17
6.450000E+03	3.655244E-15	1.453750E-17
6.460000E+03	3.619511E-15	1.458740E-17
6.470000E+03	3.578926E-15	1.461356E-17
6.480000E+03	3.536171E-15	1.462591E-17
6.490000E+03	3.493646E-15	1.463382E-17
6.500000E+03	3.453701E-15	1.464697E-17
6.510000E+03	3.418228E-15	1.467360E-17
6.520000E+03	3.388686E-15	1.472052E-17
6.530000E+03	3.366240E-15	1.479350E-17
6.540000E+03	3.351638E-15	1.489672E-17
6.550000E+03	3.345269E-15	1.503289E-17
6.560000E+03	3.347126E-15	1.520297E-17
6.570000E+03	3.356871E-15	1.540637E-17
6.580000E+03	3.373698E-15	1.564023E-17
6.590000E+03	3.396534E-15	1.590026E-17
6.600000E+03	3.424093E-15	1.618094E-17
6.610000E+03	3.454814E-15	1.647517E-17
6.620000E+03	3.486934E-15	1.677461E-17
6.630000E+03	3.518729E-15	1.707078E-17
6.640000E+03	3.548378E-15	1.735446E-17
6.650000E+03	3.574355E-15	1.761760E-17
6.660000E+03	3.595078E-15	1.785170E-17
6.670000E+03	3.609335E-15	1.804988E-17
6.680000E+03	3.616281E-15	1.820702E-17
6.690000E+03	3.615333E-15	1.831928E-17
6.700000E+03	3.606169E-15	1.838415E-17
6.710000E+03	3.588853E-15	1.840112E-17
6.720000E+03	3.563795E-15	1.837158E-17
6.730000E+03	3.531525E-15	1.829767E-17
6.740000E+03	3.492902E-15	1.818335E-17
6.750000E+03	3.448742E-15	1.803255E-17
6.760000E+03	3.400202E-15	1.785111E-17
6.770000E+03	3.348230E-15	1.764392E-17
6.780000E+03	3.294024E-15	1.741732E-17
6.790000E+03	3.238503E-15	1.717629E-17
6.800000E+03	3.182725E-15	1.692665E-17
6.810000E+03	3.127630E-15	1.667363E-17
6.820000E+03	3.074064E-15	1.642204E-17
6.830000E+03	3.022945E-15	1.617710E-17
6.840000E+03	2.975021E-15	1.594312E-17
6.850000E+03	2.931063E-15	1.572456E-17
6.860000E+03	2.891574E-15	1.552440E-17
6.870000E+03	2.857174E-15	1.534623E-17
6.880000E+03	2.828221E-15	1.519217E-17
6.890000E+03	2.805021E-15	1.506405E-17
6.900000E+03	2.787721E-15	1.496276E-17
6.910000E+03	2.776489E-15	1.488923E-17
6.920000E+03	2.771084E-15	1.484217E-17
6.930000E+03	2.771437E-15	1.482114E-17
6.940000E+03	2.777091E-15	1.482358E-17
6.950000E+03	2.787573E-15	1.484680E-17
6.960000E+03	2.802343E-15	1.488774E-17
6.970000E+03	2.820647E-15	1.494220E-17
6.980000E+03	2.841676E-15	1.500569E-17
6.990000E+03	2.864536E-15	1.507330E-17
7.000000E+03	2.888260E-15	1.513980E-17
7.010000E+03	2.911837E-15	1.519982E-17
7.020000E+03	2.934186E-15	1.524767E-17
7.030000E+03	2.954422E-15	1.527884E-17
7.040000E+03	2.971439E-15	1.528777E-17
7.050000E+03	2.984584E-15	1.527139E-17
7.060000E+03	2.992985E-15	1.522562E-17
7.070000E+03	2.996248E-15	1.514895E-17
7.080000E+03	2.993995E-15	1.504004E-17
7.090000E+03	2.986128E-15	1.489908E-17
7.100000E+03	2.972841E-15	1.472776E-17
7.110000E+03	2.954381E-15	1.452805E-17
7.120000E+03	2.931384E-15	1.430383E-17
7.130000E+03	2.904558E-15	1.405927E-17
7.140000E+03	2.874855E-15	1.379966E-17
7.150000E+03	2.843219E-15	1.353010E-17
7.160000E+03	2.810522E-15	1.325523E-17
7.170000E+03	2.777686E-15	1.297977E-17
7.180000E+03	2.745357E-15	1.270701E-17
7.190000E+03	2.714266E-15	1.244055E-17
7.200000E+03	2.684831E-15	1.218239E-17
7.210000E+03	2.657324E-15	1.193382E-17
7.220000E+03	2.631990E-15	1.169597E-17
7.230000E+03	2.608900E-15	1.146912E-17
7.240000E+03	2.587970E-15	1.125290E-17
7.250000E+03	2.569092E-15	1.104683E-17
7.260000E+03	2.552101E-15	1.085022E-17
7.270000E+03	2.536787E-15	1.066225E-17
7.280000E+03	2.522915E-15	1.048202E-17
7.290000E+03	2.510126E-15	1.030819E-17
7.300000E+03	2.498269E-15	1.014034E-17
7.310000E+03	2.487037E-15	9.977497E-18
7.320000E+03	2.476141E-15	9.818791E-18
7.330000E+03	2.465417E-15	9.663940E-18
7.340000E+03	2.454583E-15	9.512238E-18
7.350000E+03	2.443492E-15	9.363557E-18
7.360000E+03	2.432027E-15	9.217925E-18
7.370000E+03	2.420056E-15	9.075326E-18
7.380000E+03	2.407559E-15	8.936199E-18
7.390000E+03	2.394329E-15	8.800283E-18
7.400000E+03	2.380413E-15	8.668272E-18
7.410000E+03	2.365654E-15	8.540097E-18
7.420000E+03	2.350041E-15	8.416219E-18
7.430000E+03	2.333472E-15	8.296741E-18
7.440000E+03	2.315904E-15	8.181954E-18
7.450000E+03	2.297379E-15	8.072409E-18
7.460000E+03	2.277894E-15	7.968437E-18
7.470000E+03	2.257685E-15	7.871152E-18
7.480000E+03	2.236776E-15	7.780850E-18
7.490000E+03	2.215422E-15	7.698350E-18
7.500000E+03	2.193758E-15	7.623706E-18
7.510000E+03	2.172142E-15	7.557696E-18
7.520000E+03	2.150767E-15	7.500501E-18
7.530000E+03	2.129893E-15	7.452533E-18
7.540000E+03	2.109838E-15	7.414423E-18
7.550000E+03	2.090874E-15	7.386664E-18
7.560000E+03	2.073331E-15	7.369999E-18
7.570000E+03	2.057291E-15	7.364336E-18
7.580000E+03	2.042889E-15	7.369812E-18
7.590000E+03	2.030150E-15	7.386226E-18
7.600000E+03	2.018912E-15	7.412723E-18
7.610000E+03	2.009021E-15	7.448495E-18
7.620000E+03	2.000219E-15	7.492355E-18
7.630000E+03	1.992477E-15	7.543978E-18
7.640000E+03	1.985618E-15	7.602492E-18
7.650000E+03	1.979631E-15	7.667671E-18
7.660000E+03	1.974310E-15	7.738550E-18
7.670000E+03	1.969636E-15	7.814885E-18
7.680000E+03	1.965430E-15	7.895814E-18
7.690000E+03	1.961727E-15	7.981329E-18
7.700000E+03	1.958470E-15	8.071080E-18
7.710000E+03	1.955689E-15	8.165072E-18
7.720000E+03	1.953448E-15	8.263491E-18
7.730000E+03	1.951833E-15	8.366651E-18
7.740000E+03	1.950938E-15	8.474932E-18
7.750000E+03	1.950797E-15	8.588498E-18
7.760000E+03	1.951547E-15	8.707987E-18
7.770000E+03	1.953102E-15	8.833086E-18
7.780000E+03	1.955414E-15	8.963654E-18
7.790000E+03	1.958431E-15	9.099532E-18
7.800000E+03	1.961957E-15	9.239878E-18
7.810000E+03	1.965796E-15	9.383830E-18
7.820000E+03	1.969666E-15	9.530050E-18
7.830000E+03	1.973349E-15	9.677465E-18
7.840000E+03	1.976517E-15	9.824402E-18
7.850000E+03	1.978834E-15	9.969059E-18
7.860000E+03	1.980065E-15	1.011008E-17
7.870000E+03	1.979849E-15	1.024537E-17
7.880000E+03	1.977987E-15	1.037361E-17
7.890000E+03	1.974217E-15	1.049307E-17
7.900000E+03	1.968323E-15	1.060220E-17
7.910000E+03	1.960173E-15	1.069983E-17
7.920000E+03	1.949587E-15	1.078449E-17
7.930000E+03	1.936512E-15	1.085535E-17
7.940000E+03	1.920972E-15	1.091200E-17
7.950000E+03	1.902819E-15	1.095302E-17
7.960000E+03	1.882156E-15	1.097830E-17
7.970000E+03	1.858904E-15	1.098664E-17
7.980000E+03	1.833169E-15	1.097793E-17
7.990000E+03	1.804971E-15	1.095156E-17
8.000000E+03	1.774319E-15	1.090686E-17
8.010000E+03	1.741256E-15	1.084337E-17
8.020000E+03	1.705837E-15	1.076070E-17
8.030000E+03	1.667955E-15	1.065748E-17
8.040000E+03	1.627592E-15	1.053286E-17
8.050000E+03	1.584838E-15	1.038667E-17
8.060000E+03	1.539876E-15	1.021945E-17
8.070000E+03	1.492908E-15	1.003188E-17
8.080000E+03	1.444223E-15	9.825312E-18
8.090000E+03	1.394242E-15	9.602131E-18
8.100000E+03	1.343420E-15	9.365086E-18
8.110000E+03	1.292393E-15	9.118360E-18
8.120000E+03	1.241769E-15	8.866179E-18
8.130000E+03	1.192128E-15	8.612762E-18
8.140000E+03	1.144067E-15	8.362666E-18
8.150000E+03	1.098066E-15	8.119792E-18
8.160000E+03	1.054520E-15	7.887570E-18
8.170000E+03	1.013741E-15	7.668950E-18
8.180000E+03	9.759567E-16	7.466353E-18
8.190000E+03	9.413274E-16	7.281757E-18
8.200000E+03	9.099797E-16	7.116938E-18
8.210000E+03	8.819174E-16	6.972747E-18
8.220000E+03	8.572035E-16	6.850513E-18
8.230000E+03	8.357985E-16	6.750764E-18
8.240000E+03	8.176870E-16	6.674210E-18
8.250000E+03	8.027697E-16	6.620864E-18
8.260000E+03	7.910031E-16	6.591176E-18
8.270000E+03	7.823354E-16	6.585506E-18
8.280000E+03	7.766457E-16	6.603612E-18
8.290000E+03	7.738986E-16	6.645942E-18
8.300000E+03	7.739727E-16	6.712189E-18
8.310000E+03	7.768147E-16	6.802594E-18
8.320000E+03	7.823551E-16	6.917244E-18
8.330000E+03	7.905096E-16	7.056061E-18
8.340000E+03	8.012441E-16	7.219394E-18
8.350000E+03	8.144865E-16	7.407233E-18
8.360000E+03	8.302150E-16	7.620000E-18
8.370000E+03	8.483880E-16	7.857930E-18
8.380000E+03	8.689137E-16	8.120771E-18
8.390000E+03	8.917927E-16	8.409109E-18
8.400000E+03	9.169440E-16	8.722755E-18
8.410000E+03	9.442989E-16	9.061608E-18
8.420000E+03	9.737726E-16	9.425387E-18
8.430000E+03	1.005262E-15	9.813604E-18
8.440000E+03	1.038645E-15	1.022555E-17
8.450000E+03	1.073747E-15	1.065995E-17
8.460000E+03	1.110435E-15	1.111590E-17
8.470000E+03	1.148501E-15	1.159168E-17
8.480000E+03	1.187792E-15	1.208606E-17
8.490000E+03	1.228114E-15	1.259736E-17
8.500000E+03	1.269196E-15	1.312303E-17
8.510000E+03	1.310919E-15	1.366199E-17
8.520000E+03	1.353005E-15	1.421151E-17
8.530000E+03	1.395337E-15	1.477042E-17
8.540000E+03	1.437626E-15	1.533572E-17
8.550000E+03	1.479699E-15	1.590553E-17
8.560000E+03	1.521315E-15	1.647720E-17
8.570000E+03	1.562157E-15	1.704719E-17
8.580000E+03	1.601973E-15	1.761253E-17
8.590000E+03	1.640350E-15	1.816842E-17
8.600000E+03	1.677059E-15	1.871196E-17
8.610000E+03	1.711730E-15	1.923863E-17
8.620000E+03	1.744074E-15	1.974469E-17
8.630000E+03	1.773795E-15	2.022618E-17
8.640000E+03	1.800814E-15	2.068162E-17
8.650000E+03	1.824841E-15	2.110700E-17
8.660000E+03	1.845925E-15	2.150220E-17
8.670000E+03	1.864007E-15	2.186583E-17
8.680000E+03	1.879081E-15	2.219713E-17
8.690000E+03	1.891365E-15	2.249798E-17
8.700000E+03	1.900868E-15	2.276784E-17
8.710000E+03	1.907798E-15	2.300855E-17
8.720000E+03	1.912223E-15	2.322035E-17
8.730000E+03	1.914258E-15	2.340405E-17
8.740000E+03	1.913982E-15	2.356006E-17
8.750000E+03	1.911428E-15	2.368826E-17
8.760000E+03	1.906531E-15	2.378727E-17
8.770000E+03	1.899320E-15	2.385693E-17
8.780000E+03	1.889680E-15	2.389523E-17
8.790000E+03	1.877618E-15	2.390164E-17
8.800000E+03	1.862955E-15	2.387331E-17
8.810000E+03	1.845720E-15	2.380994E-17
8.820000E+03	1.825906E-15	2.371081E-17
8.830000E+03	1.803542E-15	2.357565E-17
8.840000E+03	1.778648E-15	2.340407E-17
8.850000E+03	1.751477E-15	2.319877E-17
8.860000E+03	1.722172E-15	2.296107E-17
8.870000E+03	1.691017E-15	2.269418E-17
8.880000E+03	1.658374E-15	2.240254E-17
8.890000E+03	1.624754E-15	2.209265E-17
8.900000E+03	1.590624E-15	2.177062E-17
8.910000E+03	1.556677E-15	2.144587E-17
8.920000E+03	1.523410E-15	2.112527E-17
8.930000E+03	1.491583E-15	2.081958E-17
8.940000E+03	1.461631E-15	2.053522E-17
8.950000E+03	1.434051E-15	2.027966E-17
8.960000E+03	1.409109E-15	2.005730E-17
8.970000E+03	1.386901E-15	1.987016E-17
8.980000E+03	1.367349E-15	1.971784E-17
8.990000E+03	1.350324E-15	1.959918E-17
9.000000E+03	1.335625E-15	1.951189E-17
9.040000E+03	1.298109E-15	1.945936E-17
9.080000E+03	1.288632E-15	1.981703E-17
9.120000E+03	1.300205E-15	2.050600E-17
9.160000E+03	1.322743E-15	2.138707E-17
9.200000E+03	1.343311E-15	2.225821E-17
9.240000E+03	1.350613E-15	2.292444E-17
9.280000E+03	1.340082E-15	2.328945E-17
9.320000E+03	1.314154E-15	2.337390E-17
9.360000E+03	1.278874E-15	2.326801E-17
9.400000E+03	1.239933E-15	2.306540E-17
9.440000E+03	1.201213E-15	2.283470E-17
9.480000E+03	1.164577E-15	2.261183E-17
9.520000E+03	1.130411E-15	2.240650E-17
9.560000E+03	1.098388E-15	2.221480E-17
9.600000E+03	1.067923E-15	2.202701E-17
9.640000E+03	1.038745E-15	2.183909E-17
9.680000E+03	1.010474E-15	2.164437E-17
9.720000E+03	9.825036E-16	2.143062E-17
9.760000E+03	9.543745E-16	2.118802E-17
9.800000E+03	9.256036E-16	2.090554E-17
9.840000E+03	8.959870E-16	2.057787E-17
9.880000E+03	8.653593E-16	2.020038E-17
9.920000E+03	8.336829E-16	1.977125E-17
9.960000E+03	8.010563E-16	1.929200E-17
1.000000E+04	7.678569E-16	1.877112E-17
1.004000E+04	7.346665E-16	1.822280E-17
1.008000E+04	7.018635E-16	1.765699E-17
1.012000E+04	6.699419E-16	1.708710E-17
1.016000E+04	6.393677E-16	1.652655E-17
1.020000E+04	6.104996E-16	1.598654E-17
1.024000E+04	5.834550E-16	1.547232E-17
1.028000E+04	5.582339E-16	1.498613E-17
1.032000E+04	5.348261E-16	1.452984E-17
