#wls	flux	fluxerr
1.600000E+03	1.993559E-16	9.142316E-18
1.640000E+03	2.031375E-16	9.287552E-18
1.680000E+03	2.070433E-16	9.436742E-18
1.720000E+03	2.110967E-16	9.590850E-18
1.760000E+03	2.152898E-16	9.749400E-18
1.800000E+03	2.196443E-16	9.913255E-18
1.840000E+03	2.241492E-16	1.008180E-17
1.880000E+03	2.288862E-16	1.025856E-17
1.920000E+03	2.338097E-16	1.044134E-17
1.960000E+03	2.389662E-16	1.063204E-17
2.000000E+03	2.444004E-16	1.083247E-17
2.040000E+03	2.501540E-16	1.104426E-17
2.080000E+03	2.562004E-16	1.126599E-17
2.120000E+03	2.626372E-16	1.150171E-17
2.160000E+03	2.694923E-16	1.175234E-17
2.200000E+03	2.767532E-16	1.201702E-17
2.240000E+03	2.844315E-16	1.229592E-17
2.280000E+03	2.925614E-16	1.259018E-17
2.320000E+03	3.011000E-16	1.289758E-17
2.360000E+03	3.099913E-16	1.321540E-17
2.400000E+03	3.192296E-16	1.354304E-17
2.440000E+03	3.286646E-16	1.387384E-17
2.480000E+03	3.382579E-16	1.420592E-17
2.520000E+03	3.477963E-16	1.453017E-17
2.560000E+03	3.572392E-16	1.484479E-17
2.600000E+03	3.663442E-16	1.513972E-17
2.640000E+03	3.750086E-16	1.541084E-17
2.680000E+03	3.830272E-16	1.564997E-17
2.720000E+03	3.902171E-16	1.585004E-17
2.760000E+03	3.964465E-16	1.600623E-17
2.800000E+03	4.014473E-16	1.610840E-17
2.840000E+03	4.050980E-16	1.615258E-17
2.880000E+03	4.071895E-16	1.613147E-17
2.920000E+03	4.076173E-16	1.604212E-17
2.960000E+03	4.063524E-16	1.588472E-17
3.000000E+03	4.034591E-16	1.566314E-17
3.010000E+03	4.025095E-16	1.559897E-17
3.020000E+03	4.014472E-16	1.553046E-17
3.030000E+03	4.002924E-16	1.545843E-17
3.040000E+03	3.990647E-16	1.538365E-17
3.050000E+03	3.977630E-16	1.530609E-17
3.060000E+03	3.963677E-16	1.522502E-17
3.070000E+03	3.948981E-16	1.514120E-17
3.080000E+03	3.933541E-16	1.505463E-17
3.090000E+03	3.917361E-16	1.496536E-17
3.100000E+03	3.900620E-16	1.487408E-17
3.110000E+03	3.883147E-16	1.478015E-17
3.120000E+03	3.865293E-16	1.468493E-17
3.130000E+03	3.846719E-16	1.458714E-17
3.140000E+03	3.827938E-16	1.448874E-17
3.150000E+03	3.808458E-16	1.438788E-17
3.160000E+03	3.788780E-16	1.428645E-17
3.170000E+03	3.768748E-16	1.418389E-17
3.180000E+03	3.748526E-16	1.408082E-17
3.190000E+03	3.727974E-16	1.397671E-17
3.200000E+03	3.707258E-16	1.387220E-17
3.210000E+03	3.686535E-16	1.376788E-17
3.220000E+03	3.665674E-16	1.366326E-17
3.230000E+03	3.644834E-16	1.355895E-17
3.240000E+03	3.624167E-16	1.345550E-17
3.250000E+03	3.603685E-16	1.335296E-17
3.260000E+03	3.583274E-16	1.325090E-17
3.270000E+03	3.563215E-16	1.315036E-17
3.280000E+03	3.543524E-16	1.305141E-17
3.290000E+03	3.524099E-16	1.295364E-17
3.300000E+03	3.505210E-16	1.285806E-17
3.310000E+03	3.486876E-16	1.276471E-17
3.320000E+03	3.469238E-16	1.267411E-17
3.330000E+03	3.452203E-16	1.258591E-17
3.340000E+03	3.435808E-16	1.250021E-17
3.350000E+03	3.420412E-16	1.241832E-17
3.360000E+03	3.405826E-16	1.233954E-17
3.370000E+03	3.392197E-16	1.226436E-17
3.380000E+03	3.379561E-16	1.219291E-17
3.390000E+03	3.368066E-16	1.212570E-17
3.400000E+03	3.357851E-16	1.206319E-17
3.410000E+03	3.348773E-16	1.200485E-17
3.420000E+03	3.341077E-16	1.195154E-17
3.430000E+03	3.334824E-16	1.190343E-17
3.440000E+03	3.329984E-16	1.186039E-17
3.450000E+03	3.326634E-16	1.182266E-17
3.460000E+03	3.325028E-16	1.179111E-17
3.470000E+03	3.324988E-16	1.176507E-17
3.480000E+03	3.326699E-16	1.174515E-17
3.490000E+03	3.330258E-16	1.173167E-17
3.500000E+03	3.335613E-16	1.172438E-17
3.510000E+03	3.342883E-16	1.172367E-17
3.520000E+03	3.352040E-16	1.172940E-17
3.530000E+03	3.363222E-16	1.174200E-17
3.540000E+03	3.376499E-16	1.176167E-17
3.550000E+03	3.391870E-16	1.178837E-17
3.560000E+03	3.409427E-16	1.182234E-17
3.570000E+03	3.429335E-16	1.186413E-17
3.580000E+03	3.451622E-16	1.191376E-17
3.590000E+03	3.476394E-16	1.197155E-17
3.600000E+03	3.503694E-16	1.203758E-17
3.610000E+03	3.533570E-16	1.211196E-17
3.620000E+03	3.566220E-16	1.219531E-17
3.630000E+03	3.601700E-16	1.228774E-17
3.640000E+03	3.640208E-16	1.238987E-17
3.650000E+03	3.681937E-16	1.250228E-17
3.660000E+03	3.727082E-16	1.262555E-17
3.670000E+03	3.775830E-16	1.276023E-17
3.680000E+03	3.828365E-16	1.290685E-17
3.690000E+03	3.884863E-16	1.306592E-17
3.700000E+03	3.945496E-16	1.323791E-17
3.710000E+03	4.010357E-16	1.342304E-17
3.720000E+03	4.079734E-16	1.362216E-17
3.730000E+03	4.153624E-16	1.383516E-17
3.740000E+03	4.232151E-16	1.406233E-17
3.750000E+03	4.315415E-16	1.430390E-17
3.760000E+03	4.403571E-16	1.456027E-17
3.770000E+03	4.496529E-16	1.483101E-17
3.780000E+03	4.594388E-16	1.511634E-17
3.790000E+03	4.697141E-16	1.541612E-17
3.800000E+03	4.804673E-16	1.572985E-17
3.810000E+03	4.916897E-16	1.605712E-17
3.820000E+03	5.033682E-16	1.639741E-17
3.830000E+03	5.154847E-16	1.675001E-17
3.840000E+03	5.280080E-16	1.711381E-17
3.850000E+03	5.409170E-16	1.748803E-17
3.860000E+03	5.541691E-16	1.787119E-17
3.870000E+03	5.677228E-16	1.826189E-17
3.880000E+03	5.815394E-16	1.865881E-17
3.890000E+03	5.955489E-16	1.905966E-17
3.900000E+03	6.096917E-16	1.946248E-17
3.910000E+03	6.239109E-16	1.986543E-17
3.920000E+03	6.381359E-16	2.026627E-17
3.930000E+03	6.522826E-16	2.066233E-17
3.940000E+03	6.662716E-16	2.105113E-17
3.950000E+03	6.800202E-16	2.143010E-17
3.960000E+03	6.934436E-16	2.179664E-17
3.970000E+03	7.064556E-16	2.214815E-17
3.980000E+03	7.189699E-16	2.248203E-17
3.990000E+03	7.308918E-16	2.279545E-17
4.000000E+03	7.421466E-16	2.308625E-17
4.000201E+03	7.401273E-16	2.302222E-17
4.002899E+03	7.476447E-16	2.323970E-17
4.005599E+03	7.578217E-16	2.353946E-17
4.008299E+03	7.699217E-16	2.389846E-17
4.011001E+03	7.806112E-16	2.421317E-17
4.013704E+03	7.928118E-16	2.457426E-17
4.016408E+03	8.028883E-16	2.486902E-17
4.019113E+03	8.164007E-16	2.526968E-17
4.021819E+03	8.304492E-16	2.568634E-17
4.024526E+03	8.453151E-16	2.612764E-17
4.027234E+03	8.596138E-16	2.655078E-17
4.029943E+03	8.742971E-16	2.698516E-17
4.032653E+03	8.900130E-16	2.745075E-17
4.035365E+03	9.057886E-16	2.791748E-17
4.038077E+03	9.233525E-16	2.843861E-17
4.040791E+03	9.387285E-16	2.889162E-17
4.043506E+03	9.561730E-16	2.940758E-17
4.046221E+03	9.736766E-16	2.992460E-17
4.048938E+03	9.871361E-16	3.031664E-17
4.051656E+03	1.001822E-15	3.074572E-17
4.054375E+03	1.014300E-15	3.110648E-17
4.057095E+03	1.022370E-15	3.133160E-17
4.059816E+03	1.029726E-15	3.153447E-17
4.062538E+03	1.036128E-15	3.170787E-17
4.065261E+03	1.039486E-15	3.178788E-17
4.067986E+03	1.038873E-15	3.174640E-17
4.070711E+03	1.038627E-15	3.171613E-17
4.073437E+03	1.038056E-15	3.167599E-17
4.076165E+03	1.032352E-15	3.147936E-17
4.078893E+03	1.027405E-15	3.130603E-17
4.081623E+03	1.018384E-15	3.100888E-17
4.084354E+03	1.008568E-15	3.068793E-17
4.087085E+03	9.980866E-16	3.034719E-17
4.089818E+03	9.868750E-16	2.998472E-17
4.092552E+03	9.776914E-16	2.968432E-17
4.095286E+03	9.664639E-16	2.932232E-17
4.098022E+03	9.548517E-16	2.894914E-17
4.100759E+03	9.473982E-16	2.870247E-17
4.103497E+03	9.360929E-16	2.833951E-17
4.106236E+03	9.302578E-16	2.814255E-17
4.108976E+03	9.149119E-16	2.765832E-17
4.111717E+03	9.035294E-16	2.729450E-17
4.114459E+03	8.885358E-16	2.682217E-17
4.117202E+03	8.799566E-16	2.654400E-17
4.119946E+03	8.698955E-16	2.622153E-17
4.122692E+03	8.617081E-16	2.595594E-17
4.125438E+03	8.514158E-16	2.562736E-17
4.128185E+03	8.404385E-16	2.527863E-17
4.130933E+03	8.289270E-16	2.491434E-17
4.133683E+03	8.229628E-16	2.471715E-17
4.136433E+03	8.189122E-16	2.457766E-17
4.139184E+03	8.100722E-16	2.429472E-17
4.141936E+03	7.983351E-16	2.392535E-17
4.144690E+03	7.872670E-16	2.357652E-17
4.147444E+03	7.754939E-16	2.320709E-17
4.150200E+03	7.695845E-16	2.301351E-17
4.152956E+03	7.689564E-16	2.297803E-17
4.155713E+03	7.698086E-16	2.298678E-17
4.158472E+03	7.657253E-16	2.284822E-17
4.161231E+03	7.633374E-16	2.276040E-17
4.163992E+03	7.658399E-16	2.281840E-17
4.166753E+03	7.630658E-16	2.271921E-17
4.169515E+03	7.647516E-16	2.275283E-17
4.172279E+03	7.617417E-16	2.264677E-17
4.175043E+03	7.627187E-16	2.265930E-17
4.177809E+03	7.669947E-16	2.276974E-17
4.180575E+03	7.686120E-16	2.280112E-17
4.183343E+03	7.691570E-16	2.280065E-17
4.186111E+03	7.669171E-16	2.271769E-17
4.188880E+03	7.654699E-16	2.265828E-17
4.191651E+03	7.605757E-16	2.249699E-17
4.194422E+03	7.569242E-16	2.237265E-17
4.197194E+03	7.489080E-16	2.211956E-17
4.199968E+03	7.475055E-16	2.206202E-17
4.202742E+03	7.451189E-16	2.197554E-17
4.205517E+03	7.418985E-16	2.186459E-17
4.208294E+03	7.399190E-16	2.179032E-17
4.211071E+03	7.415530E-16	2.182250E-17
4.213849E+03	7.400008E-16	2.176092E-17
4.216629E+03	7.402437E-16	2.175216E-17
4.219409E+03	7.452510E-16	2.188330E-17
4.222190E+03	7.453209E-16	2.186937E-17
4.224972E+03	7.397725E-16	2.169071E-17
4.227755E+03	7.402693E-16	2.168942E-17
4.230539E+03	7.426441E-16	2.174310E-17
4.233324E+03	7.436085E-16	2.175543E-17
4.236110E+03	7.451910E-16	2.178580E-17
4.238897E+03	7.452999E-16	2.177306E-17
4.241685E+03	7.451093E-16	2.175158E-17
4.244474E+03	7.434465E-16	2.168718E-17
4.247264E+03	7.461555E-16	2.175030E-17
4.250055E+03	7.451316E-16	2.170459E-17
4.252847E+03	7.437024E-16	2.164712E-17
4.255639E+03	7.442553E-16	2.164740E-17
4.258433E+03	7.417816E-16	2.155968E-17
4.261228E+03	7.401390E-16	2.149622E-17
4.264023E+03	7.410313E-16	2.150642E-17
4.266820E+03	7.407300E-16	2.148197E-17
4.269617E+03	7.444524E-16	2.157416E-17
4.272416E+03	7.448091E-16	2.156874E-17
4.275215E+03	7.460589E-16	2.158916E-17
4.278015E+03	7.473077E-16	2.160951E-17
4.280817E+03	7.515123E-16	2.171523E-17
4.283619E+03	7.543533E-16	2.178142E-17
4.286422E+03	7.566821E-16	2.183272E-17
4.289226E+03	7.621557E-16	2.197461E-17
4.292031E+03	7.646718E-16	2.203108E-17
4.294837E+03	7.655712E-16	2.204091E-17
4.297644E+03	7.679567E-16	2.209348E-17
4.300452E+03	7.688749E-16	2.210377E-17
4.303260E+03	7.731688E-16	2.221102E-17
4.306070E+03	7.722580E-16	2.216870E-17
4.308881E+03	7.724721E-16	2.215870E-17
4.311692E+03	7.700538E-16	2.207325E-17
4.314505E+03	7.649197E-16	2.191013E-17
4.317318E+03	7.584719E-16	2.170964E-17
4.320132E+03	7.534051E-16	2.154894E-17
4.322948E+03	7.499088E-16	2.143334E-17
4.325764E+03	7.498266E-16	2.141543E-17
4.328581E+03	7.455260E-16	2.127714E-17
4.331399E+03	7.417140E-16	2.115297E-17
4.334217E+03	7.395981E-16	2.107733E-17
4.337037E+03	7.365502E-16	2.097525E-17
4.339858E+03	7.340114E-16	2.088779E-17
4.342680E+03	7.292713E-16	2.073786E-17
4.345502E+03	7.200876E-16	2.046188E-17
4.348325E+03	7.156267E-16	2.032040E-17
4.351150E+03	7.095591E-16	2.013353E-17
4.353975E+03	7.038956E-16	1.995839E-17
4.356801E+03	6.965634E-16	1.973622E-17
4.359628E+03	6.875427E-16	1.946656E-17
4.362456E+03	6.801108E-16	1.924223E-17
4.365285E+03	6.734636E-16	1.904042E-17
4.368114E+03	6.622343E-16	1.870945E-17
4.370945E+03	6.502915E-16	1.835880E-17
4.373777E+03	6.367277E-16	1.796292E-17
4.376609E+03	6.270545E-16	1.767730E-17
4.379442E+03	6.239919E-16	1.757831E-17
4.382276E+03	6.132067E-16	1.726207E-17
4.385111E+03	6.040295E-16	1.699152E-17
4.387947E+03	6.001292E-16	1.686969E-17
4.390784E+03	5.976429E-16	1.678775E-17
4.393622E+03	5.890436E-16	1.653434E-17
4.396460E+03	5.844736E-16	1.639432E-17
4.399300E+03	5.819702E-16	1.631242E-17
4.402140E+03	5.759494E-16	1.613212E-17
4.404981E+03	5.734061E-16	1.604941E-17
4.407823E+03	5.770750E-16	1.614058E-17
4.410666E+03	5.811204E-16	1.624214E-17
4.413510E+03	5.815433E-16	1.624238E-17
4.416355E+03	5.790411E-16	1.616098E-17
4.419201E+03	5.811038E-16	1.620702E-17
4.422047E+03	5.828287E-16	1.624358E-17
4.424894E+03	5.855191E-16	1.630698E-17
4.427742E+03	5.936725E-16	1.652234E-17
4.430591E+03	5.955381E-16	1.656252E-17
4.433441E+03	6.040407E-16	1.678709E-17
4.436292E+03	6.109420E-16	1.696689E-17
4.439144E+03	6.174193E-16	1.713466E-17
4.441996E+03	6.217934E-16	1.724389E-17
4.444850E+03	6.276336E-16	1.739358E-17
4.447704E+03	6.321065E-16	1.750521E-17
4.450559E+03	6.378977E-16	1.765317E-17
4.453415E+03	6.421336E-16	1.775791E-17
4.456271E+03	6.457796E-16	1.784622E-17
4.459129E+03	6.501774E-16	1.795516E-17
4.461987E+03	6.520580E-16	1.799449E-17
4.464847E+03	6.550679E-16	1.806492E-17
4.467707E+03	6.580755E-16	1.813519E-17
4.470568E+03	6.590292E-16	1.814881E-17
4.473430E+03	6.607979E-16	1.818484E-17
4.476292E+03	6.619791E-16	1.820467E-17
4.479156E+03	6.659622E-16	1.830148E-17
4.482020E+03	6.679346E-16	1.834294E-17
4.484885E+03	6.722052E-16	1.844742E-17
4.487751E+03	6.738600E-16	1.848003E-17
4.490618E+03	6.773729E-16	1.856352E-17
4.493486E+03	6.835363E-16	1.871948E-17
4.496354E+03	6.902385E-16	1.888999E-17
4.499224E+03	6.987527E-16	1.910981E-17
4.502094E+03	7.049029E-16	1.926474E-17
4.504965E+03	7.133025E-16	1.948089E-17
4.507837E+03	7.250553E-16	1.978826E-17
4.510709E+03	7.348194E-16	2.004099E-17
4.513583E+03	7.499981E-16	2.044094E-17
4.516457E+03	7.666266E-16	2.087985E-17
4.519332E+03	7.826820E-16	2.130256E-17
4.522208E+03	7.981859E-16	2.170970E-17
4.525085E+03	8.147838E-16	2.214602E-17
4.527962E+03	8.340987E-16	2.265556E-17
4.530841E+03	8.518613E-16	2.312227E-17
4.533720E+03	8.678858E-16	2.354121E-17
4.536600E+03	8.860218E-16	2.401683E-17
4.539481E+03	9.065378E-16	2.455628E-17
4.542362E+03	9.282466E-16	2.512730E-17
4.545245E+03	9.519577E-16	2.575171E-17
4.548128E+03	9.768174E-16	2.640634E-17
4.551012E+03	9.944746E-16	2.686552E-17
4.553897E+03	1.014674E-15	2.739273E-17
4.556783E+03	1.032391E-15	2.785224E-17
4.559669E+03	1.053935E-15	2.841434E-17
4.562556E+03	1.077665E-15	2.903457E-17
4.565444E+03	1.099221E-15	2.959547E-17
4.568333E+03	1.121221E-15	3.016755E-17
4.571223E+03	1.144636E-15	3.077693E-17
4.574113E+03	1.164242E-15	3.128317E-17
4.577004E+03	1.180025E-15	3.168608E-17
4.579897E+03	1.201472E-15	3.224044E-17
4.582789E+03	1.224643E-15	3.284031E-17
4.585683E+03	1.241921E-15	3.328146E-17
4.588577E+03	1.258938E-15	3.371507E-17
4.591472E+03	1.273358E-15	3.407860E-17
4.594368E+03	1.285805E-15	3.438888E-17
4.597265E+03	1.295679E-15	3.463000E-17
4.600163E+03	1.302715E-15	3.479498E-17
4.603061E+03	1.312203E-15	3.502525E-17
4.605960E+03	1.318875E-15	3.518009E-17
4.608860E+03	1.327793E-15	3.539460E-17
4.611761E+03	1.334701E-15	3.555531E-17
4.614662E+03	1.337911E-15	3.561735E-17
4.617564E+03	1.343036E-15	3.573029E-17
4.620467E+03	1.344403E-15	3.574319E-17
4.623371E+03	1.348922E-15	3.583980E-17
4.626275E+03	1.351315E-15	3.587987E-17
4.629181E+03	1.353622E-15	3.591760E-17
4.632087E+03	1.356977E-15	3.598308E-17
4.634994E+03	1.359628E-15	3.602984E-17
4.637901E+03	1.362071E-15	3.607105E-17
4.640809E+03	1.361569E-15	3.603428E-17
4.643719E+03	1.362916E-15	3.604646E-17
4.646628E+03	1.361013E-15	3.597275E-17
4.649539E+03	1.364003E-15	3.602835E-17
4.652450E+03	1.367132E-15	3.608759E-17
4.655363E+03	1.369991E-15	3.613964E-17
4.658275E+03	1.371307E-15	3.615096E-17
4.661189E+03	1.373606E-15	3.618818E-17
4.664104E+03	1.378816E-15	3.630198E-17
4.667019E+03	1.385252E-15	3.644791E-17
4.669935E+03	1.391211E-15	3.658113E-17
4.672851E+03	1.400854E-15	3.681100E-17
4.675769E+03	1.414116E-15	3.713561E-17
4.678687E+03	1.426508E-15	3.743702E-17
4.681606E+03	1.433975E-15	3.760885E-17
4.684525E+03	1.443279E-15	3.782864E-17
4.687446E+03	1.452494E-15	3.804581E-17
4.690367E+03	1.463194E-15	3.830160E-17
4.693289E+03	1.476647E-15	3.862909E-17
4.696211E+03	1.484508E-15	3.881000E-17
4.699135E+03	1.493405E-15	3.901772E-17
4.702059E+03	1.499372E-15	3.914873E-17
4.704984E+03	1.503355E-15	3.922777E-17
4.707909E+03	1.507332E-15	3.930662E-17
4.710835E+03	1.511408E-15	3.938792E-17
4.713762E+03	1.510012E-15	3.932663E-17
4.716690E+03	1.504924E-15	3.916933E-17
4.719619E+03	1.502102E-15	3.907119E-17
4.722548E+03	1.497527E-15	3.892763E-17
4.725478E+03	1.491101E-15	3.873615E-17
4.728408E+03	1.482538E-15	3.848948E-17
4.731340E+03	1.472557E-15	3.820630E-17
4.734272E+03	1.461867E-15	3.790513E-17
4.737205E+03	1.447706E-15	3.751441E-17
4.740138E+03	1.433146E-15	3.711386E-17
4.743073E+03	1.417517E-15	3.668614E-17
4.746008E+03	1.402855E-15	3.628397E-17
4.748943E+03	1.391613E-15	3.597074E-17
4.751880E+03	1.376256E-15	3.555160E-17
4.754817E+03	1.358453E-15	3.506984E-17
4.757755E+03	1.342832E-15	3.464500E-17
4.760693E+03	1.327160E-15	3.421939E-17
4.763632E+03	1.311539E-15	3.379564E-17
4.766572E+03	1.298483E-15	3.343845E-17
4.769513E+03	1.281644E-15	3.298437E-17
4.772454E+03	1.265446E-15	3.254734E-17
4.775397E+03	1.249378E-15	3.211423E-17
4.778339E+03	1.233605E-15	3.168923E-17
4.781283E+03	1.216284E-15	3.122501E-17
4.784227E+03	1.199197E-15	3.076737E-17
4.787172E+03	1.181555E-15	3.029609E-17
4.790118E+03	1.162450E-15	2.978790E-17
4.793064E+03	1.145580E-15	2.933759E-17
4.796011E+03	1.129105E-15	2.889796E-17
4.798959E+03	1.109592E-15	2.838115E-17
4.801907E+03	1.091808E-15	2.790919E-17
4.804856E+03	1.072362E-15	2.739536E-17
4.807806E+03	1.055066E-15	2.693706E-17
4.810756E+03	1.038590E-15	2.650025E-17
4.813707E+03	1.016562E-15	2.592239E-17
4.816659E+03	9.946698E-16	2.534871E-17
4.819612E+03	9.736389E-16	2.479767E-17
4.822565E+03	9.527235E-16	2.425026E-17
4.825519E+03	9.324065E-16	2.371873E-17
4.828473E+03	9.089252E-16	2.310741E-17
4.831429E+03	8.872905E-16	2.254375E-17
4.834385E+03	8.651485E-16	2.196791E-17
4.837341E+03	8.422788E-16	2.137430E-17
4.840299E+03	8.195058E-16	2.078386E-17
4.843257E+03	7.953435E-16	2.015893E-17
4.846215E+03	7.702351E-16	1.951079E-17
4.849174E+03	7.490378E-16	1.896245E-17
4.852134E+03	7.272140E-16	1.839892E-17
4.855095E+03	7.076315E-16	1.789275E-17
4.858056E+03	6.863598E-16	1.734450E-17
4.861018E+03	6.704932E-16	1.693342E-17
4.863981E+03	6.553590E-16	1.654132E-17
4.866945E+03	6.370925E-16	1.607068E-17
4.869909E+03	6.235025E-16	1.571850E-17
4.872873E+03	6.117230E-16	1.541237E-17
4.875839E+03	6.024916E-16	1.517076E-17
4.878805E+03	5.932470E-16	1.492911E-17
4.881771E+03	5.865468E-16	1.475175E-17
4.884739E+03	5.771545E-16	1.450694E-17
4.887707E+03	5.727611E-16	1.438799E-17
4.890675E+03	5.676320E-16	1.425072E-17
4.893645E+03	5.656590E-16	1.419280E-17
4.896614E+03	5.673571E-16	1.422702E-17
4.899585E+03	5.695519E-16	1.427364E-17
4.902556E+03	5.710272E-16	1.430219E-17
4.905528E+03	5.745529E-16	1.438204E-17
4.908501E+03	5.796288E-16	1.450057E-17
4.911474E+03	5.866911E-16	1.466864E-17
4.914448E+03	5.959762E-16	1.489206E-17
4.917422E+03	6.059302E-16	1.513193E-17
4.920398E+03	6.189181E-16	1.544723E-17
4.923373E+03	6.333666E-16	1.579861E-17
4.926350E+03	6.500682E-16	1.620575E-17
4.929327E+03	6.662005E-16	1.659823E-17
4.932305E+03	6.856351E-16	1.707249E-17
4.935283E+03	7.106109E-16	1.768410E-17
4.938262E+03	7.388598E-16	1.837641E-17
4.941242E+03	7.663523E-16	1.904911E-17
4.944222E+03	7.978071E-16	1.981947E-17
4.947203E+03	8.311390E-16	2.063555E-17
4.950185E+03	8.682273E-16	2.154389E-17
4.953167E+03	9.054839E-16	2.245536E-17
4.956150E+03	9.432649E-16	2.337877E-17
4.959133E+03	9.844777E-16	2.438614E-17
4.962117E+03	1.027872E-15	2.544636E-17
4.965102E+03	1.069177E-15	2.645363E-17
4.968087E+03	1.113648E-15	2.753809E-17
4.971073E+03	1.155714E-15	2.856183E-17
4.974060E+03	1.199997E-15	2.963915E-17
4.977047E+03	1.246080E-15	3.075968E-17
4.980035E+03	1.290171E-15	3.182979E-17
4.983023E+03	1.338035E-15	3.299170E-17
4.986012E+03	1.384478E-15	3.411727E-17
4.989002E+03	1.428954E-15	3.519311E-17
4.991992E+03	1.472723E-15	3.625032E-17
4.994983E+03	1.513660E-15	3.723667E-17
4.997975E+03	1.551358E-15	3.814222E-17
5.000967E+03	1.585935E-15	3.897008E-17
5.003960E+03	1.619263E-15	3.976633E-17
5.006953E+03	1.649164E-15	4.047756E-17
5.009947E+03	1.677233E-15	4.114302E-17
5.012942E+03	1.699031E-15	4.165401E-17
5.015937E+03	1.717318E-15	4.207837E-17
5.018933E+03	1.725814E-15	4.226251E-17
5.021929E+03	1.732988E-15	4.241408E-17
5.024927E+03	1.733566E-15	4.240413E-17
5.027924E+03	1.728008E-15	4.224420E-17
5.030922E+03	1.719436E-15	4.201082E-17
5.033921E+03	1.705366E-15	4.164343E-17
5.036921E+03	1.685040E-15	4.112379E-17
5.039921E+03	1.659212E-15	4.047054E-17
5.042922E+03	1.631799E-15	3.977938E-17
5.045923E+03	1.601298E-15	3.901379E-17
5.048925E+03	1.563864E-15	3.808022E-17
5.051927E+03	1.525774E-15	3.713175E-17
5.054930E+03	1.484706E-15	3.611193E-17
5.057934E+03	1.443848E-15	3.509835E-17
5.060938E+03	1.404074E-15	3.411227E-17
5.063943E+03	1.359360E-15	3.300732E-17
5.066949E+03	1.317682E-15	3.197732E-17
5.069955E+03	1.274109E-15	3.090250E-17
5.072961E+03	1.231038E-15	2.984107E-17
5.075968E+03	1.191215E-15	2.885951E-17
5.078976E+03	1.155532E-15	2.797929E-17
5.081985E+03	1.121726E-15	2.714550E-17
5.084994E+03	1.090300E-15	2.637021E-17
5.088003E+03	1.063587E-15	2.570968E-17
5.091013E+03	1.039499E-15	2.511335E-17
5.094024E+03	1.017529E-15	2.456879E-17
5.097035E+03	9.990134E-16	2.410822E-17
5.100047E+03	9.851135E-16	2.375949E-17
5.103060E+03	9.774728E-16	2.356202E-17
5.106073E+03	9.712928E-16	2.339996E-17
5.109086E+03	9.694027E-16	2.334138E-17
5.112100E+03	9.701881E-16	2.334725E-17
5.115115E+03	9.702169E-16	2.333491E-17
5.118130E+03	9.774881E-16	2.349667E-17
5.121146E+03	9.855659E-16	2.367763E-17
5.124163E+03	9.978740E-16	2.395996E-17
5.127180E+03	1.013363E-15	2.431832E-17
5.130197E+03	1.028955E-15	2.467874E-17
5.133216E+03	1.045481E-15	2.506114E-17
5.136234E+03	1.063114E-15	2.546962E-17
5.139254E+03	1.079611E-15	2.585047E-17
5.142273E+03	1.098276E-15	2.628277E-17
5.145294E+03	1.115517E-15	2.668052E-17
5.148315E+03	1.132608E-15	2.707426E-17
5.151336E+03	1.147198E-15	2.740778E-17
5.154359E+03	1.160311E-15	2.770568E-17
5.157381E+03	1.169600E-15	2.791198E-17
5.160404E+03	1.179823E-15	2.814034E-17
5.163428E+03	1.185977E-15	2.827143E-17
5.166453E+03	1.193531E-15	2.843571E-17
5.169478E+03	1.199231E-15	2.855569E-17
5.172503E+03	1.202908E-15	2.862738E-17
5.175529E+03	1.205659E-15	2.867696E-17
5.178556E+03	1.206526E-15	2.868170E-17
5.181583E+03	1.206298E-15	2.866040E-17
5.184610E+03	1.204898E-15	2.861132E-17
5.187639E+03	1.202732E-15	2.854408E-17
5.190667E+03	1.199072E-15	2.844149E-17
5.193697E+03	1.194648E-15	2.832089E-17
5.196726E+03	1.189845E-15	2.819144E-17
5.199757E+03	1.186213E-15	2.808987E-17
5.202788E+03	1.183675E-15	2.801429E-17
5.205819E+03	1.175686E-15	2.780986E-17
5.208851E+03	1.171356E-15	2.769215E-17
5.211884E+03	1.166226E-15	2.755566E-17
5.214917E+03	1.163987E-15	2.748758E-17
5.217951E+03	1.161826E-15	2.742142E-17
5.220985E+03	1.160295E-15	2.737020E-17
5.224020E+03	1.158289E-15	2.730783E-17
5.227055E+03	1.156037E-15	2.723972E-17
5.230091E+03	1.154855E-15	2.719688E-17
5.233127E+03	1.154530E-15	2.717427E-17
5.236164E+03	1.155750E-15	2.718800E-17
5.239201E+03	1.156016E-15	2.717931E-17
5.242239E+03	1.156358E-15	2.717238E-17
5.245277E+03	1.157898E-15	2.719361E-17
5.248316E+03	1.160939E-15	2.725006E-17
5.251356E+03	1.166356E-15	2.736215E-17
5.254396E+03	1.170856E-15	2.745262E-17
5.257437E+03	1.175104E-15	2.753709E-17
5.260478E+03	1.182957E-15	2.770590E-17
5.263519E+03	1.189457E-15	2.784283E-17
5.266561E+03	1.198361E-15	2.803587E-17
5.269604E+03	1.210786E-15	2.831101E-17
5.272647E+03	1.223144E-15	2.858427E-17
5.275691E+03	1.234998E-15	2.884548E-17
5.278735E+03	1.246255E-15	2.909245E-17
5.281780E+03	1.260116E-15	2.939989E-17
5.284825E+03	1.275046E-15	2.973191E-17
5.287871E+03	1.288997E-15	3.004077E-17
5.290917E+03	1.303524E-15	3.036269E-17
5.293964E+03	1.318435E-15	3.069320E-17
5.297011E+03	1.334563E-15	3.105165E-17
5.300059E+03	1.350697E-15	3.140984E-17
5.303107E+03	1.368290E-15	3.180155E-17
5.306156E+03	1.381980E-15	3.210217E-17
5.309205E+03	1.394734E-15	3.238072E-17
5.312255E+03	1.411175E-15	3.274451E-17
5.315306E+03	1.422417E-15	3.298733E-17
5.318356E+03	1.435855E-15	3.328078E-17
5.321408E+03	1.449396E-15	3.357628E-17
5.324460E+03	1.459987E-15	3.380317E-17
5.327512E+03	1.469967E-15	3.401566E-17
5.330565E+03	1.477795E-15	3.417813E-17
5.333618E+03	1.486256E-15	3.435507E-17
5.336672E+03	1.496195E-15	3.456596E-17
5.339727E+03	1.506595E-15	3.478725E-17
5.342781E+03	1.514226E-15	3.494439E-17
5.345837E+03	1.518415E-15	3.502196E-17
5.348893E+03	1.527668E-15	3.521619E-17
5.351949E+03	1.532167E-15	3.530067E-17
5.355006E+03	1.539982E-15	3.546140E-17
5.358063E+03	1.547115E-15	3.560628E-17
5.361121E+03	1.555031E-15	3.576899E-17
5.364179E+03	1.562284E-15	3.591629E-17
5.367238E+03	1.570262E-15	3.608007E-17
5.370298E+03	1.576100E-15	3.619451E-17
5.373357E+03	1.582718E-15	3.632677E-17
5.376418E+03	1.589239E-15	3.645661E-17
5.379478E+03	1.594838E-15	3.656520E-17
5.382540E+03	1.599237E-15	3.664616E-17
5.385601E+03	1.603614E-15	3.672652E-17
5.388664E+03	1.607858E-15	3.680374E-17
5.391726E+03	1.612938E-15	3.690001E-17
5.394790E+03	1.619859E-15	3.703827E-17
5.397853E+03	1.624074E-15	3.711452E-17
5.400917E+03	1.627706E-15	3.717739E-17
5.403982E+03	1.634093E-15	3.730308E-17
5.407047E+03	1.640327E-15	3.742512E-17
5.410113E+03	1.644602E-15	3.750236E-17
5.413179E+03	1.650826E-15	3.762395E-17
5.416245E+03	1.653755E-15	3.767033E-17
5.419313E+03	1.652923E-15	3.763105E-17
5.422380E+03	1.653414E-15	3.762192E-17
5.425448E+03	1.655075E-15	3.763938E-17
5.428516E+03	1.654042E-15	3.759561E-17
5.431585E+03	1.651989E-15	3.752870E-17
5.434655E+03	1.650030E-15	3.746400E-17
5.437725E+03	1.647592E-15	3.738851E-17
5.440795E+03	1.642467E-15	3.725213E-17
5.443866E+03	1.636234E-15	3.709082E-17
5.446937E+03	1.631397E-15	3.696128E-17
5.450009E+03	1.626304E-15	3.682610E-17
5.453081E+03	1.619606E-15	3.665472E-17
5.456154E+03	1.614966E-15	3.653009E-17
5.459227E+03	1.609295E-15	3.638230E-17
5.462300E+03	1.604333E-15	3.625068E-17
5.465374E+03	1.600188E-15	3.613763E-17
5.468449E+03	1.595547E-15	3.601352E-17
5.471524E+03	1.590634E-15	3.588343E-17
5.474599E+03	1.586999E-15	3.578227E-17
5.477675E+03	1.585656E-15	3.573289E-17
5.480751E+03	1.583872E-15	3.567361E-17
5.483828E+03	1.585648E-15	3.569455E-17
5.486906E+03	1.588032E-15	3.572914E-17
5.489983E+03	1.592663E-15	3.581424E-17
5.493061E+03	1.598654E-15	3.592982E-17
5.496140E+03	1.606795E-15	3.609356E-17
5.499219E+03	1.614912E-15	3.625659E-17
5.502299E+03	1.624385E-15	3.644989E-17
5.505379E+03	1.635083E-15	3.667045E-17
5.508459E+03	1.646067E-15	3.689720E-17
5.511540E+03	1.657834E-15	3.714126E-17
5.514621E+03	1.673377E-15	3.746961E-17
5.517703E+03	1.688871E-15	3.779653E-17
5.520785E+03	1.702372E-15	3.807853E-17
5.523868E+03	1.716450E-15	3.837314E-17
5.526951E+03	1.728170E-15	3.861474E-17
5.530034E+03	1.742853E-15	3.892227E-17
5.533118E+03	1.756463E-15	3.920552E-17
5.536203E+03	1.767698E-15	3.943551E-17
5.539288E+03	1.776216E-15	3.960468E-17
5.542373E+03	1.783959E-15	3.975640E-17
5.545459E+03	1.790106E-15	3.987241E-17
5.548545E+03	1.792809E-15	3.991165E-17
5.551632E+03	1.795529E-15	3.995122E-17
5.554719E+03	1.795251E-15	3.992409E-17
5.557806E+03	1.791556E-15	3.982105E-17
5.560894E+03	1.786039E-15	3.967763E-17
5.563982E+03	1.776109E-15	3.943640E-17
5.567071E+03	1.764288E-15	3.915346E-17
5.570160E+03	1.749832E-15	3.881237E-17
5.573250E+03	1.733619E-15	3.843268E-17
5.576340E+03	1.715122E-15	3.800279E-17
5.579431E+03	1.695417E-15	3.754661E-17
5.582522E+03	1.673489E-15	3.704169E-17
5.585613E+03	1.650211E-15	3.650744E-17
5.588705E+03	1.624822E-15	3.592709E-17
5.591797E+03	1.599926E-15	3.535822E-17
5.594890E+03	1.573793E-15	3.476265E-17
5.597983E+03	1.548189E-15	3.417937E-17
5.601076E+03	1.520571E-15	3.355224E-17
5.604170E+03	1.494263E-15	3.295468E-17
5.607265E+03	1.466031E-15	3.231531E-17
5.610359E+03	1.439546E-15	3.171513E-17
5.613455E+03	1.409813E-15	3.104404E-17
5.616550E+03	1.381211E-15	3.039853E-17
5.619646E+03	1.355532E-15	2.981798E-17
5.622743E+03	1.329745E-15	2.923568E-17
5.625840E+03	1.301875E-15	2.860820E-17
5.628937E+03	1.275204E-15	2.800770E-17
5.632035E+03	1.248552E-15	2.740827E-17
5.635133E+03	1.223659E-15	2.684802E-17
5.638231E+03	1.195618E-15	2.621932E-17
5.641330E+03	1.167597E-15	2.559173E-17
5.644429E+03	1.141496E-15	2.500683E-17
5.647529E+03	1.114168E-15	2.439566E-17
5.650629E+03	1.085070E-15	2.374640E-17
5.653730E+03	1.058974E-15	2.316346E-17
5.656831E+03	1.029593E-15	2.250931E-17
5.659932E+03	1.000721E-15	2.186697E-17
5.663034E+03	9.722136E-16	2.123322E-17
5.666136E+03	9.424280E-16	2.057223E-17
5.669239E+03	9.116185E-16	1.988958E-17
5.672342E+03	8.805970E-16	1.920300E-17
5.675446E+03	8.504810E-16	1.853686E-17
5.678549E+03	8.207472E-16	1.787973E-17
5.681654E+03	7.917190E-16	1.723863E-17
5.684758E+03	7.604981E-16	1.655046E-17
5.687863E+03	7.310629E-16	1.590184E-17
5.690969E+03	7.020445E-16	1.526293E-17
5.694075E+03	6.728313E-16	1.462044E-17
5.697181E+03	6.453465E-16	1.401615E-17
5.700288E+03	6.201092E-16	1.346124E-17
5.703395E+03	5.936687E-16	1.288080E-17
5.706502E+03	5.694374E-16	1.234886E-17
5.709610E+03	5.481489E-16	1.188123E-17
5.712718E+03	5.277546E-16	1.143345E-17
5.715827E+03	5.100830E-16	1.104508E-17
5.718936E+03	4.927647E-16	1.066474E-17
5.722045E+03	4.776093E-16	1.033158E-17
5.725155E+03	4.658688E-16	1.007259E-17
5.728265E+03	4.570559E-16	9.877121E-18
5.731376E+03	4.502008E-16	9.724140E-18
5.734487E+03	4.456774E-16	9.621652E-18
5.737598E+03	4.442344E-16	9.585741E-18
5.740710E+03	4.448136E-16	9.593481E-18
5.743822E+03	4.457502E-16	9.608923E-18
5.746935E+03	4.523698E-16	9.746796E-18
5.750048E+03	4.605930E-16	9.919073E-18
5.753161E+03	4.708110E-16	1.013412E-17
5.756275E+03	4.823611E-16	1.037762E-17
5.759389E+03	4.979728E-16	1.070823E-17
5.762503E+03	5.147695E-16	1.106398E-17
5.765618E+03	5.439327E-16	1.168505E-17
5.768733E+03	5.636979E-16	1.210372E-17
5.771849E+03	5.860519E-16	1.257755E-17
5.774965E+03	6.120257E-16	1.312857E-17
5.778081E+03	6.427732E-16	1.378141E-17
5.781198E+03	6.740164E-16	1.444424E-17
5.784315E+03	7.084425E-16	1.517461E-17
5.787433E+03	7.452654E-16	1.595559E-17
5.790550E+03	7.865104E-16	1.683046E-17
5.793669E+03	8.300037E-16	1.775256E-17
5.796787E+03	8.767743E-16	1.874385E-17
5.799906E+03	9.255925E-16	1.977795E-17
5.803026E+03	9.775223E-16	2.087751E-17
5.806145E+03	1.030891E-15	2.200674E-17
5.809266E+03	1.086710E-15	2.318719E-17
5.812386E+03	1.141605E-15	2.434679E-17
5.815507E+03	1.196321E-15	2.550150E-17
5.818628E+03	1.251817E-15	2.667174E-17
5.821750E+03	1.307489E-15	2.784462E-17
5.824872E+03	1.360520E-15	2.896018E-17
5.827994E+03	1.417023E-15	3.014858E-17
5.831117E+03	1.473241E-15	3.132979E-17
5.834240E+03	1.529387E-15	3.250839E-17
5.837363E+03	1.582099E-15	3.361293E-17
5.840487E+03	1.635289E-15	3.472659E-17
5.843611E+03	1.687756E-15	3.582388E-17
5.846736E+03	1.737235E-15	3.685680E-17
5.849861E+03	1.784438E-15	3.784047E-17
5.852986E+03	1.831557E-15	3.882149E-17
5.856112E+03	1.874231E-15	3.970744E-17
5.859238E+03	1.914581E-15	4.054339E-17
5.862364E+03	1.952435E-15	4.132576E-17
5.865491E+03	1.987265E-15	4.204346E-17
5.868618E+03	2.018193E-15	4.267799E-17
5.871745E+03	2.047513E-15	4.327802E-17
5.874873E+03	2.075758E-15	4.385479E-17
5.878001E+03	2.099932E-15	4.434510E-17
5.881130E+03	2.120920E-15	4.476775E-17
5.884259E+03	2.141367E-15	4.517864E-17
5.887388E+03	2.159336E-15	4.553695E-17
5.890517E+03	2.176415E-15	4.587620E-17
5.893647E+03	2.189789E-15	4.613711E-17
5.896777E+03	2.202627E-15	4.638656E-17
5.899908E+03	2.211414E-15	4.655053E-17
5.903039E+03	2.219141E-15	4.669213E-17
5.906170E+03	2.226161E-15	4.681875E-17
5.909302E+03	2.230719E-15	4.689354E-17
5.912434E+03	2.233693E-15	4.693505E-17
5.915566E+03	2.236843E-15	4.698026E-17
5.918699E+03	2.237710E-15	4.697754E-17
5.921832E+03	2.237349E-15	4.694911E-17
5.924966E+03	2.236462E-15	4.690972E-17
5.928099E+03	2.233649E-15	4.683005E-17
5.931234E+03	2.229261E-15	4.671747E-17
5.934368E+03	2.223125E-15	4.656844E-17
5.937503E+03	2.216992E-15	4.641967E-17
5.940638E+03	2.209115E-15	4.623455E-17
5.943773E+03	2.199142E-15	4.600582E-17
5.946909E+03	2.190750E-15	4.581040E-17
5.950045E+03	2.180440E-15	4.557513E-17
5.953182E+03	2.168565E-15	4.530740E-17
5.956319E+03	2.154774E-15	4.499994E-17
5.959456E+03	2.142565E-15	4.472583E-17
5.962594E+03	2.128617E-15	4.441575E-17
5.965731E+03	2.114331E-15	4.409890E-17
5.968870E+03	2.087481E-15	4.352047E-17
5.972008E+03	2.068678E-15	4.311028E-17
5.975147E+03	2.050412E-15	4.271166E-17
5.978286E+03	2.031460E-15	4.229917E-17
5.981426E+03	2.010776E-15	4.185103E-17
5.984566E+03	1.993244E-15	4.146888E-17
5.987706E+03	1.975027E-15	4.107288E-17
5.990847E+03	1.956995E-15	4.068111E-17
5.993987E+03	1.940717E-15	4.032617E-17
5.997129E+03	1.923927E-15	3.996094E-17
6.000270E+03	1.907670E-15	3.960716E-17
6.003412E+03	1.891599E-15	3.925755E-17
6.006554E+03	1.877800E-15	3.895543E-17
6.009697E+03	1.860878E-15	3.858888E-17
6.012840E+03	1.844490E-15	3.823373E-17
6.015983E+03	1.827069E-15	3.785753E-17
6.019126E+03	1.812614E-15	3.754312E-17
6.022270E+03	1.797126E-15	3.720762E-17
6.025415E+03	1.781474E-15	3.686907E-17
6.028559E+03	1.769304E-15	3.660289E-17
6.031704E+03	1.754018E-15	3.627253E-17
6.034849E+03	1.738048E-15	3.592836E-17
6.037995E+03	1.724517E-15	3.563489E-17
6.041140E+03	1.711913E-15	3.536090E-17
6.044286E+03	1.699977E-15	3.510095E-17
6.047433E+03	1.687614E-15	3.483246E-17
6.050580E+03	1.675936E-15	3.457835E-17
6.053727E+03	1.665148E-15	3.434288E-17
6.056874E+03	1.652567E-15	3.407068E-17
6.060022E+03	1.640288E-15	3.380497E-17
6.063170E+03	1.628449E-15	3.354859E-17
6.066318E+03	1.618261E-15	3.332647E-17
6.069467E+03	1.605970E-15	3.306127E-17
6.072616E+03	1.595572E-15	3.283529E-17
6.075765E+03	1.585785E-15	3.262212E-17
6.078915E+03	1.574069E-15	3.236949E-17
6.082065E+03	1.564693E-15	3.216523E-17
6.085215E+03	1.557221E-15	3.200030E-17
6.088366E+03	1.549549E-15	3.183143E-17
6.091517E+03	1.542484E-15	3.167525E-17
6.094668E+03	1.533579E-15	3.148145E-17
6.097820E+03	1.526732E-15	3.133007E-17
6.100971E+03	1.518251E-15	3.114538E-17
6.104124E+03	1.512464E-15	3.101611E-17
6.107276E+03	1.505131E-15	3.085532E-17
6.110429E+03	1.498405E-15	3.070715E-17
6.113582E+03	1.494302E-15	3.061287E-17
6.116735E+03	1.489444E-15	3.050328E-17
6.119889E+03	1.483918E-15	3.038015E-17
6.123043E+03	1.479686E-15	3.028367E-17
6.126197E+03	1.475148E-15	3.018104E-17
6.129352E+03	1.470113E-15	3.006842E-17
6.132507E+03	1.465255E-15	2.995953E-17
6.135662E+03	1.460691E-15	2.985683E-17
6.138818E+03	1.455461E-15	2.974064E-17
6.141974E+03	1.451780E-15	2.965624E-17
6.145130E+03	1.447605E-15	2.956188E-17
6.148286E+03	1.443294E-15	2.946488E-17
6.151443E+03	1.438317E-15	2.935444E-17
6.154600E+03	1.433000E-15	2.923719E-17
6.157757E+03	1.426572E-15	2.909744E-17
6.160915E+03	1.420800E-15	2.897123E-17
6.164073E+03	1.415356E-15	2.885186E-17
6.167231E+03	1.410072E-15	2.873587E-17
6.170390E+03	1.404875E-15	2.862184E-17
6.173549E+03	1.399118E-15	2.849653E-17
6.176708E+03	1.394340E-15	2.839130E-17
6.179867E+03	1.389873E-15	2.829256E-17
6.183027E+03	1.387172E-15	2.822989E-17
6.186187E+03	1.387587E-15	2.823072E-17
6.189348E+03	1.384376E-15	2.815789E-17
6.192508E+03	1.382655E-15	2.811548E-17
6.195669E+03	1.381619E-15	2.808712E-17
6.198830E+03	1.381012E-15	2.806755E-17
6.201992E+03	1.380115E-15	2.804220E-17
6.205154E+03	1.380465E-15	2.804229E-17
6.208316E+03	1.382780E-15	2.808235E-17
6.211478E+03	1.383830E-15	2.809683E-17
6.214641E+03	1.388277E-15	2.818031E-17
6.217804E+03	1.389684E-15	2.820218E-17
6.220967E+03	1.392627E-15	2.825526E-17
6.224131E+03	1.394511E-15	2.828695E-17
6.227295E+03	1.396002E-15	2.831075E-17
6.230459E+03	1.397595E-15	2.833670E-17
6.233624E+03	1.397570E-15	2.832991E-17
6.236788E+03	1.398175E-15	2.833599E-17
6.239953E+03	1.400023E-15	2.836736E-17
6.243119E+03	1.399895E-15	2.835878E-17
6.246284E+03	1.402593E-15	2.840753E-17
6.249450E+03	1.402704E-15	2.840396E-17
6.252616E+03	1.402935E-15	2.840291E-17
6.255783E+03	1.403930E-15	2.841742E-17
6.258950E+03	1.403174E-15	2.839659E-17
6.262117E+03	1.401128E-15	2.834976E-17
6.265284E+03	1.400000E-15	2.832160E-17
6.268452E+03	1.398380E-15	2.828359E-17
6.271620E+03	1.395708E-15	2.822442E-17
6.274788E+03	1.393785E-15	2.818051E-17
6.277956E+03	1.391575E-15	2.813089E-17
6.281125E+03	1.389060E-15	2.807523E-17
6.284294E+03	1.387514E-15	2.803926E-17
6.287463E+03	1.386918E-15	2.802258E-17
6.290633E+03	1.384373E-15	2.796663E-17
6.293803E+03	1.382320E-15	2.792072E-17
6.296973E+03	1.379507E-15	2.785956E-17
6.300143E+03	1.376847E-15	2.780161E-17
6.303314E+03	1.371953E-15	2.769865E-17
6.306485E+03	1.369229E-15	2.763963E-17
6.309656E+03	1.365371E-15	2.755783E-17
6.312828E+03	1.361313E-15	2.747210E-17
6.316000E+03	1.358220E-15	2.740596E-17
6.319172E+03	1.352897E-15	2.729493E-17
6.322344E+03	1.349843E-15	2.722978E-17
6.325517E+03	1.346975E-15	2.716850E-17
6.328690E+03	1.340492E-15	2.703440E-17
6.331863E+03	1.335195E-15	2.692434E-17
6.335037E+03	1.331336E-15	2.684341E-17
6.338210E+03	1.325487E-15	2.672244E-17
6.341384E+03	1.319605E-15	2.660094E-17
6.344559E+03	1.316546E-15	2.653643E-17
6.347733E+03	1.311379E-15	2.642953E-17
6.350908E+03	1.305388E-15	2.630615E-17
6.354083E+03	1.301591E-15	2.622709E-17
6.357259E+03	1.297543E-15	2.614307E-17
6.360434E+03	1.294238E-15	2.607411E-17
6.363610E+03	1.289722E-15	2.598084E-17
6.366786E+03	1.287177E-15	2.592740E-17
6.369963E+03	1.283018E-15	2.584151E-17
6.373139E+03	1.279230E-15	2.576321E-17
6.376316E+03	1.275023E-15	2.567656E-17
6.379494E+03	1.273308E-15	2.564018E-17
6.382671E+03	1.269877E-15	2.556934E-17
6.385849E+03	1.267927E-15	2.552842E-17
6.389027E+03	1.266666E-15	2.550146E-17
6.392205E+03	1.263608E-15	2.543838E-17
6.395384E+03	1.262617E-15	2.541701E-17
6.398563E+03	1.262364E-15	2.541060E-17
6.401742E+03	1.263371E-15	2.542961E-17
6.404921E+03	1.262714E-15	2.541520E-17
6.408101E+03	1.263969E-15	2.543937E-17
6.411281E+03	1.265424E-15	2.546765E-17
6.414461E+03	1.266291E-15	2.548416E-17
6.417642E+03	1.268866E-15	2.553512E-17
6.420822E+03	1.271456E-15	2.558647E-17
6.424003E+03	1.276775E-15	2.569280E-17
6.427185E+03	1.285491E-15	2.586757E-17
6.430366E+03	1.294335E-15	2.604499E-17
6.433548E+03	1.302420E-15	2.620722E-17
6.436730E+03	1.310029E-15	2.635994E-17
6.439912E+03	1.315240E-15	2.646449E-17
6.443095E+03	1.319292E-15	2.654580E-17
6.446277E+03	1.321852E-15	2.659718E-17
6.449460E+03	1.324325E-15	2.664689E-17
6.452644E+03	1.324440E-15	2.664921E-17
6.455827E+03	1.322780E-15	2.661594E-17
6.459011E+03	1.320102E-15	2.656224E-17
6.462195E+03	1.313983E-15	2.643939E-17
6.465380E+03	1.306914E-15	2.629751E-17
6.468564E+03	1.300015E-15	2.615914E-17
6.471749E+03	1.289731E-15	2.595271E-17
6.474934E+03	1.278619E-15	2.572969E-17
6.478119E+03	1.264926E-15	2.545480E-17
6.481305E+03	1.249556E-15	2.514624E-17
6.484491E+03	1.233777E-15	2.482950E-17
6.487677E+03	1.216474E-15	2.448213E-17
6.490863E+03	1.198463E-15	2.412058E-17
6.494050E+03	1.177666E-15	2.370296E-17
6.497237E+03	1.156146E-15	2.327085E-17
6.500424E+03	1.134173E-15	2.282964E-17
6.503611E+03	1.110731E-15	2.235889E-17
6.506799E+03	1.084342E-15	2.182883E-17
6.509987E+03	1.058467E-15	2.130910E-17
6.513175E+03	1.032025E-15	2.077798E-17
6.516363E+03	1.004103E-15	2.021704E-17
6.519552E+03	9.766791E-16	1.966611E-17
6.522741E+03	9.500849E-16	1.913187E-17
6.525930E+03	9.238053E-16	1.860395E-17
6.529120E+03	8.989018E-16	1.810372E-17
6.532309E+03	8.728355E-16	1.758004E-17
6.535499E+03	8.511130E-16	1.714382E-17
6.538689E+03	8.300998E-16	1.672187E-17
6.541880E+03	8.096459E-16	1.631116E-17
6.545070E+03	7.932633E-16	1.598245E-17
6.548261E+03	7.807327E-16	1.573133E-17
6.551452E+03	7.709908E-16	1.553641E-17
6.554643E+03	7.648294E-16	1.541365E-17
6.557835E+03	7.632209E-16	1.538266E-17
6.561027E+03	7.637629E-16	1.539505E-17
6.564219E+03	7.688009E-16	1.549811E-17
6.567411E+03	7.767935E-16	1.566079E-17
6.570604E+03	7.911413E-16	1.595167E-17
6.573797E+03	8.064035E-16	1.626110E-17
6.576990E+03	8.259148E-16	1.665631E-17
6.580183E+03	8.492583E-16	1.712893E-17
6.583377E+03	8.740205E-16	1.763031E-17
6.586571E+03	9.006785E-16	1.817009E-17
6.589765E+03	9.291642E-16	1.874690E-17
6.592959E+03	9.595583E-16	1.936239E-17
6.596153E+03	9.919905E-16	2.001919E-17
6.599348E+03	1.027315E-15	2.073457E-17
6.602543E+03	1.063404E-15	2.146559E-17
6.605738E+03	1.096950E-15	2.214547E-17
6.608934E+03	1.131013E-15	2.283603E-17
6.612130E+03	1.164888E-15	2.352300E-17
6.615326E+03	1.197125E-15	2.417711E-17
6.618522E+03	1.229143E-15	2.482700E-17
6.621718E+03	1.263715E-15	2.552872E-17
6.624915E+03	1.297474E-15	2.621423E-17
6.628112E+03	1.332736E-15	2.693035E-17
6.631309E+03	1.366854E-15	2.762359E-17
6.634506E+03	1.399750E-15	2.829236E-17
6.637704E+03	1.429339E-15	2.889452E-17
6.640902E+03	1.458513E-15	2.948849E-17
6.644100E+03	1.483697E-15	3.000201E-17
6.647298E+03	1.508010E-15	3.049811E-17
6.650497E+03	1.528471E-15	3.091647E-17
6.653696E+03	1.549144E-15	3.133932E-17
6.656895E+03	1.566970E-15	3.170471E-17
6.660094E+03	1.582195E-15	3.201763E-17
6.663294E+03	1.594529E-15	3.227217E-17
6.666493E+03	1.605316E-15	3.249553E-17
6.669693E+03	1.614474E-15	3.268602E-17
6.672894E+03	1.620307E-15	3.280929E-17
6.676094E+03	1.625188E-15	3.291334E-17
6.679295E+03	1.629377E-15	3.300347E-17
6.682496E+03	1.631488E-15	3.305157E-17
6.685697E+03	1.632373E-15	3.307488E-17
6.688898E+03	1.633077E-15	3.309456E-17
6.692100E+03	1.631658E-15	3.307128E-17
6.695302E+03	1.630566E-15	3.305462E-17
6.698504E+03	1.628560E-15	3.301949E-17
6.701706E+03	1.624990E-15	3.295265E-17
6.704909E+03	1.623750E-15	3.293310E-17
6.708111E+03	1.619580E-15	3.285413E-17
6.711314E+03	1.614109E-15	3.274877E-17
6.714518E+03	1.609813E-15	3.266724E-17
6.717721E+03	1.604607E-15	3.256726E-17
6.720925E+03	1.597114E-15	3.242084E-17
6.724129E+03	1.590014E-15	3.228238E-17
6.727333E+03	1.582691E-15	3.213937E-17
6.730537E+03	1.575842E-15	3.200596E-17
6.733742E+03	1.568105E-15	3.185450E-17
6.736947E+03	1.560243E-15	3.170048E-17
6.740152E+03	1.552887E-15	3.155670E-17
6.743357E+03	1.543900E-15	3.137974E-17
6.746563E+03	1.534706E-15	3.119854E-17
6.749768E+03	1.526361E-15	3.103456E-17
6.752974E+03	1.517326E-15	3.085650E-17
6.756180E+03	1.507550E-15	3.066334E-17
6.759387E+03	1.495743E-15	3.042881E-17
6.762594E+03	1.482667E-15	3.016839E-17
6.765800E+03	1.469633E-15	2.990873E-17
6.769008E+03	1.458158E-15	2.968073E-17
6.772215E+03	1.449145E-15	2.950279E-17
6.775422E+03	1.442915E-15	2.938148E-17
6.778630E+03	1.438446E-15	2.929601E-17
6.781838E+03	1.435111E-15	2.923359E-17
6.785046E+03	1.430196E-15	2.913899E-17
6.788255E+03	1.422688E-15	2.899153E-17
6.791464E+03	1.416135E-15	2.886351E-17
6.794672E+03	1.408992E-15	2.872339E-17
6.797882E+03	1.402061E-15	2.858759E-17
6.801091E+03	1.395425E-15	2.845773E-17
6.804300E+03	1.388311E-15	2.831809E-17
6.807510E+03	1.378918E-15	2.813192E-17
6.810720E+03	1.366943E-15	2.789301E-17
6.813931E+03	1.355426E-15	2.766335E-17
6.817141E+03	1.340271E-15	2.735936E-17
6.820352E+03	1.323891E-15	2.703024E-17
6.823563E+03	1.308086E-15	2.671274E-17
6.826774E+03	1.291137E-15	2.637176E-17
6.829985E+03	1.273094E-15	2.600830E-17
6.833197E+03	1.255882E-15	2.566169E-17
6.836408E+03	1.236808E-15	2.527689E-17
6.839620E+03	1.218982E-15	2.491747E-17
6.842833E+03	1.199200E-15	2.451790E-17
6.846045E+03	1.179737E-15	2.412473E-17
6.849258E+03	1.159345E-15	2.371238E-17
6.852471E+03	1.139864E-15	2.331853E-17
6.855684E+03	1.117602E-15	2.286760E-17
6.858897E+03	1.096587E-15	2.244202E-17
6.862111E+03	1.072442E-15	2.195222E-17
6.865324E+03	1.048666E-15	2.146978E-17
6.868538E+03	1.024367E-15	2.097643E-17
6.871753E+03	1.000247E-15	2.048657E-17
6.874967E+03	9.753479E-16	1.998054E-17
6.878182E+03	9.498630E-16	1.946232E-17
6.881396E+03	9.248764E-16	1.895410E-17
6.884611E+03	9.000052E-16	1.844805E-17
6.887827E+03	8.745646E-16	1.793012E-17
6.891042E+03	8.514994E-16	1.746070E-17
6.894258E+03	8.288662E-16	1.699994E-17
6.897474E+03	8.068710E-16	1.655210E-17
6.900690E+03	7.876746E-16	1.616150E-17
6.903906E+03	7.690337E-16	1.578215E-17
6.907123E+03	7.530753E-16	1.545770E-17
6.910340E+03	7.413676E-16	1.522040E-17
6.913557E+03	7.288600E-16	1.496657E-17
6.916774E+03	7.189475E-16	1.476594E-17
6.919992E+03	7.116108E-16	1.461814E-17
6.923209E+03	7.065460E-16	1.451696E-17
6.926427E+03	7.040034E-16	1.446757E-17
6.929645E+03	7.067509E-16	1.452690E-17
6.932863E+03	7.118855E-16	1.463532E-17
6.936082E+03	7.199580E-16	1.480419E-17
6.939301E+03	7.306167E-16	1.502631E-17
6.942520E+03	7.432421E-16	1.528897E-17
6.945739E+03	7.602174E-16	1.564123E-17
6.948958E+03	7.795630E-16	1.604240E-17
6.952178E+03	8.008969E-16	1.648466E-17
6.955398E+03	8.248953E-16	1.698193E-17
6.958618E+03	8.500088E-16	1.750235E-17
6.961838E+03	8.763465E-16	1.804819E-17
6.965058E+03	9.032448E-16	1.860578E-17
6.968279E+03	9.330031E-16	1.922251E-17
6.971500E+03	9.639326E-16	1.986360E-17
6.974721E+03	9.991172E-16	2.059264E-17
6.977942E+03	1.037796E-15	2.139400E-17
6.981164E+03	1.078849E-15	2.224459E-17
6.984385E+03	1.119693E-15	2.309121E-17
6.987607E+03	1.158664E-15	2.389951E-17
6.990830E+03	1.197726E-15	2.471000E-17
6.994052E+03	1.236551E-15	2.551591E-17
6.997274E+03	1.275281E-15	2.632014E-17
7.000497E+03	1.313098E-15	2.710583E-17
7.003720E+03	1.349566E-15	2.786395E-17
7.006943E+03	1.384450E-15	2.858965E-17
7.010167E+03	1.418395E-15	2.929624E-17
7.013390E+03	1.449133E-15	2.993680E-17
7.016614E+03	1.478073E-15	3.054047E-17
7.019838E+03	1.503640E-15	3.107465E-17
7.023063E+03	1.528185E-15	3.158787E-17
7.026287E+03	1.551206E-15	3.206979E-17
7.029512E+03	1.571083E-15	3.248685E-17
7.032737E+03	1.588379E-15	3.285068E-17
7.035962E+03	1.603942E-15	3.317880E-17
7.039187E+03	1.618087E-15	3.347767E-17
7.042413E+03	1.628787E-15	3.370537E-17
7.045638E+03	1.637450E-15	3.389097E-17
7.048864E+03	1.644702E-15	3.404741E-17
7.052090E+03	1.650234E-15	3.416828E-17
7.055317E+03	1.653268E-15	3.423745E-17
7.058543E+03	1.654586E-15	3.427110E-17
7.061770E+03	1.654036E-15	3.426603E-17
7.064997E+03	1.650841E-15	3.420614E-17
7.068224E+03	1.647804E-15	3.414950E-17
7.071452E+03	1.643059E-15	3.405742E-17
7.074679E+03	1.638939E-15	3.397825E-17
7.077907E+03	1.632027E-15	3.384113E-17
7.081135E+03	1.624655E-15	3.369442E-17
7.084363E+03	1.617289E-15	3.354775E-17
7.087592E+03	1.609153E-15	3.338505E-17
7.090820E+03	1.601799E-15	3.323851E-17
7.094049E+03	1.594295E-15	3.308878E-17
7.097278E+03	1.585714E-15	3.291662E-17
7.100507E+03	1.575282E-15	3.270594E-17
7.103737E+03	1.564393E-15	3.248572E-17
7.106967E+03	1.553205E-15	3.225917E-17
7.110196E+03	1.541516E-15	3.202210E-17
7.113427E+03	1.527811E-15	3.174308E-17
7.116657E+03	1.511754E-15	3.141506E-17
7.119887E+03	1.493642E-15	3.104418E-17
7.123118E+03	1.475112E-15	3.066449E-17
7.126349E+03	1.454839E-15	3.024840E-17
7.129580E+03	1.434892E-15	2.983892E-17
7.132812E+03	1.412186E-15	2.937193E-17
7.136043E+03	1.390378E-15	2.892342E-17
7.139275E+03	1.368066E-15	2.846424E-17
7.142507E+03	1.346233E-15	2.801489E-17
7.145739E+03	1.326374E-15	2.760643E-17
7.148971E+03	1.306500E-15	2.719752E-17
7.152204E+03	1.290303E-15	2.686502E-17
7.155437E+03	1.272813E-15	2.650544E-17
7.158670E+03	1.257704E-15	2.619534E-17
7.161903E+03	1.243422E-15	2.590235E-17
7.165136E+03	1.230196E-15	2.563123E-17
7.168370E+03	1.216151E-15	2.534296E-17
7.171604E+03	1.204006E-15	2.509417E-17
7.174838E+03	1.194338E-15	2.489694E-17
7.178072E+03	1.185185E-15	2.471036E-17
7.181306E+03	1.177495E-15	2.455419E-17
7.184541E+03	1.171602E-15	2.443548E-17
7.187776E+03	1.166403E-15	2.433117E-17
7.191011E+03	1.161851E-15	2.424032E-17
7.194246E+03	1.160942E-15	2.422545E-17
7.197482E+03	1.161394E-15	2.423897E-17
7.200717E+03	1.161951E-15	2.425469E-17
7.203953E+03	1.163823E-15	2.429784E-17
7.207189E+03	1.166242E-15	2.435245E-17
7.210426E+03	1.171116E-15	2.445830E-17
7.213662E+03	1.176535E-15	2.457559E-17
7.216899E+03	1.183092E-15	2.471668E-17
7.220136E+03	1.191213E-15	2.489050E-17
7.223373E+03	1.201353E-15	2.510656E-17
7.226610E+03	1.210449E-15	2.530087E-17
7.229848E+03	1.219476E-15	2.549378E-17
7.233085E+03	1.228101E-15	2.567835E-17
7.236323E+03	1.238725E-15	2.590478E-17
7.239561E+03	1.249007E-15	2.612410E-17
7.242800E+03	1.260008E-15	2.635857E-17
7.246038E+03	1.270652E-15	2.658560E-17
7.249277E+03	1.279085E-15	2.676647E-17
7.252516E+03	1.287162E-15	2.693991E-17
7.255755E+03	1.295141E-15	2.711138E-17
7.258994E+03	1.301431E-15	2.724753E-17
7.262234E+03	1.307246E-15	2.737376E-17
7.265474E+03	1.313404E-15	2.750723E-17
7.268714E+03	1.317331E-15	2.759399E-17
7.271954E+03	1.319939E-15	2.765314E-17
7.275194E+03	1.322892E-15	2.771956E-17
7.278435E+03	1.325193E-15	2.777231E-17
7.281676E+03	1.329170E-15	2.786021E-17
7.284917E+03	1.332614E-15	2.793697E-17
7.288158E+03	1.337084E-15	2.803525E-17
7.291399E+03	1.343874E-15	2.818223E-17
7.294641E+03	1.349030E-15	2.829496E-17
7.297883E+03	1.354770E-15	2.842000E-17
7.301125E+03	1.361937E-15	2.857502E-17
7.304367E+03	1.368813E-15	2.872397E-17
7.307609E+03	1.374522E-15	2.884850E-17
7.310852E+03	1.381944E-15	2.900901E-17
7.314095E+03	1.387856E-15	2.913786E-17
7.317338E+03	1.393491E-15	2.926095E-17
7.320581E+03	1.397272E-15	2.934515E-17
7.323825E+03	1.399908E-15	2.940531E-17
7.327068E+03	1.401671E-15	2.944716E-17
7.330312E+03	1.402199E-15	2.946309E-17
7.333556E+03	1.400687E-15	2.943613E-17
7.336800E+03	1.398740E-15	2.940005E-17
7.340045E+03	1.394560E-15	2.931700E-17
7.343290E+03	1.391914E-15	2.926618E-17
7.346534E+03	1.390424E-15	2.923966E-17
7.349780E+03	1.388067E-15	2.919491E-17
7.353025E+03	1.386132E-15	2.915901E-17
7.356270E+03	1.383974E-15	2.911843E-17
7.359516E+03	1.380067E-15	2.904105E-17
7.362762E+03	1.375476E-15	2.894922E-17
7.366008E+03	1.372175E-15	2.888455E-17
7.369254E+03	1.367114E-15	2.878280E-17
7.372501E+03	1.361623E-15	2.867197E-17
7.375748E+03	1.354002E-15	2.851626E-17
7.378995E+03	1.347822E-15	2.839085E-17
7.382242E+03	1.340944E-15	2.825071E-17
7.385489E+03	1.332075E-15	2.806857E-17
7.388737E+03	1.323391E-15	2.789030E-17
7.391984E+03	1.315655E-15	2.773194E-17
7.395232E+03	1.306615E-15	2.754605E-17
7.398481E+03	1.299473E-15	2.740014E-17
7.401729E+03	1.292978E-15	2.726782E-17
7.404977E+03	1.285850E-15	2.712212E-17
7.408226E+03	1.277254E-15	2.694544E-17
7.411475E+03	1.269454E-15	2.678549E-17
7.414724E+03	1.261884E-15	2.663035E-17
7.417974E+03	1.255257E-15	2.649507E-17
7.421223E+03	1.246230E-15	2.630911E-17
7.424473E+03	1.238992E-15	2.616084E-17
7.427723E+03	1.231642E-15	2.601020E-17
7.430974E+03	1.226656E-15	2.590945E-17
7.434224E+03	1.220193E-15	2.577746E-17
7.437475E+03	1.212520E-15	2.561989E-17
7.440725E+03	1.208113E-15	2.553132E-17
7.443977E+03	1.203829E-15	2.544532E-17
7.447228E+03	1.199623E-15	2.536094E-17
7.450479E+03	1.195140E-15	2.527070E-17
7.453731E+03	1.190305E-15	2.517302E-17
7.456983E+03	1.184839E-15	2.506197E-17
7.460235E+03	1.179305E-15	2.494945E-17
7.463487E+03	1.175032E-15	2.486360E-17
7.466740E+03	1.170511E-15	2.477248E-17
7.469992E+03	1.167280E-15	2.470866E-17
7.473245E+03	1.161926E-15	2.459990E-17
7.476498E+03	1.155604E-15	2.447061E-17
7.479752E+03	1.151351E-15	2.438512E-17
7.483005E+03	1.146587E-15	2.428879E-17
7.486259E+03	1.141798E-15	2.419194E-17
7.489513E+03	1.132594E-15	2.400150E-17
7.492767E+03	1.123752E-15	2.381868E-17
7.496021E+03	1.115433E-15	2.364690E-17
7.499276E+03	1.110724E-15	2.355163E-17
7.502531E+03	1.110065E-15	2.354224E-17
7.505786E+03	1.115817E-15	2.366887E-17
7.509041E+03	1.127193E-15	2.391491E-17
7.512296E+03	1.138503E-15	2.415965E-17
7.515552E+03	1.146413E-15	2.433236E-17
7.518808E+03	1.154435E-15	2.450755E-17
7.522064E+03	1.156803E-15	2.456278E-17
7.525320E+03	1.157835E-15	2.458968E-17
7.528577E+03	1.156991E-15	2.457679E-17
7.531833E+03	1.156984E-15	2.458169E-17
7.535090E+03	1.154076E-15	2.452499E-17
7.538347E+03	1.148858E-15	2.441918E-17
7.541604E+03	1.142048E-15	2.427954E-17
7.544862E+03	1.131601E-15	2.406251E-17
7.548120E+03	1.118382E-15	2.378648E-17
7.551378E+03	1.102044E-15	2.344401E-17
7.554636E+03	1.082577E-15	2.303483E-17
7.557894E+03	1.059062E-15	2.253937E-17
7.561153E+03	1.034688E-15	2.202545E-17
7.564411E+03	1.006230E-15	2.142436E-17
7.567670E+03	9.768881E-16	2.080423E-17
7.570929E+03	9.450004E-16	2.012962E-17
7.574189E+03	9.138075E-16	1.946954E-17
7.577448E+03	8.803048E-16	1.875997E-17
7.580708E+03	8.469437E-16	1.805312E-17
7.583968E+03	8.129661E-16	1.733284E-17
7.587228E+03	7.810091E-16	1.665535E-17
7.590489E+03	7.483621E-16	1.596284E-17
7.593749E+03	7.174131E-16	1.530627E-17
7.597010E+03	6.892220E-16	1.470827E-17
7.600271E+03	6.638734E-16	1.417068E-17
7.603533E+03	6.386596E-16	1.363575E-17
7.606794E+03	6.176794E-16	1.319098E-17
7.610056E+03	5.984728E-16	1.278392E-17
7.613318E+03	5.832744E-16	1.246231E-17
7.616580E+03	5.713253E-16	1.221001E-17
7.619842E+03	5.624477E-16	1.202327E-17
7.623105E+03	5.564498E-16	1.189803E-17
7.626368E+03	5.522843E-16	1.181194E-17
7.629630E+03	5.511818E-16	1.179135E-17
7.632894E+03	5.547046E-16	1.186975E-17
7.636157E+03	5.609209E-16	1.200586E-17
7.639421E+03	5.719426E-16	1.224495E-17
7.642685E+03	5.804234E-16	1.242977E-17
7.645949E+03	5.934735E-16	1.271259E-17
7.649213E+03	6.119132E-16	1.311107E-17
7.652477E+03	6.301098E-16	1.350457E-17
7.655742E+03	6.514185E-16	1.396503E-17
7.659007E+03	6.724971E-16	1.442084E-17
7.662272E+03	6.963083E-16	1.493553E-17
7.665537E+03	7.191077E-16	1.542883E-17
7.668803E+03	7.433373E-16	1.595314E-17
7.672069E+03	7.677252E-16	1.648117E-17
7.675335E+03	7.911167E-16	1.698813E-17
7.678601E+03	8.130801E-16	1.746475E-17
7.681867E+03	8.308187E-16	1.785090E-17
7.685134E+03	8.477105E-16	1.821912E-17
7.688401E+03	8.587981E-16	1.846281E-17
7.691668E+03	8.656721E-16	1.861608E-17
7.694935E+03	8.656717E-16	1.862160E-17
7.698202E+03	8.640163E-16	1.859156E-17
7.701470E+03	8.648247E-16	1.861457E-17
7.704738E+03	8.666987E-16	1.866058E-17
7.708006E+03	8.728169E-16	1.879808E-17
7.711274E+03	8.813486E-16	1.898770E-17
7.714543E+03	8.942616E-16	1.927191E-17
7.717812E+03	9.037756E-16	1.948307E-17
7.721081E+03	9.112302E-16	1.965000E-17
7.724350E+03	9.145875E-16	1.972870E-17
7.727619E+03	9.199689E-16	1.985118E-17
7.730889E+03	9.238122E-16	1.994058E-17
7.734159E+03	9.315868E-16	2.011499E-17
7.737429E+03	9.406781E-16	2.031800E-17
7.740699E+03	9.530214E-16	2.059146E-17
7.743970E+03	9.651004E-16	2.085945E-17
7.747241E+03	9.788510E-16	2.116382E-17
7.750512E+03	9.918357E-16	2.145188E-17
7.753783E+03	1.004699E-15	2.173758E-17
7.757054E+03	1.015423E-15	2.197722E-17
7.760326E+03	1.026171E-15	2.221762E-17
7.763598E+03	1.034509E-15	2.240605E-17
7.766870E+03	1.043158E-15	2.260142E-17
7.770142E+03	1.051447E-15	2.278919E-17
7.773414E+03	1.058474E-15	2.294980E-17
7.776687E+03	1.066757E-15	2.313782E-17
7.779960E+03	1.072450E-15	2.326985E-17
7.783233E+03	1.079327E-15	2.342776E-17
7.786507E+03	1.084731E-15	2.355387E-17
7.789780E+03	1.090362E-15	2.368507E-17
7.793054E+03	1.094150E-15	2.377638E-17
7.796328E+03	1.095981E-15	2.382531E-17
7.799603E+03	1.096031E-15	2.383560E-17
7.802877E+03	1.097651E-15	2.388013E-17
7.806152E+03	1.095719E-15	2.384749E-17
7.809427E+03	1.096358E-15	2.387085E-17
7.812702E+03	1.091895E-15	2.378317E-17
7.815977E+03	1.087991E-15	2.370768E-17
7.819253E+03	1.086257E-15	2.367953E-17
7.822529E+03	1.083529E-15	2.362973E-17
7.825805E+03	1.080506E-15	2.357352E-17
7.829081E+03	1.075733E-15	2.347917E-17
7.832358E+03	1.071920E-15	2.340577E-17
7.835634E+03	1.067070E-15	2.330975E-17
7.838911E+03	1.062154E-15	2.321226E-17
7.842189E+03	1.054838E-15	2.306231E-17
7.845466E+03	1.048211E-15	2.292735E-17
7.848744E+03	1.040224E-15	2.276261E-17
7.852022E+03	1.031858E-15	2.258951E-17
7.855300E+03	1.025134E-15	2.245227E-17
7.858578E+03	1.018271E-15	2.231197E-17
7.861857E+03	1.009496E-15	2.212969E-17
7.865135E+03	1.002716E-15	2.199108E-17
7.868414E+03	9.943354E-16	2.181730E-17
7.871694E+03	9.889417E-16	2.170901E-17
7.874973E+03	9.810832E-16	2.154656E-17
7.878253E+03	9.763370E-16	2.145242E-17
7.881533E+03	9.713536E-16	2.135305E-17
7.884813E+03	9.666295E-16	2.125937E-17
7.888093E+03	9.611155E-16	2.114829E-17
7.891374E+03	9.573207E-16	2.107504E-17
7.894655E+03	9.523389E-16	2.097564E-17
7.897936E+03	9.459161E-16	2.084447E-17
7.901217E+03	9.394412E-16	2.071210E-17
7.904499E+03	9.321635E-16	2.056196E-17
7.907780E+03	9.266323E-16	2.045030E-17
7.911063E+03	9.220820E-16	2.036026E-17
7.914345E+03	9.182006E-16	2.028498E-17
7.917627E+03	9.144925E-16	2.021352E-17
7.920910E+03	9.115376E-16	2.015873E-17
7.924193E+03	9.086139E-16	2.010466E-17
7.927476E+03	9.041659E-16	2.001685E-17
7.930759E+03	9.005840E-16	1.994821E-17
7.934043E+03	8.969628E-16	1.987871E-17
7.937327E+03	8.965393E-16	1.988012E-17
7.940611E+03	8.959764E-16	1.987852E-17
7.943895E+03	8.957689E-16	1.988488E-17
7.947180E+03	8.954504E-16	1.988886E-17
7.950465E+03	8.970264E-16	1.993503E-17
7.953750E+03	8.981519E-16	1.997131E-17
7.957035E+03	8.987707E-16	1.999644E-17
7.960321E+03	8.998429E-16	2.003178E-17
7.963606E+03	9.002251E-16	2.005187E-17
7.966892E+03	8.995932E-16	2.004946E-17
7.970179E+03	8.996546E-16	2.006259E-17
7.973465E+03	8.991116E-16	2.006233E-17
7.976752E+03	8.987258E-16	2.006567E-17
7.980039E+03	8.995267E-16	2.009561E-17
7.983326E+03	8.982144E-16	2.007842E-17
7.986613E+03	8.971865E-16	2.006766E-17
7.989901E+03	8.960058E-16	2.005355E-17
7.993189E+03	8.963356E-16	2.007334E-17
7.996477E+03	8.950467E-16	2.005696E-17
7.999765E+03	8.929573E-16	2.002270E-17
8.003054E+03	8.898139E-16	1.996483E-17
8.006343E+03	8.870819E-16	1.991621E-17
8.009632E+03	8.838036E-16	1.985533E-17
8.012921E+03	8.809788E-16	1.980466E-17
8.016211E+03	8.768052E-16	1.972367E-17
8.019501E+03	8.741270E-16	1.967632E-17
8.022791E+03	8.683970E-16	1.956024E-17
8.026081E+03	8.642610E-16	1.948002E-17
8.029372E+03	8.608457E-16	1.941604E-17
8.032663E+03	8.550271E-16	1.929780E-17
8.035954E+03	8.500560E-16	1.919862E-17
8.039245E+03	8.463543E-16	1.912807E-17
8.042536E+03	8.434711E-16	1.907601E-17
8.045828E+03	8.400982E-16	1.901288E-17
8.049120E+03	8.367280E-16	1.894979E-17
8.052413E+03	8.318982E-16	1.885361E-17
8.055705E+03	8.279007E-16	1.877623E-17
8.058998E+03	8.229641E-16	1.867751E-17
8.062291E+03	8.189440E-16	1.859954E-17
8.065584E+03	8.149828E-16	1.852286E-17
8.068878E+03	8.136241E-16	1.850533E-17
8.072171E+03	8.099489E-16	1.843511E-17
8.075465E+03	8.067820E-16	1.837644E-17
8.078760E+03	8.018471E-16	1.827745E-17
8.082054E+03	7.997388E-16	1.824285E-17
8.085349E+03	7.951039E-16	1.815059E-17
8.088644E+03	7.937585E-16	1.813340E-17
8.091939E+03	7.882576E-16	1.802124E-17
8.095235E+03	7.854697E-16	1.797105E-17
8.098530E+03	7.831335E-16	1.793119E-17
8.101826E+03	7.818524E-16	1.791550E-17
8.105122E+03	7.763889E-16	1.780393E-17
8.108419E+03	7.700996E-16	1.767331E-17
8.111716E+03	7.632934E-16	1.753066E-17
8.115013E+03	7.562369E-16	1.738209E-17
8.118310E+03	7.494217E-16	1.723890E-17
8.121608E+03	7.431844E-16	1.710884E-17
8.124905E+03	7.365845E-16	1.697027E-17
8.128203E+03	7.315729E-16	1.686816E-17
8.131502E+03	7.283596E-16	1.680743E-17
8.134800E+03	7.254990E-16	1.675480E-17
8.138099E+03	7.230611E-16	1.671190E-17
8.141398E+03	7.204988E-16	1.666611E-17
8.144697E+03	7.194535E-16	1.665540E-17
8.147997E+03	7.179887E-16	1.663501E-17
8.151297E+03	7.164134E-16	1.661207E-17
8.154597E+03	7.140961E-16	1.657191E-17
8.157897E+03	7.127905E-16	1.655523E-17
8.161198E+03	7.111918E-16	1.653175E-17
8.164498E+03	7.091598E-16	1.649819E-17
8.167799E+03	7.070031E-16	1.646172E-17
8.171101E+03	7.074989E-16	1.648705E-17
8.174402E+03	7.092023E-16	1.654061E-17
8.177704E+03	7.119168E-16	1.661791E-17
8.181006E+03	7.117855E-16	1.662890E-17
8.184309E+03	7.141659E-16	1.669868E-17
8.187612E+03	7.160146E-16	1.675617E-17
8.190914E+03	7.191269E-16	1.684339E-17
8.194218E+03	7.208380E-16	1.689796E-17
8.197521E+03	7.251869E-16	1.701454E-17
8.200825E+03	7.296351E-16	1.713370E-17
8.204129E+03	7.348138E-16	1.727026E-17
8.207433E+03	7.380025E-16	1.736029E-17
8.210737E+03	7.422162E-16	1.747464E-17
8.214042E+03	7.458983E-16	1.757671E-17
8.217347E+03	7.483196E-16	1.764925E-17
8.220653E+03	7.511490E-16	1.773159E-17
8.223958E+03	7.545267E-16	1.782706E-17
8.227264E+03	7.562509E-16	1.788364E-17
8.230570E+03	7.578785E-16	1.793806E-17
8.233876E+03	7.606293E-16	1.801922E-17
8.237183E+03	7.593288E-16	1.800450E-17
8.240490E+03	7.568377E-16	1.796153E-17
8.243797E+03	7.549651E-16	1.793321E-17
8.247105E+03	7.517755E-16	1.787355E-17
8.250412E+03	7.487134E-16	1.781685E-17
8.253720E+03	7.439277E-16	1.771902E-17
8.257028E+03	7.367310E-16	1.756357E-17
8.260337E+03	7.271092E-16	1.734999E-17
8.263646E+03	7.150483E-16	1.707780E-17
8.266955E+03	7.015154E-16	1.676994E-17
8.270264E+03	6.896802E-16	1.650217E-17
8.273574E+03	6.746338E-16	1.615702E-17
8.276884E+03	6.592092E-16	1.580219E-17
8.280194E+03	6.424384E-16	1.541443E-17
8.283504E+03	6.223575E-16	1.494647E-17
8.286815E+03	6.040439E-16	1.452015E-17
8.290126E+03	5.860527E-16	1.410081E-17
8.293437E+03	5.692254E-16	1.370873E-17
8.296749E+03	5.518791E-16	1.330343E-17
8.300060E+03	5.330312E-16	1.286114E-17
8.303373E+03	5.129623E-16	1.238856E-17
8.306685E+03	4.949689E-16	1.196527E-17
8.309998E+03	4.758244E-16	1.151334E-17
8.313310E+03	4.555285E-16	1.103269E-17
8.316624E+03	4.330566E-16	1.049838E-17
8.319937E+03	4.109341E-16	9.971544E-18
8.323251E+03	3.878699E-16	9.420844E-18
8.326565E+03	3.637796E-16	8.844157E-18
8.329879E+03	3.448661E-16	8.392350E-18
8.333194E+03	3.284212E-16	7.999822E-18
8.336509E+03	3.143894E-16	7.665379E-18
8.339824E+03	3.042586E-16	7.425507E-18
8.343139E+03	2.944641E-16	7.193392E-18
8.346455E+03	2.871535E-16	7.021576E-18
8.349771E+03	2.799690E-16	6.852516E-18
8.353087E+03	2.756762E-16	6.753980E-18
8.356404E+03	2.716078E-16	6.660764E-18
8.359721E+03	2.674271E-16	6.564613E-18
8.363038E+03	2.677960E-16	6.580067E-18
8.366355E+03	2.692327E-16	6.621818E-18
8.369673E+03	2.711055E-16	6.674391E-18
8.372991E+03	2.733721E-16	6.736776E-18
8.376309E+03	2.756957E-16	6.800693E-18
8.379628E+03	2.803238E-16	6.921640E-18
8.382947E+03	2.892660E-16	7.149456E-18
8.386266E+03	2.968471E-16	7.344050E-18
8.389585E+03	3.055539E-16	7.566907E-18
8.392905E+03	3.134054E-16	7.769005E-18
8.396225E+03	3.230574E-16	8.016182E-18
8.399545E+03	3.340325E-16	8.296715E-18
8.402866E+03	3.429999E-16	8.527890E-18
8.406187E+03	3.528268E-16	8.780918E-18
8.409508E+03	3.621216E-16	9.021194E-18
8.412830E+03	3.713764E-16	9.260957E-18
8.416151E+03	3.816175E-16	9.525814E-18
8.419473E+03	3.912986E-16	9.777210E-18
8.422796E+03	4.016007E-16	1.004465E-17
8.426119E+03	4.122428E-16	1.032113E-17
8.429441E+03	4.191600E-16	1.050481E-17
8.432765E+03	4.251084E-16	1.066456E-17
8.436088E+03	4.311852E-16	1.082786E-17
8.439412E+03	4.383611E-16	1.101911E-17
8.442736E+03	4.476919E-16	1.126498E-17
8.446061E+03	4.543513E-16	1.144405E-17
8.449386E+03	4.615334E-16	1.163666E-17
8.452711E+03	4.688301E-16	1.183255E-17
8.456036E+03	4.771426E-16	1.205450E-17
8.459362E+03	4.822333E-16	1.219542E-17
8.462688E+03	4.902825E-16	1.241152E-17
8.466014E+03	4.963063E-16	1.257673E-17
8.469340E+03	5.028108E-16	1.275447E-17
8.472667E+03	5.091483E-16	1.292833E-17
8.475994E+03	5.157978E-16	1.311046E-17
8.479322E+03	5.239568E-16	1.333138E-17
8.482650E+03	5.329777E-16	1.357469E-17
8.485978E+03	5.383376E-16	1.372516E-17
8.489306E+03	5.460529E-16	1.393604E-17
8.492635E+03	5.511490E-16	1.408043E-17
8.495964E+03	5.587702E-16	1.428969E-17
8.499293E+03	5.685790E-16	1.455538E-17
8.502623E+03	5.797303E-16	1.485601E-17
8.505953E+03	5.907579E-16	1.515407E-17
8.509283E+03	6.028326E-16	1.547963E-17
8.512613E+03	6.121745E-16	1.573560E-17
8.515944E+03	6.264991E-16	1.612030E-17
8.519275E+03	6.392479E-16	1.646519E-17
8.522607E+03	6.513092E-16	1.679306E-17
8.525939E+03	6.656040E-16	1.717924E-17
8.529271E+03	6.802277E-16	1.757471E-17
8.532603E+03	6.939668E-16	1.794809E-17
8.535936E+03	7.069336E-16	1.830225E-17
8.539269E+03	7.247617E-16	1.878311E-17
8.542602E+03	7.453489E-16	1.933653E-17
8.545936E+03	7.646573E-16	1.985787E-17
8.549270E+03	7.831383E-16	2.035877E-17
8.552604E+03	8.017521E-16	2.086414E-17
8.555939E+03	8.222370E-16	2.141929E-17
8.559274E+03	8.465013E-16	2.207412E-17
8.562609E+03	8.688087E-16	2.267920E-17
8.565944E+03	8.915614E-16	2.329716E-17
8.569280E+03	9.171912E-16	2.399164E-17
8.572616E+03	9.393085E-16	2.459557E-17
8.575953E+03	9.654350E-16	2.530582E-17
8.579290E+03	9.904243E-16	2.598768E-17
8.582627E+03	1.017275E-15	2.671982E-17
8.585965E+03	1.043200E-15	2.742914E-17
8.589302E+03	1.070068E-15	2.816470E-17
8.592640E+03	1.098120E-15	2.893296E-17
8.595979E+03	1.127779E-15	2.974520E-17
8.599318E+03	1.156176E-15	3.052575E-17
8.602657E+03	1.186847E-15	3.136801E-17
8.605996E+03	1.215658E-15	3.216279E-17
8.609336E+03	1.242667E-15	3.291147E-17
8.612676E+03	1.270564E-15	3.368520E-17
8.616017E+03	1.297054E-15	3.442319E-17
8.619357E+03	1.325380E-15	3.521144E-17
8.622698E+03	1.353873E-15	3.600572E-17
8.626040E+03	1.381283E-15	3.677284E-17
8.629382E+03	1.410802E-15	3.759770E-17
8.632724E+03	1.439737E-15	3.840864E-17
8.636066E+03	1.466057E-15	3.915141E-17
8.639409E+03	1.491961E-15	3.988459E-17
8.642752E+03	1.511351E-15	4.044492E-17
8.646095E+03	1.530606E-15	4.100273E-17
8.649439E+03	1.552564E-15	4.163418E-17
8.652783E+03	1.572969E-15	4.222522E-17
8.656127E+03	1.591112E-15	4.275663E-17
8.659472E+03	1.608268E-15	4.326257E-17
8.662817E+03	1.623301E-15	4.371236E-17
8.666163E+03	1.634647E-15	4.406365E-17
8.669508E+03	1.645572E-15	4.440426E-17
8.672854E+03	1.652951E-15	4.464976E-17
8.676201E+03	1.660902E-15	4.491119E-17
8.679548E+03	1.668857E-15	4.517320E-17
8.682895E+03	1.678237E-15	4.547433E-17
8.686242E+03	1.685914E-15	4.572987E-17
8.689590E+03	1.691463E-15	4.592808E-17
8.692938E+03	1.696873E-15	4.612288E-17
8.696287E+03	1.701433E-15	4.629493E-17
8.699635E+03	1.703861E-15	4.640918E-17
8.702985E+03	1.703161E-15	4.643836E-17
8.706334E+03	1.701039E-15	4.642871E-17
8.709684E+03	1.702902E-15	4.652789E-17
8.713034E+03	1.701920E-15	4.654939E-17
8.716385E+03	1.701508E-15	4.658651E-17
8.719736E+03	1.697252E-15	4.651827E-17
8.723087E+03	1.691714E-15	4.641467E-17
8.726438E+03	1.688739E-15	4.638118E-17
8.729790E+03	1.685905E-15	4.635148E-17
8.733143E+03	1.677942E-15	4.618049E-17
8.736495E+03	1.672542E-15	4.607967E-17
8.739848E+03	1.667569E-15	4.599038E-17
8.743202E+03	1.660456E-15	4.584179E-17
8.746555E+03	1.650775E-15	4.562182E-17
8.749909E+03	1.641662E-15	4.541707E-17
8.753264E+03	1.633687E-15	4.524337E-17
8.756619E+03	1.622143E-15	4.497029E-17
8.759974E+03	1.609454E-15	4.466482E-17
8.763329E+03	1.596332E-15	4.434664E-17
8.766685E+03	1.584063E-15	4.405145E-17
8.770041E+03	1.573789E-15	4.381114E-17
8.773398E+03	1.563513E-15	4.357019E-17
8.776755E+03	1.548234E-15	4.318915E-17
8.780112E+03	1.534949E-15	4.286294E-17
8.783470E+03	1.522660E-15	4.256384E-17
8.786828E+03	1.508939E-15	4.222400E-17
8.790186E+03	1.496070E-15	4.190725E-17
8.793545E+03	1.479623E-15	4.148947E-17
8.796904E+03	1.465030E-15	4.112280E-17
8.800263E+03	1.448858E-15	4.071094E-17
8.803623E+03	1.432824E-15	4.030207E-17
8.806983E+03	1.414995E-15	3.984176E-17
8.810344E+03	1.401825E-15	3.951178E-17
8.813705E+03	1.383942E-15	3.904806E-17
8.817066E+03	1.368801E-15	3.866077E-17
8.820428E+03	1.352224E-15	3.823203E-17
8.823790E+03	1.336370E-15	3.782281E-17
8.827152E+03	1.322373E-15	3.746531E-17
8.830515E+03	1.308887E-15	3.712152E-17
8.833878E+03	1.298448E-15	3.686347E-17
8.837241E+03	1.285914E-15	3.654528E-17
8.840605E+03	1.272126E-15	3.619075E-17
8.843969E+03	1.263611E-15	3.598556E-17
8.847334E+03	1.250031E-15	3.563552E-17
8.850699E+03	1.239329E-15	3.536684E-17
8.854064E+03	1.228206E-15	3.508553E-17
8.857430E+03	1.217209E-15	3.480721E-17
8.860796E+03	1.210499E-15	3.465095E-17
8.864163E+03	1.205854E-15	3.455351E-17
8.867530E+03	1.197919E-15	3.436147E-17
8.870897E+03	1.189078E-15	3.414293E-17
8.874264E+03	1.180777E-15	3.393944E-17
8.877632E+03	1.168337E-15	3.361638E-17
8.881001E+03	1.159097E-15	3.338477E-17
8.884370E+03	1.150127E-15	3.316043E-17
8.887739E+03	1.139326E-15	3.288275E-17
8.891108E+03	1.134158E-15	3.276718E-17
8.894478E+03	1.133404E-15	3.277897E-17
8.897849E+03	1.127428E-15	3.263957E-17
8.901219E+03	1.119320E-15	3.243806E-17
8.904590E+03	1.113238E-15	3.229486E-17
8.907962E+03	1.108838E-15	3.220015E-17
8.911334E+03	1.102709E-15	3.205495E-17
8.914706E+03	1.096103E-15	3.189551E-17
8.918079E+03	1.091898E-15	3.180566E-17
8.921452E+03	1.089781E-15	3.177644E-17
8.924825E+03	1.083817E-15	3.163482E-17
8.928199E+03	1.075069E-15	3.141154E-17
8.931573E+03	1.068149E-15	3.124118E-17
8.934948E+03	1.059294E-15	3.101382E-17
8.938323E+03	1.051590E-15	3.081966E-17
8.941698E+03	1.045022E-15	3.065836E-17
8.945074E+03	1.035480E-15	3.040937E-17
8.948450E+03	1.024419E-15	3.011519E-17
8.951826E+03	1.014437E-15	2.985207E-17
8.955203E+03	1.001377E-15	2.949771E-17
8.958581E+03	9.901303E-16	2.919607E-17
8.961959E+03	9.769448E-16	2.883653E-17
8.965337E+03	9.644184E-16	2.849568E-17
8.968715E+03	9.493162E-16	2.807791E-17
8.972094E+03	9.385563E-16	2.778781E-17
8.975474E+03	9.266941E-16	2.746441E-17
8.978853E+03	9.156654E-16	2.716503E-17
8.982234E+03	9.050661E-16	2.687776E-17
8.985614E+03	8.969782E-16	2.666451E-17
8.988995E+03	8.853155E-16	2.634441E-17
8.992377E+03	8.731998E-16	2.601013E-17
8.995758E+03	8.630323E-16	2.573320E-17
8.999141E+03	8.551468E-16	2.552381E-17
9.002523E+03	8.481990E-16	2.534195E-17
9.005906E+03	8.374416E-16	2.504574E-17
9.009290E+03	8.286923E-16	2.480902E-17
9.012673E+03	8.252106E-16	2.472963E-17
9.016058E+03	8.219016E-16	2.465522E-17
9.019442E+03	8.192430E-16	2.460015E-17
9.022828E+03	8.183802E-16	2.459891E-17
9.026213E+03	8.205027E-16	2.468743E-17
9.029599E+03	8.194225E-16	2.467963E-17
9.032985E+03	8.224741E-16	2.479634E-17
9.036372E+03	8.249470E-16	2.489578E-17
9.039759E+03	8.291470E-16	2.504754E-17
9.043147E+03	8.322752E-16	2.516715E-17
9.046535E+03	8.357531E-16	2.529754E-17
9.049923E+03	8.397112E-16	2.544270E-17
9.053312E+03	8.393599E-16	2.545740E-17
9.056701E+03	8.398070E-16	2.549631E-17
9.060091E+03	8.410532E-16	2.555955E-17
9.063481E+03	8.383346E-16	2.550225E-17
9.066872E+03	8.386512E-16	2.553722E-17
9.070263E+03	8.356841E-16	2.547211E-17
9.073654E+03	8.343145E-16	2.545558E-17
9.077046E+03	8.318979E-16	2.540698E-17
9.080438E+03	8.259471E-16	2.525020E-17
9.083831E+03	8.159219E-16	2.496838E-17
9.087224E+03	8.054125E-16	2.467112E-17
9.090617E+03	7.944334E-16	2.435883E-17
9.094011E+03	7.819219E-16	2.399884E-17
9.097406E+03	7.707590E-16	2.367953E-17
9.100801E+03	7.590820E-16	2.334374E-17
9.104196E+03	7.469925E-16	2.299454E-17
9.107591E+03	7.378109E-16	2.273421E-17
9.110988E+03	7.257413E-16	2.238426E-17
9.114384E+03	7.104759E-16	2.193491E-17
9.117781E+03	6.977400E-16	2.156281E-17
9.120000E+03	6.981320E-16	2.158871E-17
9.160000E+03	6.717880E-16	2.101301E-17
9.200000E+03	6.551798E-16	2.072597E-17
9.240000E+03	6.454639E-16	2.064678E-17
9.280000E+03	6.400255E-16	2.069803E-17
9.320000E+03	6.366969E-16	2.081321E-17
9.360000E+03	6.338314E-16	2.093996E-17
9.400000E+03	6.305374E-16	2.104885E-17
9.440000E+03	6.263997E-16	2.112532E-17
9.480000E+03	6.214066E-16	2.116800E-17
9.520000E+03	6.158578E-16	2.118623E-17
9.560000E+03	6.101078E-16	2.119173E-17
9.600000E+03	6.043965E-16	2.119264E-17
9.640000E+03	5.988621E-16	2.119388E-17
9.680000E+03	5.934232E-16	2.119269E-17
9.720000E+03	5.879712E-16	2.118523E-17
9.760000E+03	5.822195E-16	2.116108E-17
9.800000E+03	5.758572E-16	2.110857E-17
9.840000E+03	5.686708E-16	2.101928E-17
9.880000E+03	5.603968E-16	2.088268E-17
9.920000E+03	5.508846E-16	2.069219E-17
9.960000E+03	5.401474E-16	2.044731E-17
1.000000E+04	5.281247E-16	2.014476E-17
1.004000E+04	5.149418E-16	1.978839E-17
1.008000E+04	5.007779E-16	1.938430E-17
1.012000E+04	4.857664E-16	1.893705E-17
1.016000E+04	4.700979E-16	1.845363E-17
1.020000E+04	4.540046E-16	1.794287E-17
1.024000E+04	4.376707E-16	1.741199E-17
1.028000E+04	4.212257E-16	1.686620E-17
1.032000E+04	4.048584E-16	1.631325E-17
