#wls	flux	fluxerr
1.600000E+03	1.990340E-17	1.935238E-17
1.640000E+03	2.062205E-17	1.987837E-17
1.680000E+03	2.136884E-17	2.041697E-17
1.720000E+03	2.214816E-17	2.097137E-17
1.760000E+03	2.295279E-17	2.153371E-17
1.800000E+03	2.379102E-17	2.211075E-17
1.840000E+03	2.466350E-17	2.270195E-17
1.880000E+03	2.556643E-17	2.330262E-17
1.920000E+03	2.650443E-17	2.391580E-17
1.960000E+03	2.747787E-17	2.454056E-17
2.000000E+03	2.849178E-17	2.518003E-17
2.040000E+03	2.954176E-17	2.582890E-17
2.080000E+03	3.063283E-17	2.649012E-17
2.120000E+03	3.176518E-17	2.716231E-17
2.160000E+03	3.293882E-17	2.784391E-17
2.200000E+03	3.415900E-17	2.853769E-17
2.240000E+03	3.542570E-17	2.924187E-17
2.280000E+03	3.673859E-17	2.995433E-17
2.320000E+03	3.810302E-17	3.067755E-17
2.360000E+03	3.951843E-17	3.140906E-17
2.400000E+03	4.098391E-17	3.214609E-17
2.440000E+03	4.251082E-17	3.289538E-17
2.480000E+03	4.409170E-17	3.364878E-17
2.520000E+03	4.572470E-17	3.440267E-17
2.560000E+03	4.742746E-17	3.516791E-17
2.600000E+03	4.918439E-17	3.593027E-17
2.640000E+03	5.101300E-17	3.670001E-17
2.680000E+03	5.290307E-17	3.746691E-17
2.720000E+03	5.486476E-17	3.823540E-17
2.760000E+03	5.688638E-17	3.899441E-17
2.800000E+03	5.899144E-17	3.975711E-17
2.840000E+03	6.115961E-17	4.050650E-17
2.880000E+03	6.340610E-17	4.124962E-17
2.920000E+03	6.572346E-17	4.197827E-17
2.960000E+03	6.811810E-17	4.269328E-17
3.000000E+03	7.059607E-17	4.339491E-17
3.010000E+03	7.122076E-17	4.356300E-17
3.020000E+03	7.185555E-17	4.373299E-17
3.030000E+03	7.250033E-17	4.390472E-17
3.040000E+03	7.314725E-17	4.407334E-17
3.050000E+03	7.379619E-17	4.423875E-17
3.060000E+03	7.445457E-17	4.440535E-17
3.070000E+03	7.511457E-17	4.456840E-17
3.080000E+03	7.577604E-17	4.472779E-17
3.090000E+03	7.644646E-17	4.488788E-17
3.100000E+03	7.712558E-17	4.504844E-17
3.110000E+03	7.780563E-17	4.520485E-17
3.120000E+03	7.849406E-17	4.536142E-17
3.130000E+03	7.918301E-17	4.551351E-17
3.140000E+03	7.988003E-17	4.566544E-17
3.150000E+03	8.058483E-17	4.581696E-17
3.160000E+03	8.128963E-17	4.596359E-17
3.170000E+03	8.200952E-17	4.611379E-17
3.180000E+03	8.272905E-17	4.625877E-17
3.190000E+03	8.344804E-17	4.639843E-17
3.200000E+03	8.418161E-17	4.654112E-17
3.210000E+03	8.491424E-17	4.667817E-17
3.220000E+03	8.566116E-17	4.681788E-17
3.230000E+03	8.640678E-17	4.695165E-17
3.240000E+03	8.716637E-17	4.708772E-17
3.250000E+03	8.792436E-17	4.721758E-17
3.260000E+03	8.869597E-17	4.734938E-17
3.270000E+03	8.946583E-17	4.747480E-17
3.280000E+03	9.024895E-17	4.760179E-17
3.290000E+03	9.103764E-17	4.772615E-17
3.300000E+03	9.183186E-17	4.784781E-17
3.310000E+03	9.263142E-17	4.796661E-17
3.320000E+03	9.344394E-17	4.808640E-17
3.330000E+03	9.426166E-17	4.820309E-17
3.340000E+03	9.509207E-17	4.832041E-17
3.350000E+03	9.592771E-17	4.843446E-17
3.360000E+03	9.676846E-17	4.854513E-17
3.370000E+03	9.762192E-17	4.865613E-17
3.380000E+03	9.848056E-17	4.876362E-17
3.390000E+03	9.935195E-17	4.887124E-17
3.400000E+03	1.002361E-16	4.897889E-17
3.410000E+03	1.011332E-16	4.908648E-17
3.420000E+03	1.020358E-16	4.919030E-17
3.430000E+03	1.029515E-16	4.929395E-17
3.440000E+03	1.038805E-16	4.939739E-17
3.450000E+03	1.048230E-16	4.950052E-17
3.460000E+03	1.057718E-16	4.959985E-17
3.470000E+03	1.067419E-16	4.970233E-17
3.480000E+03	1.077263E-16	4.980441E-17
3.490000E+03	1.087253E-16	4.990615E-17
3.500000E+03	1.097390E-16	5.000744E-17
3.510000E+03	1.107681E-16	5.010840E-17
3.520000E+03	1.118127E-16	5.020897E-17
3.530000E+03	1.128808E-16	5.031245E-17
3.540000E+03	1.139653E-16	5.041555E-17
3.550000E+03	1.150740E-16	5.052149E-17
3.560000E+03	1.162002E-16	5.062708E-17
3.570000E+03	1.173443E-16	5.073234E-17
3.580000E+03	1.185141E-16	5.084041E-17
3.590000E+03	1.197100E-16	5.095119E-17
3.600000E+03	1.209255E-16	5.106164E-17
3.610000E+03	1.221681E-16	5.117474E-17
3.620000E+03	1.234384E-16	5.129044E-17
3.630000E+03	1.247370E-16	5.140866E-17
3.640000E+03	1.260642E-16	5.152929E-17
3.650000E+03	1.274135E-16	5.164933E-17
3.660000E+03	1.287993E-16	5.177441E-17
3.670000E+03	1.302081E-16	5.189870E-17
3.680000E+03	1.316542E-16	5.202763E-17
3.690000E+03	1.331309E-16	5.215818E-17
3.700000E+03	1.346383E-16	5.229009E-17
3.710000E+03	1.361766E-16	5.242310E-17
3.720000E+03	1.377529E-16	5.255960E-17
3.730000E+03	1.393601E-16	5.269648E-17
3.740000E+03	1.409981E-16	5.283344E-17
3.750000E+03	1.426736E-16	5.297256E-17
3.760000E+03	1.443793E-16	5.311084E-17
3.770000E+03	1.461145E-16	5.324770E-17
3.780000E+03	1.478926E-16	5.338761E-17
3.790000E+03	1.496991E-16	5.352494E-17
3.800000E+03	1.515327E-16	5.365899E-17
3.810000E+03	1.533994E-16	5.379158E-17
3.820000E+03	1.552980E-16	5.392187E-17
3.830000E+03	1.572270E-16	5.404908E-17
3.840000E+03	1.591780E-16	5.416998E-17
3.850000E+03	1.611561E-16	5.428613E-17
3.860000E+03	1.631594E-16	5.439656E-17
3.870000E+03	1.651861E-16	5.450041E-17
3.880000E+03	1.672269E-16	5.459444E-17
3.890000E+03	1.692867E-16	5.468005E-17
3.900000E+03	1.713698E-16	5.475841E-17
3.910000E+03	1.734602E-16	5.482426E-17
3.920000E+03	1.755621E-16	5.487885E-17
3.930000E+03	1.776732E-16	5.492129E-17
3.940000E+03	1.797841E-16	5.494868E-17
3.950000E+03	1.819059E-16	5.496436E-17
3.960000E+03	1.840227E-16	5.496349E-17
3.970000E+03	1.861390E-16	5.494744E-17
3.980000E+03	1.882526E-16	5.491558E-17
3.990000E+03	1.903616E-16	5.486743E-17
4.000000E+03	1.924575E-16	5.480061E-17
4.010000E+03	1.945456E-16	5.471678E-17
4.020000E+03	1.966245E-16	5.461564E-17
4.030000E+03	1.986868E-16	5.449528E-17
4.040000E+03	2.007320E-16	5.435575E-17
4.050000E+03	2.027664E-16	5.419898E-17
4.060000E+03	2.047903E-16	5.402513E-17
4.070000E+03	2.067915E-16	5.383116E-17
4.080000E+03	2.087836E-16	5.362087E-17
4.090000E+03	2.107620E-16	5.339320E-17
4.100000E+03	2.127285E-16	5.314878E-17
4.110000E+03	2.146790E-16	5.288674E-17
4.120000E+03	2.166230E-16	5.260959E-17
4.130000E+03	2.185634E-16	5.231816E-17
4.140000E+03	2.205040E-16	5.201339E-17
4.150000E+03	2.224360E-16	5.169330E-17
4.160000E+03	2.243765E-16	5.136192E-17
4.170000E+03	2.263238E-16	5.101883E-17
4.180000E+03	2.282829E-16	5.066511E-17
4.190000E+03	2.302529E-16	5.030050E-17
4.200000E+03	2.322454E-16	4.992742E-17
4.210000E+03	2.342599E-16	4.954561E-17
4.220000E+03	2.363023E-16	4.915610E-17
4.230000E+03	2.383845E-16	4.876111E-17
4.240000E+03	2.404945E-16	4.835787E-17
4.250000E+03	2.426564E-16	4.795092E-17
4.260000E+03	2.448582E-16	4.753746E-17
4.270000E+03	2.471180E-16	4.712060E-17
4.280000E+03	2.494297E-16	4.669867E-17
4.290000E+03	2.518051E-16	4.627341E-17
4.300000E+03	2.542500E-16	4.584527E-17
4.310000E+03	2.567577E-16	4.541243E-17
4.320000E+03	2.593394E-16	4.497629E-17
4.330000E+03	2.619999E-16	4.453702E-17
4.340000E+03	2.647379E-16	4.409367E-17
4.350000E+03	2.675632E-16	4.364717E-17
4.360000E+03	2.704675E-16	4.319544E-17
4.370000E+03	2.734598E-16	4.273916E-17
4.380000E+03	2.765366E-16	4.227706E-17
4.390000E+03	2.796996E-16	4.180866E-17
4.400000E+03	2.829561E-16	4.133430E-17
4.410000E+03	2.862880E-16	4.085063E-17
4.420000E+03	2.897132E-16	4.035951E-17
4.430000E+03	2.932122E-16	3.985754E-17
4.440000E+03	2.967887E-16	3.934467E-17
4.450000E+03	3.004395E-16	3.881988E-17
4.460000E+03	3.041606E-16	3.828217E-17
4.470000E+03	3.079409E-16	3.772965E-17
4.480000E+03	3.117681E-16	3.716055E-17
4.490000E+03	3.156478E-16	3.657527E-17
4.500000E+03	3.195658E-16	3.597200E-17
4.510000E+03	3.235014E-16	3.534834E-17
4.520000E+03	3.274636E-16	3.470540E-17
4.530000E+03	3.314240E-16	3.404033E-17
4.540000E+03	3.353782E-16	3.335303E-17
4.550000E+03	3.393155E-16	3.264290E-17
4.560000E+03	3.432248E-16	3.190945E-17
4.570000E+03	3.470949E-16	3.115236E-17
4.580000E+03	3.509086E-16	3.037095E-17
4.590000E+03	3.546550E-16	2.956532E-17
4.600000E+03	3.583237E-16	2.873576E-17
4.610000E+03	3.619117E-16	2.788330E-17
4.620000E+03	3.653971E-16	2.700767E-17
4.630000E+03	3.687848E-16	2.611078E-17
4.640000E+03	3.720616E-16	2.519332E-17
4.650000E+03	3.752152E-16	2.425625E-17
4.660000E+03	3.782478E-16	2.330163E-17
4.670000E+03	3.811562E-16	2.233127E-17
4.680000E+03	3.839387E-16	2.134720E-17
4.690000E+03	3.865884E-16	2.035130E-17
4.700000E+03	3.891129E-16	1.934641E-17
4.710000E+03	3.915142E-16	1.833522E-17
4.720000E+03	3.937956E-16	1.732071E-17
4.730000E+03	3.959553E-16	1.630589E-17
4.740000E+03	3.980115E-16	1.529502E-17
4.750000E+03	3.999576E-16	1.429181E-17
4.760000E+03	4.018072E-16	1.330146E-17
4.770000E+03	4.035680E-16	1.232984E-17
4.780000E+03	4.052420E-16	1.138395E-17
4.790000E+03	4.068513E-16	1.047308E-17
4.800000E+03	4.083993E-16	9.608355E-18
4.810000E+03	4.098956E-16	8.804184E-18
4.820000E+03	4.113567E-16	8.078979E-18
4.830000E+03	4.127857E-16	7.455149E-18
4.840000E+03	4.141910E-16	6.958835E-18
4.850000E+03	4.155874E-16	6.617066E-18
4.860000E+03	4.169817E-16	6.452001E-18
4.870000E+03	4.183728E-16	6.471511E-18
4.880000E+03	4.197719E-16	6.660596E-18
4.890000E+03	4.211817E-16	6.991417E-18
4.900000E+03	4.226108E-16	7.432155E-18
4.910000E+03	4.240464E-16	7.952390E-18
4.920000E+03	4.255005E-16	8.526844E-18
4.930000E+03	4.269712E-16	9.135312E-18
4.940000E+03	4.284483E-16	9.762122E-18
4.950000E+03	4.299274E-16	1.039546E-17
4.960000E+03	4.314160E-16	1.102668E-17
4.970000E+03	4.328946E-16	1.164855E-17
4.980000E+03	4.343627E-16	1.225588E-17
4.990000E+03	4.358190E-16	1.284460E-17
5.000000E+03	4.372486E-16	1.341107E-17
5.010000E+03	4.386430E-16	1.395247E-17
5.020000E+03	4.400000E-16	1.446664E-17
5.030000E+03	4.413044E-16	1.495136E-17
5.040000E+03	4.425539E-16	1.540513E-17
5.050000E+03	4.437336E-16	1.582626E-17
5.060000E+03	4.448484E-16	1.621395E-17
5.070000E+03	4.458774E-16	1.656664E-17
5.080000E+03	4.468200E-16	1.688365E-17
5.090000E+03	4.476693E-16	1.716423E-17
5.100000E+03	4.484257E-16	1.740803E-17
5.110000E+03	4.490705E-16	1.761409E-17
5.120000E+03	4.496115E-16	1.778259E-17
5.130000E+03	4.500312E-16	1.791286E-17
5.140000E+03	4.503453E-16	1.800566E-17
5.150000E+03	4.505303E-16	1.806030E-17
5.160000E+03	4.505964E-16	1.807757E-17
5.170000E+03	4.505342E-16	1.805762E-17
5.180000E+03	4.503414E-16	1.800099E-17
5.190000E+03	4.500225E-16	1.790864E-17
5.200000E+03	4.495691E-16	1.778114E-17
5.210000E+03	4.489797E-16	1.761952E-17
5.220000E+03	4.482529E-16	1.742492E-17
5.230000E+03	4.473941E-16	1.719895E-17
5.240000E+03	4.464022E-16	1.694310E-17
5.250000E+03	4.452634E-16	1.665859E-17
5.260000E+03	4.439898E-16	1.634780E-17
5.270000E+03	4.425683E-16	1.601240E-17
5.280000E+03	4.410108E-16	1.565523E-17
5.290000E+03	4.393110E-16	1.527869E-17
5.300000E+03	4.374688E-16	1.488570E-17
5.310000E+03	4.354841E-16	1.447950E-17
5.320000E+03	4.333576E-16	1.406368E-17
5.330000E+03	4.310896E-16	1.364222E-17
5.340000E+03	4.286752E-16	1.321931E-17
5.350000E+03	4.261279E-16	1.280015E-17
5.360000E+03	4.234370E-16	1.238966E-17
5.370000E+03	4.206107E-16	1.199373E-17
5.380000E+03	4.176455E-16	1.161837E-17
5.390000E+03	4.145564E-16	1.127041E-17
5.400000E+03	4.113289E-16	1.095609E-17
5.410000E+03	4.079850E-16	1.068262E-17
5.420000E+03	4.045115E-16	1.045603E-17
5.430000E+03	4.009314E-16	1.028267E-17
5.440000E+03	3.972389E-16	1.016716E-17
5.450000E+03	3.934409E-16	1.011278E-17
5.460000E+03	3.895510E-16	1.011767E-17
5.470000E+03	3.855736E-16	1.017575E-17
5.480000E+03	3.815261E-16	1.028040E-17
5.490000E+03	3.774219E-16	1.042450E-17
5.500000E+03	3.732704E-16	1.060082E-17
5.510000E+03	3.690872E-16	1.080257E-17
5.520000E+03	3.648991E-16	1.102384E-17
5.530000E+03	3.607122E-16	1.125878E-17
5.540000E+03	3.565439E-16	1.150254E-17
5.550000E+03	3.524210E-16	1.175134E-17
5.560000E+03	3.483502E-16	1.200143E-17
5.570000E+03	3.443573E-16	1.225036E-17
5.580000E+03	3.404482E-16	1.249558E-17
5.590000E+03	3.366470E-16	1.273572E-17
5.600000E+03	3.329628E-16	1.296931E-17
5.610000E+03	3.294082E-16	1.319540E-17
5.620000E+03	3.259994E-16	1.341357E-17
5.630000E+03	3.227420E-16	1.362322E-17
5.640000E+03	3.196451E-16	1.382414E-17
5.650000E+03	3.167252E-16	1.401666E-17
5.660000E+03	3.139791E-16	1.420040E-17
5.670000E+03	3.114158E-16	1.437565E-17
5.680000E+03	3.090380E-16	1.454251E-17
5.690000E+03	3.068511E-16	1.470129E-17
5.700000E+03	3.048456E-16	1.485164E-17
5.710000E+03	3.030279E-16	1.499396E-17
5.720000E+03	3.013895E-16	1.512800E-17
5.730000E+03	2.999286E-16	1.525379E-17
5.740000E+03	2.986335E-16	1.537085E-17
5.750000E+03	2.974989E-16	1.547904E-17
5.760000E+03	2.965141E-16	1.557788E-17
5.770000E+03	2.956626E-16	1.566656E-17
5.780000E+03	2.949347E-16	1.574460E-17
5.790000E+03	2.943198E-16	1.581145E-17
5.800000E+03	2.937937E-16	1.586579E-17
5.810000E+03	2.933441E-16	1.590691E-17
5.820000E+03	2.929580E-16	1.593409E-17
5.830000E+03	2.926099E-16	1.594586E-17
5.840000E+03	2.922909E-16	1.594171E-17
5.850000E+03	2.919803E-16	1.592046E-17
5.860000E+03	2.916622E-16	1.588122E-17
5.870000E+03	2.913259E-16	1.582343E-17
5.880000E+03	2.909499E-16	1.574596E-17
5.890000E+03	2.905310E-16	1.564871E-17
5.900000E+03	2.900598E-16	1.553131E-17
5.910000E+03	2.895206E-16	1.539309E-17
5.920000E+03	2.889172E-16	1.523450E-17
5.930000E+03	2.882435E-16	1.505546E-17
5.940000E+03	2.875043E-16	1.485658E-17
5.950000E+03	2.866948E-16	1.463796E-17
5.960000E+03	2.858292E-16	1.440075E-17
5.970000E+03	2.849123E-16	1.414561E-17
5.980000E+03	2.839549E-16	1.387356E-17
5.990000E+03	2.829706E-16	1.358572E-17
6.000000E+03	2.819786E-16	1.328347E-17
6.010000E+03	2.809876E-16	1.296767E-17
6.020000E+03	2.800238E-16	1.263998E-17
6.030000E+03	2.790984E-16	1.230129E-17
6.040000E+03	2.782394E-16	1.195317E-17
6.050000E+03	2.774587E-16	1.159645E-17
6.060000E+03	2.767808E-16	1.123238E-17
6.070000E+03	2.762296E-16	1.086210E-17
6.080000E+03	2.758168E-16	1.048617E-17
6.090000E+03	2.755609E-16	1.010535E-17
6.100000E+03	2.754881E-16	9.720591E-18
6.110000E+03	2.756070E-16	9.332113E-18
6.120000E+03	2.759332E-16	8.940359E-18
6.130000E+03	2.764891E-16	8.545935E-18
6.140000E+03	2.772793E-16	8.148870E-18
6.150000E+03	2.783150E-16	7.749446E-18
6.160000E+03	2.796101E-16	7.348096E-18
6.170000E+03	2.811726E-16	6.945231E-18
6.180000E+03	2.830047E-16	6.541363E-18
6.190000E+03	2.851112E-16	6.137444E-18
6.200000E+03	2.874989E-16	5.735008E-18
6.210000E+03	2.901649E-16	5.336153E-18
6.220000E+03	2.931131E-16	4.944222E-18
6.230000E+03	2.963364E-16	4.563944E-18
6.240000E+03	2.998294E-16	4.202290E-18
6.250000E+03	3.035883E-16	3.869236E-18
6.260000E+03	3.075981E-16	3.578342E-18
6.270000E+03	3.118494E-16	3.347246E-18
6.280000E+03	3.163207E-16	3.196198E-18
6.290000E+03	3.209922E-16	3.144395E-18
6.300000E+03	3.258454E-16	3.199581E-18
6.310000E+03	3.308555E-16	3.349378E-18
6.320000E+03	3.359857E-16	3.573248E-18
6.330000E+03	3.412244E-16	3.849670E-18
6.340000E+03	3.465338E-16	4.159193E-18
6.350000E+03	3.518859E-16	4.486003E-18
6.360000E+03	3.572584E-16	4.817717E-18
6.370000E+03	3.626240E-16	5.144596E-18
6.380000E+03	3.679502E-16	5.458871E-18
6.390000E+03	3.732167E-16	5.754459E-18
6.400000E+03	3.783982E-16	6.026369E-18
6.410000E+03	3.834708E-16	6.270547E-18
6.420000E+03	3.884056E-16	6.483621E-18
6.430000E+03	3.931929E-16	6.663229E-18
6.440000E+03	3.977999E-16	6.807293E-18
6.450000E+03	4.022199E-16	6.914851E-18
6.460000E+03	4.064287E-16	6.985377E-18
6.470000E+03	4.104092E-16	7.019276E-18
6.480000E+03	4.141457E-16	7.017897E-18
6.490000E+03	4.176300E-16	6.983793E-18
6.500000E+03	4.208420E-16	6.920579E-18
6.510000E+03	4.237705E-16	6.833511E-18
6.520000E+03	4.264211E-16	6.729858E-18
6.530000E+03	4.287747E-16	6.618498E-18
6.540000E+03	4.308293E-16	6.510805E-18
6.550000E+03	4.326006E-16	6.420688E-18
6.560000E+03	4.340792E-16	6.363702E-18
6.570000E+03	4.352868E-16	6.357173E-18
6.580000E+03	4.362189E-16	6.418053E-18
6.590000E+03	4.369010E-16	6.561975E-18
6.600000E+03	4.373394E-16	6.798396E-18
6.610000E+03	4.375557E-16	7.123862E-18
6.620000E+03	4.375577E-16	7.529258E-18
6.630000E+03	4.373681E-16	8.003990E-18
6.640000E+03	4.369953E-16	8.536906E-18
6.650000E+03	4.364629E-16	9.117730E-18
6.660000E+03	4.357874E-16	9.737165E-18
6.670000E+03	4.349858E-16	1.038718E-17
6.680000E+03	4.340760E-16	1.106099E-17
6.690000E+03	4.330685E-16	1.175276E-17
6.700000E+03	4.320039E-16	1.245846E-17
6.710000E+03	4.308794E-16	1.317373E-17
6.720000E+03	4.297290E-16	1.389601E-17
6.730000E+03	4.285654E-16	1.462274E-17
6.740000E+03	4.274159E-16	1.535239E-17
6.750000E+03	4.262935E-16	1.608342E-17
6.760000E+03	4.252254E-16	1.681523E-17
6.770000E+03	4.242320E-16	1.754736E-17
6.780000E+03	4.233257E-16	1.827935E-17
6.790000E+03	4.225403E-16	1.901194E-17
6.800000E+03	4.218801E-16	1.974487E-17
6.810000E+03	4.213701E-16	2.047901E-17
6.820000E+03	4.210272E-16	2.121511E-17
6.830000E+03	4.208672E-16	2.195404E-17
6.840000E+03	4.209046E-16	2.269676E-17
6.850000E+03	4.211595E-16	2.344468E-17
6.860000E+03	4.216292E-16	2.419809E-17
6.870000E+03	4.223377E-16	2.495884E-17
6.880000E+03	4.232861E-16	2.572756E-17
6.890000E+03	4.244802E-16	2.650519E-17
6.900000E+03	4.259245E-16	2.729260E-17
6.910000E+03	4.276285E-16	2.809103E-17
6.920000E+03	4.295851E-16	2.890063E-17
6.930000E+03	4.317926E-16	2.972183E-17
6.940000E+03	4.342472E-16	3.055492E-17
6.950000E+03	4.369508E-16	3.140051E-17
6.960000E+03	4.398881E-16	3.225792E-17
6.970000E+03	4.430501E-16	3.312684E-17
6.980000E+03	4.464329E-16	3.400724E-17
6.990000E+03	4.500086E-16	3.489717E-17
7.000000E+03	4.537782E-16	3.579678E-17
7.010000E+03	4.577184E-16	3.670422E-17
7.020000E+03	4.618121E-16	3.761799E-17
7.030000E+03	4.660409E-16	3.853640E-17
7.040000E+03	4.703857E-16	3.945751E-17
7.050000E+03	4.748346E-16	4.037992E-17
7.060000E+03	4.793492E-16	4.129987E-17
7.070000E+03	4.839160E-16	4.221556E-17
7.080000E+03	4.885031E-16	4.312348E-17
7.090000E+03	4.931032E-16	4.402222E-17
7.100000E+03	4.976743E-16	4.490716E-17
7.110000E+03	5.021987E-16	4.577574E-17
7.120000E+03	5.066491E-16	4.662449E-17
7.130000E+03	5.109881E-16	4.744889E-17
7.140000E+03	5.151858E-16	4.824503E-17
7.150000E+03	5.192202E-16	4.900970E-17
7.160000E+03	5.230407E-16	4.973692E-17
7.170000E+03	5.266416E-16	5.042493E-17
7.180000E+03	5.299601E-16	5.106653E-17
7.190000E+03	5.329705E-16	5.165798E-17
7.200000E+03	5.356365E-16	5.219459E-17
7.210000E+03	5.379220E-16	5.267168E-17
7.220000E+03	5.397817E-16	5.308370E-17
7.230000E+03	5.411997E-16	5.342805E-17
7.240000E+03	5.421139E-16	5.369765E-17
7.250000E+03	5.425127E-16	5.389051E-17
7.260000E+03	5.423679E-16	5.400311E-17
7.270000E+03	5.416459E-16	5.403154E-17
7.280000E+03	5.403179E-16	5.397251E-17
7.290000E+03	5.383891E-16	5.382629E-17
7.300000E+03	5.358422E-16	5.359111E-17
7.310000E+03	5.326761E-16	5.326699E-17
7.320000E+03	5.288966E-16	5.285483E-17
7.330000E+03	5.245075E-16	5.235554E-17
7.340000E+03	5.195388E-16	5.177284E-17
7.350000E+03	5.140183E-16	5.111038E-17
7.360000E+03	5.079711E-16	5.037173E-17
7.370000E+03	5.014382E-16	4.956217E-17
7.380000E+03	4.944750E-16	4.868850E-17
7.390000E+03	4.871234E-16	4.775628E-17
7.400000E+03	4.794383E-16	4.677241E-17
7.410000E+03	4.714857E-16	4.574488E-17
7.420000E+03	4.633158E-16	4.468010E-17
7.430000E+03	4.549802E-16	4.358463E-17
7.440000E+03	4.465543E-16	4.246718E-17
7.450000E+03	4.380877E-16	4.133388E-17
7.460000E+03	4.296279E-16	4.019059E-17
7.470000E+03	4.212432E-16	3.904488E-17
7.480000E+03	4.129745E-16	3.790163E-17
7.490000E+03	4.048597E-16	3.676524E-17
7.500000E+03	3.969469E-16	3.564086E-17
7.510000E+03	3.892725E-16	3.453232E-17
7.520000E+03	3.818681E-16	3.344286E-17
7.530000E+03	3.747609E-16	3.237505E-17
7.540000E+03	3.679738E-16	3.133092E-17
7.550000E+03	3.615186E-16	3.031138E-17
7.560000E+03	3.554171E-16	2.931793E-17
7.570000E+03	3.496801E-16	2.835103E-17
7.580000E+03	3.443150E-16	2.741065E-17
7.590000E+03	3.393205E-16	2.649592E-17
7.600000E+03	3.347103E-16	2.560704E-17
7.610000E+03	3.304714E-16	2.474197E-17
7.620000E+03	3.266069E-16	2.389982E-17
7.630000E+03	3.231114E-16	2.307898E-17
7.640000E+03	3.199722E-16	2.227724E-17
7.650000E+03	3.171922E-16	2.149342E-17
7.660000E+03	3.147500E-16	2.072460E-17
7.670000E+03	3.126398E-16	1.996896E-17
7.680000E+03	3.108491E-16	1.922418E-17
7.690000E+03	3.093644E-16	1.848790E-17
7.700000E+03	3.081655E-16	1.775743E-17
7.710000E+03	3.072482E-16	1.703104E-17
7.720000E+03	3.065848E-16	1.630576E-17
7.730000E+03	3.061641E-16	1.557966E-17
7.740000E+03	3.059622E-16	1.485029E-17
7.750000E+03	3.059723E-16	1.411623E-17
7.760000E+03	3.061631E-16	1.337509E-17
7.770000E+03	3.065204E-16	1.262560E-17
7.780000E+03	3.070233E-16	1.186653E-17
7.790000E+03	3.076440E-16	1.109686E-17
7.800000E+03	3.083654E-16	1.031664E-17
7.810000E+03	3.091640E-16	9.526471E-18
7.820000E+03	3.100094E-16	8.727949E-18
7.830000E+03	3.108816E-16	7.924711E-18
7.840000E+03	3.117478E-16	7.122641E-18
7.850000E+03	3.125863E-16	6.332010E-18
7.860000E+03	3.133623E-16	5.569477E-18
7.870000E+03	3.140519E-16	4.862935E-18
7.880000E+03	3.146247E-16	4.257489E-18
7.890000E+03	3.150437E-16	3.820707E-18
7.900000E+03	3.152772E-16	3.633697E-18
7.910000E+03	3.152942E-16	3.750615E-18
7.920000E+03	3.150701E-16	4.151666E-18
7.930000E+03	3.145753E-16	4.765345E-18
7.940000E+03	3.137705E-16	5.518159E-18
7.950000E+03	3.126424E-16	6.355998E-18
7.960000E+03	3.111636E-16	7.242541E-18
7.970000E+03	3.093227E-16	8.153800E-18
7.980000E+03	3.070952E-16	9.072676E-18
7.990000E+03	3.044861E-16	9.987144E-18
8.000000E+03	3.014889E-16	1.088750E-17
8.010000E+03	2.981099E-16	1.176610E-17
8.020000E+03	2.943620E-16	1.261675E-17
8.030000E+03	2.902708E-16	1.343471E-17
8.040000E+03	2.858562E-16	1.421576E-17
8.050000E+03	2.811496E-16	1.495691E-17
8.060000E+03	2.761869E-16	1.565610E-17
8.070000E+03	2.710086E-16	1.631222E-17
8.080000E+03	2.656633E-16	1.692534E-17
8.090000E+03	2.601857E-16	1.749544E-17
8.100000E+03	2.546328E-16	1.802459E-17
8.110000E+03	2.490505E-16	1.851494E-17
8.120000E+03	2.434737E-16	1.896850E-17
8.130000E+03	2.379550E-16	1.938924E-17
8.140000E+03	2.325297E-16	1.978048E-17
8.150000E+03	2.272342E-16	2.014615E-17
8.160000E+03	2.221063E-16	2.049089E-17
8.170000E+03	2.171701E-16	2.081860E-17
8.180000E+03	2.124555E-16	2.113411E-17
8.190000E+03	2.079792E-16	2.144139E-17
8.200000E+03	2.037592E-16	2.174474E-17
8.210000E+03	1.998141E-16	2.204888E-17
8.220000E+03	1.961509E-16	2.235746E-17
8.230000E+03	1.927822E-16	2.267493E-17
8.240000E+03	1.897140E-16	2.300511E-17
8.250000E+03	1.869463E-16	2.335121E-17
8.260000E+03	1.844815E-16	2.371673E-17
8.270000E+03	1.823279E-16	2.410599E-17
8.280000E+03	1.804735E-16	2.452071E-17
8.290000E+03	1.789279E-16	2.496548E-17
8.300000E+03	1.776810E-16	2.544216E-17
8.310000E+03	1.767297E-16	2.595352E-17
8.320000E+03	1.760774E-16	2.650329E-17
8.330000E+03	1.757123E-16	2.709289E-17
8.340000E+03	1.756290E-16	2.772461E-17
8.350000E+03	1.758298E-16	2.840185E-17
8.360000E+03	1.762969E-16	2.912480E-17
8.370000E+03	1.770352E-16	2.989716E-17
8.380000E+03	1.780293E-16	3.071926E-17
8.390000E+03	1.792748E-16	3.159309E-17
8.400000E+03	1.807626E-16	3.251976E-17
8.410000E+03	1.824783E-16	3.349930E-17
8.420000E+03	1.844146E-16	3.453280E-17
8.430000E+03	1.865547E-16	3.561946E-17
8.440000E+03	1.888886E-16	3.675956E-17
8.450000E+03	1.914009E-16	3.795214E-17
8.460000E+03	1.940699E-16	3.919475E-17
8.470000E+03	1.968809E-16	4.048610E-17
8.480000E+03	1.998089E-16	4.182248E-17
8.490000E+03	2.028360E-16	4.320130E-17
8.500000E+03	2.059380E-16	4.461840E-17
8.510000E+03	2.090795E-16	4.606676E-17
8.520000E+03	2.122474E-16	4.754384E-17
8.530000E+03	2.154030E-16	4.904110E-17
8.540000E+03	2.185160E-16	5.055134E-17
8.550000E+03	2.215553E-16	5.206674E-17
8.560000E+03	2.244941E-16	5.358007E-17
8.570000E+03	2.273005E-16	5.508242E-17
8.580000E+03	2.299315E-16	5.656174E-17
8.590000E+03	2.323719E-16	5.801228E-17
8.600000E+03	2.345744E-16	5.941989E-17
8.610000E+03	2.365209E-16	6.077731E-17
8.620000E+03	2.381784E-16	6.207306E-17
8.630000E+03	2.395216E-16	6.329727E-17
8.640000E+03	2.405341E-16	6.444206E-17
8.650000E+03	2.411907E-16	6.549696E-17
8.660000E+03	2.414757E-16	6.645371E-17
8.670000E+03	2.413833E-16	6.730659E-17
8.680000E+03	2.408992E-16	6.804746E-17
8.690000E+03	2.400196E-16	6.867093E-17
8.700000E+03	2.387510E-16	6.917454E-17
8.710000E+03	2.370916E-16	6.955356E-17
8.720000E+03	2.350500E-16	6.980624E-17
8.730000E+03	2.326385E-16	6.993212E-17
8.740000E+03	2.298789E-16	6.993388E-17
8.750000E+03	2.267902E-16	6.981355E-17
8.760000E+03	2.233883E-16	6.957257E-17
8.770000E+03	2.196976E-16	6.921522E-17
8.780000E+03	2.157503E-16	6.874866E-17
8.790000E+03	2.115680E-16	6.817715E-17
8.800000E+03	2.071853E-16	6.750943E-17
8.810000E+03	2.026258E-16	6.675115E-17
8.820000E+03	1.979243E-16	6.591203E-17
8.830000E+03	1.931097E-16	6.500032E-17
8.840000E+03	1.882099E-16	6.402438E-17
8.850000E+03	1.832471E-16	6.299091E-17
8.860000E+03	1.782522E-16	6.191008E-17
8.870000E+03	1.732496E-16	6.079010E-17
8.880000E+03	1.682615E-16	5.963889E-17
8.890000E+03	1.633087E-16	5.846403E-17
8.900000E+03	1.584099E-16	5.727274E-17
8.910000E+03	1.535860E-16	5.607335E-17
8.920000E+03	1.488428E-16	5.486874E-17
8.930000E+03	1.442018E-16	5.366791E-17
8.940000E+03	1.396693E-16	5.247434E-17
8.950000E+03	1.352585E-16	5.129422E-17
8.960000E+03	1.309721E-16	5.013000E-17
8.970000E+03	1.268199E-16	4.898677E-17
8.980000E+03	1.228018E-16	4.786600E-17
8.990000E+03	1.189244E-16	4.677173E-17
9.000000E+03	1.151890E-16	4.570603E-17
9.040000E+03	1.016559E-16	4.175486E-17
9.080000E+03	9.028114E-17	3.833486E-17
9.120000E+03	8.083379E-17	3.543733E-17
9.160000E+03	7.302476E-17	3.301356E-17
9.200000E+03	6.656503E-17	3.099822E-17
9.240000E+03	6.118626E-17	2.931946E-17
9.280000E+03	5.666173E-17	2.791079E-17
9.320000E+03	5.280226E-17	2.671209E-17
9.360000E+03	4.946169E-17	2.567509E-17
9.400000E+03	4.652540E-17	2.476029E-17
9.440000E+03	4.391296E-17	2.394057E-17
9.480000E+03	4.156132E-17	2.319412E-17
9.520000E+03	3.942548E-17	2.250605E-17
9.560000E+03	3.747335E-17	2.186654E-17
9.600000E+03	3.568325E-17	2.127026E-17
9.640000E+03	3.403493E-17	2.071154E-17
9.680000E+03	3.251344E-17	2.018691E-17
9.720000E+03	3.110219E-17	1.969105E-17
9.760000E+03	2.979219E-17	1.922265E-17
9.800000E+03	2.856847E-17	1.877599E-17
9.840000E+03	2.742163E-17	1.834828E-17
9.880000E+03	2.634770E-17	1.793995E-17
9.920000E+03	2.533470E-17	1.754562E-17
9.960000E+03	2.438125E-17	1.716679E-17
1.000000E+04	2.348114E-17	1.680142E-17
1.004000E+04	2.262880E-17	1.644757E-17
1.008000E+04	2.182451E-17	1.610739E-17
1.012000E+04	2.105959E-17	1.577624E-17
1.016000E+04	2.033465E-17	1.545619E-17
1.020000E+04	1.964674E-17	1.514650E-17
1.024000E+04	1.899121E-17	1.484500E-17
1.028000E+04	1.836538E-17	1.455083E-17
1.032000E+04	1.776847E-17	1.426453E-17
