#wls	flux	fluxerr
1.600000E+03	1.524621E-17	6.739861E-18
1.640000E+03	1.569749E-17	6.890493E-18
1.680000E+03	1.616197E-17	7.043232E-18
1.720000E+03	1.663988E-17	7.197973E-18
1.760000E+03	1.713740E-17	7.357150E-18
1.800000E+03	1.764915E-17	7.518191E-18
1.840000E+03	1.817535E-17	7.680956E-18
1.880000E+03	1.872269E-17	7.848003E-18
1.920000E+03	1.928529E-17	8.016574E-18
1.960000E+03	1.986339E-17	8.186503E-18
2.000000E+03	2.046421E-17	8.360467E-18
2.040000E+03	2.108137E-17	8.535525E-18
2.080000E+03	2.171880E-17	8.712960E-18
2.120000E+03	2.237704E-17	8.892636E-18
2.160000E+03	2.305278E-17	9.072888E-18
2.200000E+03	2.375424E-17	9.256593E-18
2.240000E+03	2.447416E-17	9.440513E-18
2.280000E+03	2.522126E-17	9.627615E-18
2.320000E+03	2.598787E-17	9.814536E-18
2.360000E+03	2.677879E-17	1.000268E-17
2.400000E+03	2.759475E-17	1.019185E-17
2.440000E+03	2.843652E-17	1.038187E-17
2.480000E+03	2.930970E-17	1.057425E-17
2.520000E+03	3.020576E-17	1.076538E-17
2.560000E+03	3.113031E-17	1.095675E-17
2.600000E+03	3.208955E-17	1.114996E-17
2.640000E+03	3.307441E-17	1.134124E-17
2.680000E+03	3.409658E-17	1.153399E-17
2.720000E+03	3.514670E-17	1.172437E-17
2.760000E+03	3.623720E-17	1.191588E-17
2.800000E+03	3.736426E-17	1.210648E-17
2.840000E+03	3.852965E-17	1.229599E-17
2.880000E+03	3.974142E-17	1.248615E-17
2.920000E+03	4.098953E-17	1.267294E-17
2.960000E+03	4.228872E-17	1.286005E-17
3.000000E+03	4.363534E-17	1.304537E-17
3.010000E+03	4.398034E-17	1.309158E-17
3.020000E+03	4.432811E-17	1.313755E-17
3.030000E+03	4.467869E-17	1.318326E-17
3.040000E+03	4.503211E-17	1.322871E-17
3.050000E+03	4.538842E-17	1.327390E-17
3.060000E+03	4.575451E-17	1.332083E-17
3.070000E+03	4.611675E-17	1.336549E-17
3.080000E+03	4.648200E-17	1.340989E-17
3.090000E+03	4.685729E-17	1.345601E-17
3.100000E+03	4.723577E-17	1.350186E-17
3.110000E+03	4.761039E-17	1.354542E-17
3.120000E+03	4.799533E-17	1.359071E-17
3.130000E+03	4.838358E-17	1.363571E-17
3.140000E+03	4.877520E-17	1.368043E-17
3.150000E+03	4.917025E-17	1.372485E-17
3.160000E+03	4.956877E-17	1.376898E-17
3.170000E+03	4.997082E-17	1.381280E-17
3.180000E+03	5.037642E-17	1.385632E-17
3.190000E+03	5.078567E-17	1.389952E-17
3.200000E+03	5.119859E-17	1.394241E-17
3.210000E+03	5.162278E-17	1.398703E-17
3.220000E+03	5.204329E-17	1.402928E-17
3.230000E+03	5.247527E-17	1.407324E-17
3.240000E+03	5.290357E-17	1.411483E-17
3.250000E+03	5.334357E-17	1.415813E-17
3.260000E+03	5.378770E-17	1.420108E-17
3.270000E+03	5.422819E-17	1.424164E-17
3.280000E+03	5.468070E-17	1.428389E-17
3.290000E+03	5.513752E-17	1.432579E-17
3.300000E+03	5.559872E-17	1.436732E-17
3.310000E+03	5.606436E-17	1.440848E-17
3.320000E+03	5.653451E-17	1.444927E-17
3.330000E+03	5.701739E-17	1.449174E-17
3.340000E+03	5.749681E-17	1.453175E-17
3.350000E+03	5.798094E-17	1.457136E-17
3.360000E+03	5.847817E-17	1.461264E-17
3.370000E+03	5.897199E-17	1.465143E-17
3.380000E+03	5.947915E-17	1.469188E-17
3.390000E+03	5.998296E-17	1.472982E-17
3.400000E+03	6.050036E-17	1.476941E-17
3.410000E+03	6.101443E-17	1.480646E-17
3.420000E+03	6.154236E-17	1.484515E-17
3.430000E+03	6.207569E-17	1.488336E-17
3.440000E+03	6.261452E-17	1.492111E-17
3.450000E+03	6.315890E-17	1.495837E-17
3.460000E+03	6.370893E-17	1.499513E-17
3.470000E+03	6.426468E-17	1.503138E-17
3.480000E+03	6.482623E-17	1.506712E-17
3.490000E+03	6.539365E-17	1.510233E-17
3.500000E+03	6.596703E-17	1.513699E-17
3.510000E+03	6.655564E-17	1.517319E-17
3.520000E+03	6.714124E-17	1.520673E-17
3.530000E+03	6.773305E-17	1.523969E-17
3.540000E+03	6.834052E-17	1.527414E-17
3.550000E+03	6.894504E-17	1.530589E-17
3.560000E+03	6.956551E-17	1.533910E-17
3.570000E+03	7.019264E-17	1.537167E-17
3.580000E+03	7.081689E-17	1.540149E-17
3.590000E+03	7.145753E-17	1.543272E-17
3.600000E+03	7.210508E-17	1.546326E-17
3.610000E+03	7.274979E-17	1.549100E-17
3.620000E+03	7.341134E-17	1.552009E-17
3.630000E+03	7.408005E-17	1.554844E-17
3.640000E+03	7.475600E-17	1.557602E-17
3.650000E+03	7.543927E-17	1.560280E-17
3.660000E+03	7.612995E-17	1.562877E-17
3.670000E+03	7.682811E-17	1.565391E-17
3.680000E+03	7.753382E-17	1.567819E-17
3.690000E+03	7.824718E-17	1.570158E-17
3.700000E+03	7.897874E-17	1.572617E-17
3.710000E+03	7.970767E-17	1.574773E-17
3.720000E+03	8.044447E-17	1.576834E-17
3.730000E+03	8.118921E-17	1.578796E-17
3.740000E+03	8.195275E-17	1.580866E-17
3.750000E+03	8.271366E-17	1.582625E-17
3.760000E+03	8.348271E-17	1.584277E-17
3.770000E+03	8.427100E-17	1.586027E-17
3.780000E+03	8.505661E-17	1.587457E-17
3.790000E+03	8.586174E-17	1.588978E-17
3.800000E+03	8.666417E-17	1.590174E-17
3.810000E+03	8.748639E-17	1.591455E-17
3.820000E+03	8.830584E-17	1.592404E-17
3.830000E+03	8.914536E-17	1.593431E-17
3.840000E+03	8.998203E-17	1.594119E-17
3.850000E+03	9.083904E-17	1.594878E-17
3.860000E+03	9.169311E-17	1.595292E-17
3.870000E+03	9.256776E-17	1.595769E-17
3.880000E+03	9.345133E-17	1.596098E-17
3.890000E+03	9.433178E-17	1.596072E-17
3.900000E+03	9.523315E-17	1.596096E-17
3.910000E+03	9.614351E-17	1.595961E-17
3.920000E+03	9.705053E-17	1.595460E-17
3.930000E+03	9.797879E-17	1.594996E-17
3.940000E+03	9.891604E-17	1.594360E-17
3.950000E+03	9.984969E-17	1.593348E-17
3.960000E+03	1.008048E-16	1.592357E-17
3.970000E+03	1.017689E-16	1.591182E-17
3.980000E+03	1.027419E-16	1.589819E-17
3.990000E+03	1.037109E-16	1.588064E-17
4.000000E+03	1.047017E-16	1.586311E-17
4.010000E+03	1.057012E-16	1.584354E-17
4.020000E+03	1.067095E-16	1.582192E-17
4.030000E+03	1.077130E-16	1.579621E-17
4.040000E+03	1.087386E-16	1.577032E-17
4.050000E+03	1.097726E-16	1.574221E-17
4.060000E+03	1.108014E-16	1.570991E-17
4.070000E+03	1.118523E-16	1.567727E-17
4.080000E+03	1.129113E-16	1.564226E-17
4.090000E+03	1.139643E-16	1.560293E-17
4.100000E+03	1.150393E-16	1.556309E-17
4.110000E+03	1.161221E-16	1.552077E-17
4.120000E+03	1.171983E-16	1.547401E-17
4.130000E+03	1.182961E-16	1.542657E-17
4.140000E+03	1.193869E-16	1.537464E-17
4.150000E+03	1.204991E-16	1.532190E-17
4.160000E+03	1.216035E-16	1.526459E-17
4.170000E+03	1.227294E-16	1.520640E-17
4.180000E+03	1.238466E-16	1.514356E-17
4.190000E+03	1.249850E-16	1.507973E-17
4.200000E+03	1.261142E-16	1.501121E-17
4.210000E+03	1.272641E-16	1.494157E-17
4.220000E+03	1.284041E-16	1.486721E-17
4.230000E+03	1.295489E-16	1.478987E-17
4.240000E+03	1.306983E-16	1.470954E-17
4.250000E+03	1.318676E-16	1.462793E-17
4.260000E+03	1.330253E-16	1.454151E-17
4.270000E+03	1.341863E-16	1.445200E-17
4.280000E+03	1.353506E-16	1.435939E-17
4.290000E+03	1.365176E-16	1.426368E-17
4.300000E+03	1.376868E-16	1.416482E-17
4.310000E+03	1.388580E-16	1.406282E-17
4.320000E+03	1.400306E-16	1.395767E-17
4.330000E+03	1.412042E-16	1.384936E-17
4.340000E+03	1.423782E-16	1.373790E-17
4.350000E+03	1.435522E-16	1.362329E-17
4.360000E+03	1.447089E-16	1.350397E-17
4.370000E+03	1.458812E-16	1.338312E-17
4.380000E+03	1.470520E-16	1.325918E-17
4.390000E+03	1.482035E-16	1.313064E-17
4.400000E+03	1.493692E-16	1.300061E-17
4.410000E+03	1.505142E-16	1.286610E-17
4.420000E+03	1.516552E-16	1.272869E-17
4.430000E+03	1.528091E-16	1.258989E-17
4.440000E+03	1.539399E-16	1.244683E-17
4.450000E+03	1.550649E-16	1.230107E-17
4.460000E+03	1.561831E-16	1.215269E-17
4.470000E+03	1.572941E-16	1.200179E-17
4.480000E+03	1.583969E-16	1.184846E-17
4.490000E+03	1.594912E-16	1.169283E-17
4.500000E+03	1.605760E-16	1.153502E-17
4.510000E+03	1.616507E-16	1.137518E-17
4.520000E+03	1.626961E-16	1.121218E-17
4.530000E+03	1.637483E-16	1.104874E-17
4.540000E+03	1.647883E-16	1.088377E-17
4.550000E+03	1.657965E-16	1.071624E-17
4.560000E+03	1.667907E-16	1.054762E-17
4.570000E+03	1.677893E-16	1.037931E-17
4.580000E+03	1.687536E-16	1.020918E-17
4.590000E+03	1.697018E-16	1.003870E-17
4.600000E+03	1.706331E-16	9.868132E-18
4.610000E+03	1.715469E-16	9.697796E-18
4.620000E+03	1.724423E-16	9.527997E-18
4.630000E+03	1.733186E-16	9.359082E-18
4.640000E+03	1.741752E-16	9.191415E-18
4.650000E+03	1.749918E-16	9.024374E-18
4.660000E+03	1.758067E-16	8.860391E-18
4.670000E+03	1.765800E-16	8.697899E-18
4.680000E+03	1.773504E-16	8.539304E-18
4.690000E+03	1.780779E-16	8.383161E-18
4.700000E+03	1.787814E-16	8.230916E-18
4.710000E+03	1.794602E-16	8.083072E-18
4.720000E+03	1.801140E-16	7.940158E-18
4.730000E+03	1.807419E-16	7.802692E-18
4.740000E+03	1.813436E-16	7.671226E-18
4.750000E+03	1.818983E-16	7.545458E-18
4.760000E+03	1.824457E-16	7.427616E-18
4.770000E+03	1.829651E-16	7.317380E-18
4.780000E+03	1.834361E-16	7.214473E-18
4.790000E+03	1.838784E-16	7.120208E-18
4.800000E+03	1.842914E-16	7.035037E-18
4.810000E+03	1.846951E-16	6.960141E-18
4.820000E+03	1.850487E-16	6.894349E-18
4.830000E+03	1.853517E-16	6.837799E-18
4.840000E+03	1.856448E-16	6.791742E-18
4.850000E+03	1.859075E-16	6.755065E-18
4.860000E+03	1.861397E-16	6.727359E-18
4.870000E+03	1.863213E-16	6.707432E-18
4.880000E+03	1.864725E-16	6.695513E-18
4.890000E+03	1.866136E-16	6.691780E-18
4.900000E+03	1.867043E-16	6.694210E-18
4.910000E+03	1.867648E-16	6.702935E-18
4.920000E+03	1.867955E-16	6.717353E-18
4.930000E+03	1.867964E-16	6.736855E-18
4.940000E+03	1.867679E-16	6.760845E-18
4.950000E+03	1.866900E-16	6.787993E-18
4.960000E+03	1.866032E-16	6.819182E-18
4.970000E+03	1.864677E-16	6.852386E-18
4.980000E+03	1.863039E-16	6.887807E-18
4.990000E+03	1.861321E-16	6.925671E-18
5.000000E+03	1.859127E-16	6.964026E-18
5.010000E+03	1.856662E-16	7.003153E-18
5.020000E+03	1.853929E-16	7.042638E-18
5.030000E+03	1.850733E-16	7.081332E-18
5.040000E+03	1.847479E-16	7.120398E-18
5.050000E+03	1.843970E-16	7.158747E-18
5.060000E+03	1.840015E-16	7.195322E-18
5.070000E+03	1.835818E-16	7.230619E-18
5.080000E+03	1.831577E-16	7.265176E-18
5.090000E+03	1.826909E-16	7.297242E-18
5.100000E+03	1.822014E-16	7.327403E-18
5.110000E+03	1.816897E-16	7.355501E-18
5.120000E+03	1.811564E-16	7.381408E-18
5.130000E+03	1.805831E-16	7.404228E-18
5.140000E+03	1.800085E-16	7.425439E-18
5.150000E+03	1.793952E-16	7.443411E-18
5.160000E+03	1.787817E-16	7.459659E-18
5.170000E+03	1.781308E-16	7.472583E-18
5.180000E+03	1.774621E-16	7.482960E-18
5.190000E+03	1.767763E-16	7.490795E-18
5.200000E+03	1.760740E-16	7.496103E-18
5.210000E+03	1.753556E-16	7.498916E-18
5.220000E+03	1.746037E-16	7.498500E-18
5.230000E+03	1.738556E-16	7.496482E-18
5.240000E+03	1.730934E-16	7.492147E-18
5.250000E+03	1.722998E-16	7.484790E-18
5.260000E+03	1.714937E-16	7.475287E-18
5.270000E+03	1.706756E-16	7.463741E-18
5.280000E+03	1.698463E-16	7.450256E-18
5.290000E+03	1.690064E-16	7.434947E-18
5.300000E+03	1.681565E-16	7.417936E-18
5.310000E+03	1.672972E-16	7.399344E-18
5.320000E+03	1.664292E-16	7.379315E-18
5.330000E+03	1.655357E-16	7.357201E-18
5.340000E+03	1.646522E-16	7.334693E-18
5.350000E+03	1.637447E-16	7.310393E-18
5.360000E+03	1.628311E-16	7.285215E-18
5.370000E+03	1.619121E-16	7.259307E-18
5.380000E+03	1.609882E-16	7.232813E-18
5.390000E+03	1.600600E-16	7.205882E-18
5.400000E+03	1.591281E-16	7.178654E-18
5.410000E+03	1.581931E-16	7.151277E-18
5.420000E+03	1.572393E-16	7.123151E-18
5.430000E+03	1.562998E-16	7.095896E-18
5.440000E+03	1.553428E-16	7.068175E-18
5.450000E+03	1.543851E-16	7.040849E-18
5.460000E+03	1.534272E-16	7.013990E-18
5.470000E+03	1.524859E-16	6.988257E-18
5.480000E+03	1.515302E-16	6.962099E-18
5.490000E+03	1.505615E-16	6.935446E-18
5.500000E+03	1.496118E-16	6.909648E-18
5.510000E+03	1.486664E-16	6.883897E-18
5.520000E+03	1.477263E-16	6.858121E-18
5.530000E+03	1.467769E-16	6.831524E-18
5.540000E+03	1.458346E-16	6.804751E-18
5.550000E+03	1.449150E-16	6.778427E-18
5.560000E+03	1.439889E-16	6.751073E-18
5.570000E+03	1.430722E-16	6.723336E-18
5.580000E+03	1.421655E-16	6.695155E-18
5.590000E+03	1.412694E-16	6.666465E-18
5.600000E+03	1.403850E-16	6.637225E-18
5.610000E+03	1.395125E-16	6.607377E-18
5.620000E+03	1.386386E-16	6.576206E-18
5.630000E+03	1.377924E-16	6.545026E-18
5.640000E+03	1.369461E-16	6.512448E-18
5.650000E+03	1.361287E-16	6.479791E-18
5.660000E+03	1.353126E-16	6.445685E-18
5.670000E+03	1.345123E-16	6.410773E-18
5.680000E+03	1.337425E-16	6.375695E-18
5.690000E+03	1.329758E-16	6.339112E-18
5.700000E+03	1.322266E-16	6.301667E-18
5.710000E+03	1.314821E-16	6.262711E-18
5.720000E+03	1.307697E-16	6.223521E-18
5.730000E+03	1.300764E-16	6.183442E-18
5.740000E+03	1.294028E-16	6.142474E-18
5.750000E+03	1.287359E-16	6.099980E-18
5.760000E+03	1.281028E-16	6.057226E-18
5.770000E+03	1.274776E-16	6.012956E-18
5.780000E+03	1.268739E-16	5.967802E-18
5.790000E+03	1.263051E-16	5.922379E-18
5.800000E+03	1.257456E-16	5.875471E-18
5.810000E+03	1.252090E-16	5.827700E-18
5.820000E+03	1.246956E-16	5.779073E-18
5.830000E+03	1.242058E-16	5.729602E-18
5.840000E+03	1.237400E-16	5.679290E-18
5.850000E+03	1.232859E-16	5.627578E-18
5.860000E+03	1.228694E-16	5.575638E-18
5.870000E+03	1.224782E-16	5.522900E-18
5.880000E+03	1.221000E-16	5.468818E-18
5.890000E+03	1.217604E-16	5.414532E-18
5.900000E+03	1.214348E-16	5.358947E-18
5.910000E+03	1.211360E-16	5.302633E-18
5.920000E+03	1.208771E-16	5.246157E-18
5.930000E+03	1.206333E-16	5.188444E-18
5.940000E+03	1.204177E-16	5.130067E-18
5.950000E+03	1.202306E-16	5.071046E-18
5.960000E+03	1.200725E-16	5.011404E-18
5.970000E+03	1.199439E-16	4.951166E-18
5.980000E+03	1.198450E-16	4.890360E-18
5.990000E+03	1.197765E-16	4.829015E-18
6.000000E+03	1.197264E-16	4.766672E-18
6.010000E+03	1.197199E-16	4.704356E-18
6.020000E+03	1.197451E-16	4.641608E-18
6.030000E+03	1.197903E-16	4.578004E-18
6.040000E+03	1.198805E-16	4.514536E-18
6.050000E+03	1.199916E-16	4.450322E-18
6.060000E+03	1.201490E-16	4.386351E-18
6.070000E+03	1.203283E-16	4.321773E-18
6.080000E+03	1.205427E-16	4.257127E-18
6.090000E+03	1.207925E-16	4.192492E-18
6.100000E+03	1.210785E-16	4.127968E-18
6.110000E+03	1.214138E-16	4.064076E-18
6.120000E+03	1.217741E-16	4.000094E-18
6.130000E+03	1.221724E-16	3.936577E-18
6.140000E+03	1.225970E-16	3.873281E-18
6.150000E+03	1.230736E-16	3.811178E-18
6.160000E+03	1.235905E-16	3.750049E-18
6.170000E+03	1.241484E-16	3.690106E-18
6.180000E+03	1.247479E-16	3.631580E-18
6.190000E+03	1.253772E-16	3.574371E-18
6.200000E+03	1.260626E-16	3.519501E-18
6.210000E+03	1.267792E-16	3.466563E-18
6.220000E+03	1.275537E-16	3.416622E-18
6.230000E+03	1.283608E-16	3.369347E-18
6.240000E+03	1.292277E-16	3.325850E-18
6.250000E+03	1.301287E-16	3.285883E-18
6.260000E+03	1.310776E-16	3.250256E-18
6.270000E+03	1.320887E-16	3.219796E-18
6.280000E+03	1.331350E-16	3.194330E-18
6.290000E+03	1.342298E-16	3.174698E-18
6.300000E+03	1.353721E-16	3.161393E-18
6.310000E+03	1.365606E-16	3.154693E-18
6.320000E+03	1.377935E-16	3.154533E-18
6.330000E+03	1.390691E-16	3.160798E-18
6.340000E+03	1.403855E-16	3.173349E-18
6.350000E+03	1.417407E-16	3.192022E-18
6.360000E+03	1.431327E-16	3.216642E-18
6.370000E+03	1.445594E-16	3.247022E-18
6.380000E+03	1.460185E-16	3.282962E-18
6.390000E+03	1.474926E-16	3.323926E-18
6.400000E+03	1.490095E-16	3.370399E-18
6.410000E+03	1.505518E-16	3.421857E-18
6.420000E+03	1.521011E-16	3.477763E-18
6.430000E+03	1.536862E-16	3.538673E-18
6.440000E+03	1.552885E-16	3.604087E-18
6.450000E+03	1.568891E-16	3.673503E-18
6.460000E+03	1.585173E-16	3.747571E-18
6.470000E+03	1.601373E-16	3.825442E-18
6.480000E+03	1.617624E-16	3.907440E-18
6.490000E+03	1.634063E-16	3.993941E-18
6.500000E+03	1.650319E-16	4.084113E-18
6.510000E+03	1.666525E-16	4.178365E-18
6.520000E+03	1.682824E-16	4.277166E-18
6.530000E+03	1.698833E-16	4.379686E-18
6.540000E+03	1.714688E-16	4.486410E-18
6.550000E+03	1.730360E-16	4.597418E-18
6.560000E+03	1.745818E-16	4.712803E-18
6.570000E+03	1.761217E-16	4.833172E-18
6.580000E+03	1.776169E-16	4.957653E-18
6.590000E+03	1.790837E-16	5.086871E-18
6.600000E+03	1.805202E-16	5.220960E-18
6.610000E+03	1.819253E-16	5.359948E-18
6.620000E+03	1.832983E-16	5.503557E-18
6.630000E+03	1.846193E-16	5.650858E-18
6.640000E+03	1.859256E-16	5.802656E-18
6.650000E+03	1.871980E-16	5.958027E-18
6.660000E+03	1.884353E-16	6.116600E-18
6.670000E+03	1.896375E-16	6.278021E-18
6.680000E+03	1.907840E-16	6.441246E-18
6.690000E+03	1.919139E-16	6.607248E-18
6.700000E+03	1.930071E-16	6.775007E-18
6.710000E+03	1.940633E-16	6.944182E-18
6.720000E+03	1.950617E-16	7.113676E-18
6.730000E+03	1.960430E-16	7.284630E-18
6.740000E+03	1.969657E-16	7.455199E-18
6.750000E+03	1.978708E-16	7.626604E-18
6.760000E+03	1.987171E-16	7.796959E-18
6.770000E+03	1.995457E-16	7.967570E-18
6.780000E+03	2.003152E-16	8.136494E-18
6.790000E+03	2.010672E-16	8.305133E-18
6.800000E+03	2.017597E-16	8.471484E-18
6.810000E+03	2.024351E-16	8.637044E-18
6.820000E+03	2.030511E-16	8.799759E-18
6.830000E+03	2.036289E-16	8.960272E-18
6.840000E+03	2.041901E-16	9.119300E-18
6.850000E+03	2.046922E-16	9.274718E-18
6.860000E+03	2.051568E-16	9.427256E-18
6.870000E+03	2.055842E-16	9.576697E-18
6.880000E+03	2.059746E-16	9.722848E-18
6.890000E+03	2.063501E-16	9.866556E-18
6.900000E+03	2.066676E-16	1.000557E-17
6.910000E+03	2.069493E-16	1.014076E-17
6.920000E+03	2.071954E-16	1.027195E-17
6.930000E+03	2.074065E-16	1.039899E-17
6.940000E+03	2.075829E-16	1.052173E-17
6.950000E+03	2.077252E-16	1.064005E-17
6.960000E+03	2.078338E-16	1.075381E-17
6.970000E+03	2.079092E-16	1.086289E-17
6.980000E+03	2.079519E-16	1.096718E-17
6.990000E+03	2.079404E-16	1.106542E-17
7.000000E+03	2.079195E-16	1.115983E-17
7.010000E+03	2.078673E-16	1.124917E-17
7.020000E+03	2.077848E-16	1.133337E-17
7.030000E+03	2.076724E-16	1.141234E-17
7.040000E+03	2.075086E-16	1.148481E-17
7.050000E+03	2.073382E-16	1.155314E-17
7.060000E+03	2.071395E-16	1.161608E-17
7.070000E+03	2.068915E-16	1.167235E-17
7.080000E+03	2.066384E-16	1.172437E-17
7.090000E+03	2.063373E-16	1.176964E-17
7.100000E+03	2.060323E-16	1.181063E-17
7.110000E+03	2.057022E-16	1.184606E-17
7.120000E+03	2.053259E-16	1.187468E-17
7.130000E+03	2.049259E-16	1.189773E-17
7.140000E+03	2.045245E-16	1.191646E-17
7.150000E+03	2.040787E-16	1.192836E-17
7.160000E+03	2.036327E-16	1.193598E-17
7.170000E+03	2.031437E-16	1.193679E-17
7.180000E+03	2.026340E-16	1.193207E-17
7.190000E+03	2.021044E-16	1.192186E-17
7.200000E+03	2.015768E-16	1.190744E-17
7.210000E+03	2.010087E-16	1.188632E-17
7.220000E+03	2.004224E-16	1.185981E-17
7.230000E+03	1.998184E-16	1.182794E-17
7.240000E+03	1.991972E-16	1.179075E-17
7.250000E+03	1.985596E-16	1.174832E-17
7.260000E+03	1.979060E-16	1.170067E-17
7.270000E+03	1.972370E-16	1.164787E-17
7.280000E+03	1.965531E-16	1.158998E-17
7.290000E+03	1.958550E-16	1.152707E-17
7.300000E+03	1.951431E-16	1.145920E-17
7.310000E+03	1.944180E-16	1.138644E-17
7.320000E+03	1.936799E-16	1.130885E-17
7.330000E+03	1.929297E-16	1.122652E-17
7.340000E+03	1.921472E-16	1.113833E-17
7.350000E+03	1.913741E-16	1.104676E-17
7.360000E+03	1.905902E-16	1.095068E-17
7.370000E+03	1.897755E-16	1.084903E-17
7.380000E+03	1.889713E-16	1.074422E-17
7.390000E+03	1.881375E-16	1.063403E-17
7.400000E+03	1.873152E-16	1.052086E-17
7.410000E+03	1.864640E-16	1.040251E-17
7.420000E+03	1.856247E-16	1.028136E-17
7.430000E+03	1.847578E-16	1.015526E-17
7.440000E+03	1.839034E-16	1.002654E-17
7.450000E+03	1.830223E-16	9.893118E-18
7.460000E+03	1.821345E-16	9.756200E-18
7.470000E+03	1.812603E-16	9.616953E-18
7.480000E+03	1.803605E-16	9.473383E-18
7.490000E+03	1.794552E-16	9.326685E-18
7.500000E+03	1.785447E-16	9.176981E-18
7.510000E+03	1.776294E-16	9.024401E-18
7.520000E+03	1.767095E-16	8.869078E-18
7.530000E+03	1.757853E-16	8.711153E-18
7.540000E+03	1.748571E-16	8.550777E-18
7.550000E+03	1.739250E-16	8.388097E-18
7.560000E+03	1.729895E-16	8.223284E-18
7.570000E+03	1.720508E-16	8.056494E-18
7.580000E+03	1.711091E-16	7.887916E-18
7.590000E+03	1.701460E-16	7.716882E-18
7.600000E+03	1.691989E-16	7.545297E-18
7.610000E+03	1.682495E-16	7.372506E-18
7.620000E+03	1.672795E-16	7.197947E-18
7.630000E+03	1.663261E-16	7.023454E-18
7.640000E+03	1.653527E-16	6.847721E-18
7.650000E+03	1.643959E-16	6.672544E-18
7.660000E+03	1.634197E-16	6.496734E-18
7.670000E+03	1.624601E-16	6.322056E-18
7.680000E+03	1.614817E-16	6.147452E-18
7.690000E+03	1.605024E-16	5.974011E-18
7.700000E+03	1.595401E-16	5.802786E-18
7.710000E+03	1.585595E-16	5.632929E-18
7.720000E+03	1.575785E-16	5.465594E-18
7.730000E+03	1.565972E-16	5.301315E-18
7.740000E+03	1.556157E-16	5.140690E-18
7.750000E+03	1.546342E-16	4.984359E-18
7.760000E+03	1.536527E-16	4.833030E-18
7.770000E+03	1.526713E-16	4.687469E-18
7.780000E+03	1.516901E-16	4.548504E-18
7.790000E+03	1.507093E-16	4.417028E-18
7.800000E+03	1.497124E-16	4.293511E-18
7.810000E+03	1.487325E-16	4.179903E-18
7.820000E+03	1.477535E-16	4.076748E-18
7.830000E+03	1.467750E-16	3.985071E-18
7.840000E+03	1.457811E-16	3.905454E-18
7.850000E+03	1.448044E-16	3.839742E-18
7.860000E+03	1.438127E-16	3.787936E-18
7.870000E+03	1.428379E-16	3.751626E-18
7.880000E+03	1.418486E-16	3.730547E-18
7.890000E+03	1.408606E-16	3.725483E-18
7.900000E+03	1.398897E-16	3.736796E-18
7.910000E+03	1.389046E-16	3.763011E-18
7.920000E+03	1.379211E-16	3.803691E-18
7.930000E+03	1.369391E-16	3.857843E-18
7.940000E+03	1.359588E-16	3.924383E-18
7.950000E+03	1.349801E-16	4.002177E-18
7.960000E+03	1.340030E-16	4.090079E-18
7.970000E+03	1.330277E-16	4.186959E-18
7.980000E+03	1.320539E-16	4.291726E-18
7.990000E+03	1.310817E-16	4.403352E-18
8.000000E+03	1.301112E-16	4.520878E-18
8.010000E+03	1.291276E-16	4.642891E-18
8.020000E+03	1.281605E-16	4.769619E-18
8.030000E+03	1.271948E-16	4.899810E-18
8.040000E+03	1.262166E-16	5.032238E-18
8.050000E+03	1.252544E-16	5.167424E-18
8.060000E+03	1.242798E-16	5.303681E-18
8.070000E+03	1.233209E-16	5.441708E-18
8.080000E+03	1.223498E-16	5.579864E-18
8.090000E+03	1.213944E-16	5.719011E-18
8.100000E+03	1.204269E-16	5.857520E-18
8.110000E+03	1.194613E-16	5.995725E-18
8.120000E+03	1.184975E-16	6.133343E-18
8.130000E+03	1.175357E-16	6.270135E-18
8.140000E+03	1.165891E-16	6.406614E-18
8.150000E+03	1.156310E-16	6.541134E-18
8.160000E+03	1.146750E-16	6.674234E-18
8.170000E+03	1.137208E-16	6.805755E-18
8.180000E+03	1.127558E-16	6.934762E-18
8.190000E+03	1.118059E-16	7.062705E-18
8.200000E+03	1.108580E-16	7.188683E-18
8.210000E+03	1.099123E-16	7.312604E-18
8.220000E+03	1.089687E-16	7.434366E-18
8.230000E+03	1.080149E-16	7.553031E-18
8.240000E+03	1.070758E-16	7.670235E-18
8.250000E+03	1.061268E-16	7.784173E-18
8.260000E+03	1.051924E-16	7.896561E-18
8.270000E+03	1.042483E-16	8.005536E-18
8.280000E+03	1.033188E-16	8.112895E-18
8.290000E+03	1.023799E-16	8.216739E-18
8.300000E+03	1.014555E-16	8.318908E-18
8.310000E+03	1.005220E-16	8.417473E-18
8.320000E+03	9.959123E-17	8.513342E-18
8.330000E+03	9.866345E-17	8.606513E-18
8.340000E+03	9.773848E-17	8.696949E-18
8.350000E+03	9.682787E-17	8.785675E-18
8.360000E+03	9.590893E-17	8.870638E-18
8.370000E+03	9.499306E-17	8.952837E-18
8.380000E+03	9.408034E-17	9.032269E-18
8.390000E+03	9.317080E-17	9.108928E-18
8.400000E+03	9.225379E-17	9.181746E-18
8.410000E+03	9.135104E-17	9.252864E-18
8.420000E+03	9.045167E-17	9.321216E-18
8.430000E+03	8.955580E-17	9.386812E-18
8.440000E+03	8.866342E-17	9.449655E-18
8.450000E+03	8.776433E-17	9.508640E-18
8.460000E+03	8.687934E-17	9.566011E-18
8.470000E+03	8.599812E-17	9.620671E-18
8.480000E+03	8.511057E-17	9.671481E-18
8.490000E+03	8.423710E-17	9.720752E-18
8.500000E+03	8.335764E-17	9.766197E-18
8.510000E+03	8.249220E-17	9.810154E-18
8.520000E+03	8.162108E-17	9.850312E-18
8.530000E+03	8.075429E-17	9.887858E-18
8.540000E+03	7.990145E-17	9.924004E-18
8.550000E+03	7.904342E-17	9.956406E-18
8.560000E+03	7.818991E-17	9.986271E-18
8.570000E+03	7.734100E-17	1.001363E-17
8.580000E+03	7.650594E-17	1.003971E-17
8.590000E+03	7.566633E-17	1.006215E-17
8.600000E+03	7.483152E-17	1.008217E-17
8.610000E+03	7.400158E-17	1.009980E-17
8.620000E+03	7.317656E-17	1.011507E-17
8.630000E+03	7.235656E-17	1.012803E-17
8.640000E+03	7.154162E-17	1.013871E-17
8.650000E+03	7.073183E-17	1.014713E-17
8.660000E+03	6.992724E-17	1.015335E-17
8.670000E+03	6.912793E-17	1.015738E-17
8.680000E+03	6.833395E-17	1.015928E-17
8.690000E+03	6.754537E-17	1.015908E-17
8.700000E+03	6.676227E-17	1.015682E-17
8.710000E+03	6.597663E-17	1.015130E-17
8.720000E+03	6.520474E-17	1.014504E-17
8.730000E+03	6.443851E-17	1.013684E-17
8.740000E+03	6.367800E-17	1.012674E-17
8.750000E+03	6.291554E-17	1.011354E-17
8.760000E+03	6.216674E-17	1.009977E-17
8.770000E+03	6.142384E-17	1.008423E-17
8.780000E+03	6.067939E-17	1.006571E-17
8.790000E+03	5.994854E-17	1.004676E-17
8.800000E+03	5.921641E-17	1.002492E-17
8.810000E+03	5.849782E-17	1.000272E-17
8.820000E+03	5.777823E-17	9.977736E-18
8.830000E+03	5.707210E-17	9.952479E-18
8.840000E+03	5.636521E-17	9.924517E-18
8.850000E+03	5.567174E-17	9.896374E-18
8.860000E+03	5.497775E-17	9.865619E-18
8.870000E+03	5.429710E-17	9.834765E-18
8.880000E+03	5.361616E-17	9.801393E-18
8.890000E+03	5.294849E-17	9.768007E-18
8.900000E+03	5.228075E-17	9.732196E-18
8.910000E+03	5.161970E-17	9.695232E-18
8.920000E+03	5.097178E-17	9.658377E-18
8.930000E+03	5.032411E-17	9.619235E-18
8.940000E+03	4.968320E-17	9.579072E-18
8.950000E+03	4.905528E-17	9.539136E-18
8.960000E+03	4.842789E-17	9.497053E-18
8.970000E+03	4.780732E-17	9.454076E-18
8.980000E+03	4.719958E-17	9.411442E-18
8.990000E+03	4.659262E-17	9.366796E-18
9.000000E+03	4.599252E-17	9.321379E-18
9.040000E+03	4.366629E-17	9.133964E-18
9.080000E+03	4.144918E-17	8.937279E-18
9.120000E+03	3.934051E-17	8.733631E-18
9.160000E+03	3.733893E-17	8.525138E-18
9.200000E+03	3.544252E-17	8.313717E-18
9.240000E+03	3.364880E-17	8.101086E-18
9.280000E+03	3.195484E-17	7.888750E-18
9.320000E+03	3.035729E-17	7.678008E-18
9.360000E+03	2.885636E-17	7.470976E-18
9.400000E+03	2.744392E-17	7.267523E-18
9.440000E+03	2.611590E-17	7.068397E-18
9.480000E+03	2.486809E-17	6.874186E-18
9.520000E+03	2.369956E-17	6.686266E-18
9.560000E+03	2.260253E-17	6.503998E-18
9.600000E+03	2.157587E-17	6.328486E-18
9.640000E+03	2.061223E-17	6.158926E-18
9.680000E+03	1.971049E-17	5.996216E-18
9.720000E+03	1.886385E-17	5.839451E-18
9.760000E+03	1.807129E-17	5.689373E-18
9.800000E+03	1.732657E-17	5.545018E-18
9.840000E+03	1.662887E-17	5.407018E-18
9.880000E+03	1.597486E-17	5.275155E-18
9.920000E+03	1.535918E-17	5.148435E-18
9.960000E+03	1.478132E-17	5.027395E-18
1.000000E+04	1.423856E-17	4.911779E-18
1.004000E+04	1.372632E-17	4.800617E-18
1.008000E+04	1.324641E-17	4.695097E-18
1.012000E+04	1.279259E-17	4.593544E-18
1.016000E+04	1.236304E-17	4.495750E-18
1.020000E+04	1.195965E-17	4.402850E-18
1.024000E+04	1.157700E-17	4.313255E-18
1.028000E+04	1.121535E-17	4.227429E-18
1.032000E+04	1.087154E-17	4.144514E-18
