#wls	flux	fluxerr	mangling_mask
4.750587E+03	1.094863E-15	1.510476E-16	2.607190E+00
4.754100E+03	1.070493E-15	1.507383E-16	2.607906E+00
4.757613E+03	1.044311E-15	1.504251E-16	2.608625E+00
4.761126E+03	1.016237E-15	1.501090E-16	2.609348E+00
4.764639E+03	9.897398E-16	1.498236E-16	2.610073E+00
4.768152E+03	9.618717E-16	1.495409E-16	2.610802E+00
4.771665E+03	9.333884E-16	1.492685E-16	2.611534E+00
4.775178E+03	9.061179E-16	1.414244E-16	2.612270E+00
4.778691E+03	8.771084E-16	9.361649E-17	2.613008E+00
4.782204E+03	8.501483E-16	8.745496E-17	2.613750E+00
4.785717E+03	8.249516E-16	8.451744E-17	2.614495E+00
4.789230E+03	8.009182E-16	8.536297E-17	2.615243E+00
4.792743E+03	7.768196E-16	8.448640E-17	2.615995E+00
4.796255E+03	7.534146E-16	7.719760E-17	2.616750E+00
4.799768E+03	7.315673E-16	7.270591E-17	2.617508E+00
4.803281E+03	7.124311E-16	6.014010E-17	2.618269E+00
4.806794E+03	6.956941E-16	4.126928E-17	2.619034E+00
4.810307E+03	6.798388E-16	4.041526E-17	2.619803E+00
4.813820E+03	6.651541E-16	3.999910E-17	2.620574E+00
4.817333E+03	6.537120E-16	4.115863E-17	2.621349E+00
4.820846E+03	6.441518E-16	5.010003E-17	2.622127E+00
4.824359E+03	6.376292E-16	5.236862E-17	2.622909E+00
4.827872E+03	6.297392E-16	5.559871E-17	2.623694E+00
4.831385E+03	6.234197E-16	5.489054E-17	2.624483E+00
4.834898E+03	6.176222E-16	4.463432E-17	2.625275E+00
4.838410E+03	6.110079E-16	4.038890E-17	2.626071E+00
4.841923E+03	6.031293E-16	4.197411E-17	2.626870E+00
4.845436E+03	5.938276E-16	4.198249E-17	2.627672E+00
4.848949E+03	5.813405E-16	4.175698E-17	2.628478E+00
4.852462E+03	5.652969E-16	4.049038E-17	2.629288E+00
4.855975E+03	5.410906E-16	3.920433E-17	2.630101E+00
4.859488E+03	5.195272E-16	3.801595E-17	2.630917E+00
4.863001E+03	5.043198E-16	3.980800E-17	2.631737E+00
4.866514E+03	4.898143E-16	3.642375E-17	2.632561E+00
4.870027E+03	4.738782E-16	3.409557E-17	2.633388E+00
4.873540E+03	4.612518E-16	2.898516E-17	2.634219E+00
4.877052E+03	4.489868E-16	3.043642E-17	2.635054E+00
4.880565E+03	4.419336E-16	3.053377E-17	2.635892E+00
4.884078E+03	4.355356E-16	2.758022E-17	2.636733E+00
4.887591E+03	4.267603E-16	2.888161E-17	2.637579E+00
4.891104E+03	4.184019E-16	3.494203E-17	2.638428E+00
4.894617E+03	4.125723E-16	3.603550E-17	2.639281E+00
4.898130E+03	4.081124E-16	3.371891E-17	2.640137E+00
4.901643E+03	4.065023E-16	3.540461E-17	2.640997E+00
4.905156E+03	4.080883E-16	3.584239E-17	2.641861E+00
4.908669E+03	4.106007E-16	3.383140E-17	2.642729E+00
4.912182E+03	4.103924E-16	3.017803E-17	2.643600E+00
4.915695E+03	4.111101E-16	2.983147E-17	2.644475E+00
4.919208E+03	4.172781E-16	3.057375E-17	2.645354E+00
4.922721E+03	4.232920E-16	3.138121E-17	2.646236E+00
4.926233E+03	4.325664E-16	3.141658E-17	2.647123E+00
4.929746E+03	4.431980E-16	3.196443E-17	2.648013E+00
4.933259E+03	4.543671E-16	3.426410E-17	2.648907E+00
4.936772E+03	4.699695E-16	2.940671E-17	2.649805E+00
4.940285E+03	4.867228E-16	2.714048E-17	2.650707E+00
4.943798E+03	5.059012E-16	2.635002E-17	2.651613E+00
4.947311E+03	5.268705E-16	2.998240E-17	2.652522E+00
4.950824E+03	5.508268E-16	2.948851E-17	2.653436E+00
4.954337E+03	5.746941E-16	3.011556E-17	2.654353E+00
4.957850E+03	6.007028E-16	3.229034E-17	2.655275E+00
4.961363E+03	6.272351E-16	3.246553E-17	2.656200E+00
4.964876E+03	6.537867E-16	3.271413E-17	2.657129E+00
4.968388E+03	6.836803E-16	3.364388E-17	2.658063E+00
4.971901E+03	7.128779E-16	3.446296E-17	2.659000E+00
4.975414E+03	7.417247E-16	3.405416E-17	2.659941E+00
4.978927E+03	7.741052E-16	3.056273E-17	2.660887E+00
4.982440E+03	8.054450E-16	3.083578E-17	2.661836E+00
4.985953E+03	8.345715E-16	3.564878E-17	2.662790E+00
4.989466E+03	8.631873E-16	3.703918E-17	2.663747E+00
4.992979E+03	8.928906E-16	3.467422E-17	2.664709E+00
4.996492E+03	9.204041E-16	3.457988E-17	2.665675E+00
5.000005E+03	9.475121E-16	3.732727E-17	2.666644E+00
5.003518E+03	9.730405E-16	3.527748E-17	2.667618E+00
5.007031E+03	9.965874E-16	3.551270E-17	2.668597E+00
5.010543E+03	1.019245E-15	3.711003E-17	2.669579E+00
5.014056E+03	1.039972E-15	4.034503E-17	2.670566E+00
5.017569E+03	1.058150E-15	4.114022E-17	2.671556E+00
5.021082E+03	1.073190E-15	4.092354E-17	2.672551E+00
5.024595E+03	1.081612E-15	4.070823E-17	2.673550E+00
5.028108E+03	1.087848E-15	4.127148E-17	2.674554E+00
5.031621E+03	1.090479E-15	4.041583E-17	2.675562E+00
5.035134E+03	1.087465E-15	4.343283E-17	2.676574E+00
5.038647E+03	1.082576E-15	4.283264E-17	2.677590E+00
5.042160E+03	1.073212E-15	4.279767E-17	2.678611E+00
5.045673E+03	1.057920E-15	4.005746E-17	2.679636E+00
5.049186E+03	1.042645E-15	3.761264E-17	2.680665E+00
5.052699E+03	1.026662E-15	3.822473E-17	2.681699E+00
5.056211E+03	1.004739E-15	3.298732E-17	2.682737E+00
5.059724E+03	9.811092E-16	3.247473E-17	2.683779E+00
5.063237E+03	9.547510E-16	3.756627E-17	2.684826E+00
5.066750E+03	9.283198E-16	4.016997E-17	2.685877E+00
5.070263E+03	9.032932E-16	3.982994E-17	2.686933E+00
5.073776E+03	8.772804E-16	4.221370E-17	2.687993E+00
5.077289E+03	8.504415E-16	4.333787E-17	2.689058E+00
5.080802E+03	8.218608E-16	3.766747E-17	2.690127E+00
5.084315E+03	7.969992E-16	3.754873E-17	2.691201E+00
5.087828E+03	7.732496E-16	3.718683E-17	2.692280E+00
5.091341E+03	7.531449E-16	2.786972E-17	2.693362E+00
5.094854E+03	7.346417E-16	3.026479E-17	2.694450E+00
5.098367E+03	7.184158E-16	3.438307E-17	2.695542E+00
5.101879E+03	7.054406E-16	3.537646E-17	2.696639E+00
5.105392E+03	6.942633E-16	3.582438E-17	2.697740E+00
5.108905E+03	6.850480E-16	3.630614E-17	2.698846E+00
5.112418E+03	6.783640E-16	3.528506E-17	2.699956E+00
5.115931E+03	6.757270E-16	3.879354E-17	2.701071E+00
5.119444E+03	6.738184E-16	3.622405E-17	2.702191E+00
5.122957E+03	6.783161E-16	3.434489E-17	2.703316E+00
5.126470E+03	6.846844E-16	2.973631E-17	2.704445E+00
5.129983E+03	6.909238E-16	2.859151E-17	2.705580E+00
5.133496E+03	7.010942E-16	2.841300E-17	2.706718E+00
5.137009E+03	7.100014E-16	2.785307E-17	2.707862E+00
5.140521E+03	7.211115E-16	2.820016E-17	2.709011E+00
5.144034E+03	7.350777E-16	2.764706E-17	2.710164E+00
5.147547E+03	7.485415E-16	2.773517E-17	2.711321E+00
5.151060E+03	7.611768E-16	2.800727E-17	2.712483E+00
5.154573E+03	7.729283E-16	2.849291E-17	2.713648E+00
5.158086E+03	7.828446E-16	2.913646E-17	2.714817E+00
5.161599E+03	7.942369E-16	2.664315E-17	2.715990E+00
5.165112E+03	8.059656E-16	2.609953E-17	2.717166E+00
5.168625E+03	8.140354E-16	1.996081E-17	2.718344E+00
5.172138E+03	8.230646E-16	2.023432E-17	2.719526E+00
5.175651E+03	8.309594E-16	1.947493E-17	2.720710E+00
5.179164E+03	8.337987E-16	2.000350E-17	2.721897E+00
5.182676E+03	8.354699E-16	1.707125E-17	2.723086E+00
5.186189E+03	8.376333E-16	1.787064E-17	2.724276E+00
5.189702E+03	8.372095E-16	1.831380E-17	2.725469E+00
5.193215E+03	8.356403E-16	1.788897E-17	2.726663E+00
5.196728E+03	8.343153E-16	1.682932E-17	2.727858E+00
5.200241E+03	8.331255E-16	1.975590E-17	2.729054E+00
5.203754E+03	8.328084E-16	2.025458E-17	2.730251E+00
5.207267E+03	8.302783E-16	2.052283E-17	2.731448E+00
5.210780E+03	8.274452E-16	2.187546E-17	2.732646E+00
5.214293E+03	8.261130E-16	2.310305E-17	2.733844E+00
5.217806E+03	8.248339E-16	2.297763E-17	2.735042E+00
5.221319E+03	8.212549E-16	2.271871E-17	2.736239E+00
5.224832E+03	8.179734E-16	2.213752E-17	2.737437E+00
5.228345E+03	8.164686E-16	2.280080E-17	2.738633E+00
5.231857E+03	8.144687E-16	2.405395E-17	2.739828E+00
5.235370E+03	8.126583E-16	2.572715E-17	2.741022E+00
5.238883E+03	8.087615E-16	2.824456E-17	2.742215E+00
5.242396E+03	8.084269E-16	2.822503E-17	2.743406E+00
5.245909E+03	8.120434E-16	2.428048E-17	2.744595E+00
5.249422E+03	8.150581E-16	2.357070E-17	2.745782E+00
5.252935E+03	8.177447E-16	3.346128E-17	2.746967E+00
5.256448E+03	8.233456E-16	3.332322E-17	2.748149E+00
5.259961E+03	8.274106E-16	3.291400E-17	2.749329E+00
5.263474E+03	8.330456E-16	3.351683E-17	2.750506E+00
5.266987E+03	8.385466E-16	3.390014E-17	2.751679E+00
5.270499E+03	8.442987E-16	3.450523E-17	2.752849E+00
5.274012E+03	8.510182E-16	3.437380E-17	2.754015E+00
5.277525E+03	8.577694E-16	3.357642E-17	2.755178E+00
5.281038E+03	8.654894E-16	3.205877E-17	2.756336E+00
5.284551E+03	8.735452E-16	2.870598E-17	2.757490E+00
5.288064E+03	8.816611E-16	2.907565E-17	2.758639E+00
5.291577E+03	8.902511E-16	2.889790E-17	2.759784E+00
5.295090E+03	8.998126E-16	3.086700E-17	2.760924E+00
5.298603E+03	9.080542E-16	2.440976E-17	2.762058E+00
5.302116E+03	9.154439E-16	2.452168E-17	2.763187E+00
5.305629E+03	9.230033E-16	2.554872E-17	2.764311E+00
5.309142E+03	9.307878E-16	2.686107E-17	2.765428E+00
5.312654E+03	9.381612E-16	2.660633E-17	2.766539E+00
5.316167E+03	9.463130E-16	3.344356E-17	2.767645E+00
5.319680E+03	9.541919E-16	3.360499E-17	2.768743E+00
5.323193E+03	9.602463E-16	3.354399E-17	2.769835E+00
5.326706E+03	9.653607E-16	3.311743E-17	2.770920E+00
5.330219E+03	9.702267E-16	3.276116E-17	2.771997E+00
5.333732E+03	9.750382E-16	3.430766E-17	2.773067E+00
5.337245E+03	9.805993E-16	3.449730E-17	2.774130E+00
5.340758E+03	9.856621E-16	3.151976E-17	2.775184E+00
5.344271E+03	9.897261E-16	3.212971E-17	2.776230E+00
5.347784E+03	9.920403E-16	3.235149E-17	2.777268E+00
5.351297E+03	9.942417E-16	3.227752E-17	2.778298E+00
5.354810E+03	9.994707E-16	3.008042E-17	2.779318E+00
5.358323E+03	1.006646E-15	3.019977E-17	2.780330E+00
5.361835E+03	1.013684E-15	2.441571E-17	2.781332E+00
5.365348E+03	1.019360E-15	2.444667E-17	2.782325E+00
5.368861E+03	1.024341E-15	2.584285E-17	2.783308E+00
5.372374E+03	1.027372E-15	2.890174E-17	2.784282E+00
5.375887E+03	1.028786E-15	2.825530E-17	2.785245E+00
5.379400E+03	1.033150E-15	2.891760E-17	2.786197E+00
5.382913E+03	1.036481E-15	3.035808E-17	2.787139E+00
5.386426E+03	1.038389E-15	3.053177E-17	2.788070E+00
5.389939E+03	1.044254E-15	3.073676E-17	2.788991E+00
5.393452E+03	1.048946E-15	3.104438E-17	2.789899E+00
5.396965E+03	1.051795E-15	3.008408E-17	2.790797E+00
5.400477E+03	1.053553E-15	3.031129E-17	2.791682E+00
5.403990E+03	1.054329E-15	3.039952E-17	2.792556E+00
5.407503E+03	1.057951E-15	3.043563E-17	2.793417E+00
5.411016E+03	1.060368E-15	3.050439E-17	2.794266E+00
5.414529E+03	1.060741E-15	2.985688E-17	2.795102E+00
5.418042E+03	1.058258E-15	2.743045E-17	2.795925E+00
5.421555E+03	1.057054E-15	2.874074E-17	2.796736E+00
5.425068E+03	1.056040E-15	2.790952E-17	2.797532E+00
5.428581E+03	1.051551E-15	3.138799E-17	2.798316E+00
5.432094E+03	1.045990E-15	3.106777E-17	2.799085E+00
5.435607E+03	1.041429E-15	3.326020E-17	2.799840E+00
5.439120E+03	1.040304E-15	3.411251E-17	2.800581E+00
5.442633E+03	1.037969E-15	3.420321E-17	2.801308E+00
5.446145E+03	1.033441E-15	3.427445E-17	2.802020E+00
5.449658E+03	1.030895E-15	3.612435E-17	2.802717E+00
5.453171E+03	1.029828E-15	3.817314E-17	2.803398E+00
5.456684E+03	1.026961E-15	3.816683E-17	2.804064E+00
5.460197E+03	1.024366E-15	3.948279E-17	2.804715E+00
5.463710E+03	1.022634E-15	4.259556E-17	2.805349E+00
5.467223E+03	1.022242E-15	4.120782E-17	2.805968E+00
5.470736E+03	1.022405E-15	4.394417E-17	2.806570E+00
5.474249E+03	1.023489E-15	4.093828E-17	2.807156E+00
5.477762E+03	1.028526E-15	4.188454E-17	2.807724E+00
5.481275E+03	1.033614E-15	3.825521E-17	2.808276E+00
5.484788E+03	1.035693E-15	3.864512E-17	2.808810E+00
5.488301E+03	1.039957E-15	3.908793E-17	2.809327E+00
5.491813E+03	1.046239E-15	3.924754E-17	2.809826E+00
5.495326E+03	1.050240E-15	3.854452E-17	2.810307E+00
5.498839E+03	1.054882E-15	3.767886E-17	2.810769E+00
5.502352E+03	1.062920E-15	3.942129E-17	2.811213E+00
5.505865E+03	1.073428E-15	3.820739E-17	2.811639E+00
5.509378E+03	1.084044E-15	3.198800E-17	2.812045E+00
5.512891E+03	1.095752E-15	3.432268E-17	2.812433E+00
5.516404E+03	1.106978E-15	3.197757E-17	2.812801E+00
5.519917E+03	1.121265E-15	3.271560E-17	2.813149E+00
5.523430E+03	1.135857E-15	3.422177E-17	2.813477E+00
5.526943E+03	1.149375E-15	3.430692E-17	2.813786E+00
5.530456E+03	1.162157E-15	3.262429E-17	2.814075E+00
5.533968E+03	1.174792E-15	3.129875E-17	2.814345E+00
5.537481E+03	1.185592E-15	3.151191E-17	2.814595E+00
5.540994E+03	1.195035E-15	3.168063E-17	2.814827E+00
5.544507E+03	1.201036E-15	3.141965E-17	2.815039E+00
5.548020E+03	1.207622E-15	2.868880E-17	2.815232E+00
5.551533E+03	1.215355E-15	3.026780E-17	2.815407E+00
5.555046E+03	1.218491E-15	4.214200E-17	2.815563E+00
5.558559E+03	1.216326E-15	4.821185E-17	2.815701E+00
5.562072E+03	1.212830E-15	4.819616E-17	2.815820E+00
5.565585E+03	1.206706E-15	4.804959E-17	2.815921E+00
5.569098E+03	1.198350E-15	4.864961E-17	2.816003E+00
5.572611E+03	1.189057E-15	4.746967E-17	2.816068E+00
5.576123E+03	1.178995E-15	4.858274E-17	2.816115E+00
5.579636E+03	1.164645E-15	4.941239E-17	2.816145E+00
5.583149E+03	1.148429E-15	4.877623E-17	2.816156E+00
5.586662E+03	1.133670E-15	5.008699E-17	2.816151E+00
5.590175E+03	1.115412E-15	5.351332E-17	2.816128E+00
5.593688E+03	1.094641E-15	5.819394E-17	2.816088E+00
5.597201E+03	1.073245E-15	5.916551E-17	2.816030E+00
5.600714E+03	1.051872E-15	5.219054E-17	2.815956E+00
5.604227E+03	1.031620E-15	4.312792E-17	2.815865E+00
5.607740E+03	1.008041E-15	4.266832E-17	2.815757E+00
5.611253E+03	9.844861E-16	4.222865E-17	2.815633E+00
5.614766E+03	9.616596E-16	3.246633E-17	2.815492E+00
5.618279E+03	9.393367E-16	3.073160E-17	2.815335E+00
5.621792E+03	9.164479E-16	3.048861E-17	2.815162E+00
5.625304E+03	8.916146E-16	3.046809E-17	2.814973E+00
5.628817E+03	8.686656E-16	3.427025E-17	2.814768E+00
5.632330E+03	8.465032E-16	3.525938E-17	2.814547E+00
5.635843E+03	8.258594E-16	3.238125E-17	2.814311E+00
5.639356E+03	8.049614E-16	2.541342E-17	2.814058E+00
5.642869E+03	7.815304E-16	2.382710E-17	2.813791E+00
5.646382E+03	7.616166E-16	2.366486E-17	2.813508E+00
5.649895E+03	7.418997E-16	2.359092E-17	2.813210E+00
5.653408E+03	7.217612E-16	2.523505E-17	2.812897E+00
5.656921E+03	7.025235E-16	2.439507E-17	2.812569E+00
5.660434E+03	6.836522E-16	2.468416E-17	2.812226E+00
5.663947E+03	6.649507E-16	2.455112E-17	2.811869E+00
5.667459E+03	6.469816E-16	2.285302E-17	2.811497E+00
5.670972E+03	6.299417E-16	2.200141E-17	2.811110E+00
5.674485E+03	6.127346E-16	2.081185E-17	2.810709E+00
5.677998E+03	5.918480E-16	2.328611E-17	2.810294E+00
5.681511E+03	5.689696E-16	2.247207E-17	2.809865E+00
5.685024E+03	5.483150E-16	2.326227E-17	2.809422E+00
5.688537E+03	5.273833E-16	2.281513E-17	2.808966E+00
5.692050E+03	5.050517E-16	2.248714E-17	2.808495E+00
5.695563E+03	4.822478E-16	2.202240E-17	2.808011E+00
5.699076E+03	4.606287E-16	1.742853E-17	2.807513E+00
5.702589E+03	4.407274E-16	1.671040E-17	2.807002E+00
5.706101E+03	4.201859E-16	1.608890E-17	2.806478E+00
5.709614E+03	4.006322E-16	1.572859E-17	2.805941E+00
5.713127E+03	3.827114E-16	1.561006E-17	2.805391E+00
5.716640E+03	3.683300E-16	1.758257E-17	2.804828E+00
5.720153E+03	3.553548E-16	1.857819E-17	2.804252E+00
5.723666E+03	3.421871E-16	1.690555E-17	2.803663E+00
5.727179E+03	3.299765E-16	1.633296E-17	2.803062E+00
5.730692E+03	3.198715E-16	1.572810E-17	2.802449E+00
5.734205E+03	3.108903E-16	1.701999E-17	2.801823E+00
5.737718E+03	3.043208E-16	1.720062E-17	2.801185E+00
5.741231E+03	3.003014E-16	1.779214E-17	2.800535E+00
5.744744E+03	2.980185E-16	1.802765E-17	2.799874E+00
5.748257E+03	2.978629E-16	1.704201E-17	2.799200E+00
5.751770E+03	2.986575E-16	1.825538E-17	2.798515E+00
5.755282E+03	3.026120E-16	1.861278E-17	2.797818E+00
5.758795E+03	3.104232E-16	1.876241E-17	2.797110E+00
5.762308E+03	3.201866E-16	1.801902E-17	2.796390E+00
5.765821E+03	3.338855E-16	1.876792E-17	2.795659E+00
5.769334E+03	3.502869E-16	1.841175E-17	2.794917E+00
5.772847E+03	3.699473E-16	2.046974E-17	2.794164E+00
5.776360E+03	3.902939E-16	2.546697E-17	2.793400E+00
5.779873E+03	4.157940E-16	2.537853E-17	2.792625E+00
5.783386E+03	4.460802E-16	2.631555E-17	2.791840E+00
5.786899E+03	4.780780E-16	2.782380E-17	2.791044E+00
5.790412E+03	5.134596E-16	3.130376E-17	2.790238E+00
5.793925E+03	5.499345E-16	3.146237E-17	2.789422E+00
5.797437E+03	5.899551E-16	2.865926E-17	2.788595E+00
5.800950E+03	6.356646E-16	2.683651E-17	2.787758E+00
5.804463E+03	6.811769E-16	2.816444E-17	2.786911E+00
5.807976E+03	7.288598E-16	3.112254E-17	2.786055E+00
5.811489E+03	7.753964E-16	3.234428E-17	2.785188E+00
5.815002E+03	8.229314E-16	3.340876E-17	2.784312E+00
5.818515E+03	8.709621E-16	4.235861E-17	2.783427E+00
5.822028E+03	9.177903E-16	4.260193E-17	2.782532E+00
5.825541E+03	9.637228E-16	4.366495E-17	2.781628E+00
5.829054E+03	1.010818E-15	4.346960E-17	2.780714E+00
5.832567E+03	1.058906E-15	4.112890E-17	2.779792E+00
5.836079E+03	1.106515E-15	3.403333E-17	2.778861E+00
5.839592E+03	1.150698E-15	3.144077E-17	2.777921E+00
5.843105E+03	1.194264E-15	3.168285E-17	2.776972E+00
5.846618E+03	1.237381E-15	3.343249E-17	2.776014E+00
5.850131E+03	1.280768E-15	3.546120E-17	2.775048E+00
5.853644E+03	1.321125E-15	4.257733E-17	2.774074E+00
5.857157E+03	1.358482E-15	4.465417E-17	2.773091E+00
5.860670E+03	1.393479E-15	4.576282E-17	2.772100E+00
5.864183E+03	1.426480E-15	4.250429E-17	2.771101E+00
5.867696E+03	1.455435E-15	4.116994E-17	2.770095E+00
5.871209E+03	1.481984E-15	4.130668E-17	2.769080E+00
5.874722E+03	1.504135E-15	4.008613E-17	2.768057E+00
5.878235E+03	1.523719E-15	4.176364E-17	2.767027E+00
5.881748E+03	1.540518E-15	4.502230E-17	2.765990E+00
5.885260E+03	1.555365E-15	5.137621E-17	2.764945E+00
5.888773E+03	1.569255E-15	5.194911E-17	2.763893E+00
5.892286E+03	1.578711E-15	5.366528E-17	2.762833E+00
5.895799E+03	1.587491E-15	5.566933E-17	2.761767E+00
5.899312E+03	1.596150E-15	5.276805E-17	2.760694E+00
5.902825E+03	1.602038E-15	5.417844E-17	2.759613E+00
5.906338E+03	1.606566E-15	5.522676E-17	2.758527E+00
5.909851E+03	1.609900E-15	5.367786E-17	2.757433E+00
5.913364E+03	1.614825E-15	5.278523E-17	2.756333E+00
5.916877E+03	1.617400E-15	4.992031E-17	2.755226E+00
5.920390E+03	1.616692E-15	5.238184E-17	2.754113E+00
5.923903E+03	1.615127E-15	5.375654E-17	2.752994E+00
5.927416E+03	1.612623E-15	5.215442E-17	2.751869E+00
5.930928E+03	1.609182E-15	4.744471E-17	2.750738E+00
5.934441E+03	1.605657E-15	4.646125E-17	2.749601E+00
5.937954E+03	1.600867E-15	4.430190E-17	2.748459E+00
5.941467E+03	1.592808E-15	4.298400E-17	2.747310E+00
5.944980E+03	1.585603E-15	4.219669E-17	2.746156E+00
5.948493E+03	1.576781E-15	4.097923E-17	2.744997E+00
5.952006E+03	1.566344E-15	3.945364E-17	2.743832E+00
5.955519E+03	1.556543E-15	3.948527E-17	2.742663E+00
5.959032E+03	1.545240E-15	3.891079E-17	2.741488E+00
5.962545E+03	1.532407E-15	3.840650E-17	2.740308E+00
5.966058E+03	1.518022E-15	3.262563E-17	2.739123E+00
5.969570E+03	1.503919E-15	2.911695E-17	2.737933E+00
5.973083E+03	1.487828E-15	2.915385E-17	2.736739E+00
5.976596E+03	1.473499E-15	2.873601E-17	2.735540E+00
5.980109E+03	1.456827E-15	2.834893E-17	2.734336E+00
5.983622E+03	1.439402E-15	2.794365E-17	2.733129E+00
5.987135E+03	1.423083E-15	2.574454E-17	2.731917E+00
5.990648E+03	1.407540E-15	2.782027E-17	2.730700E+00
5.994161E+03	1.394218E-15	2.831067E-17	2.729480E+00
5.997674E+03	1.380361E-15	2.799367E-17	2.728256E+00
6.001187E+03	1.363350E-15	2.747744E-17	2.727028E+00
6.004700E+03	1.346952E-15	2.714942E-17	2.725796E+00
6.008213E+03	1.329695E-15	2.698386E-17	2.724561E+00
6.011725E+03	1.313458E-15	2.659174E-17	2.723322E+00
6.015238E+03	1.296880E-15	2.638221E-17	2.722080E+00
6.018751E+03	1.278738E-15	2.702787E-17	2.720834E+00
6.022264E+03	1.260555E-15	2.670209E-17	2.719585E+00
6.025777E+03	1.245948E-15	2.684356E-17	2.718334E+00
6.029290E+03	1.233119E-15	2.831491E-17	2.717079E+00
6.032803E+03	1.219241E-15	2.869642E-17	2.715821E+00
6.036316E+03	1.203636E-15	2.589082E-17	2.714561E+00
6.039829E+03	1.189944E-15	2.328900E-17	2.713297E+00
6.043342E+03	1.179056E-15	2.325613E-17	2.712032E+00
6.046855E+03	1.168176E-15	2.571237E-17	2.710764E+00
6.050368E+03	1.156981E-15	2.574710E-17	2.709493E+00
6.053881E+03	1.147825E-15	2.750122E-17	2.708220E+00
6.057394E+03	1.138298E-15	2.727706E-17	2.706945E+00
6.060906E+03	1.128426E-15	2.693246E-17	2.705668E+00
6.064419E+03	1.118373E-15	2.557522E-17	2.704389E+00
6.067932E+03	1.109761E-15	2.551115E-17	2.703109E+00
6.071445E+03	1.099697E-15	2.630156E-17	2.701826E+00
6.074958E+03	1.091478E-15	2.236514E-17	2.700542E+00
6.078471E+03	1.082861E-15	2.470252E-17	2.699257E+00
6.081984E+03	1.073495E-15	2.479818E-17	2.697970E+00
6.085497E+03	1.066322E-15	2.441424E-17	2.696682E+00
6.089010E+03	1.059666E-15	2.449623E-17	2.695392E+00
6.092523E+03	1.052747E-15	2.284088E-17	2.694102E+00
6.096036E+03	1.047449E-15	2.290084E-17	2.692810E+00
6.099548E+03	1.041671E-15	2.254689E-17	2.691518E+00
6.103061E+03	1.037001E-15	2.248972E-17	2.690224E+00
6.106574E+03	1.031635E-15	2.371819E-17	2.688931E+00
6.110087E+03	1.026462E-15	2.443230E-17	2.687636E+00
6.113600E+03	1.019440E-15	2.416520E-17	2.686341E+00
6.117113E+03	1.013310E-15	2.094858E-17	2.685046E+00
6.120626E+03	1.006406E-15	2.088727E-17	2.683750E+00
6.124139E+03	9.986243E-16	2.021997E-17	2.682455E+00
6.127652E+03	9.921629E-16	2.000822E-17	2.681159E+00
6.131165E+03	9.854930E-16	2.193377E-17	2.679863E+00
6.134678E+03	9.784541E-16	2.228114E-17	2.678568E+00
6.138191E+03	9.721713E-16	2.243234E-17	2.677273E+00
6.141703E+03	9.681421E-16	2.217587E-17	2.675978E+00
6.145217E+03	9.649456E-16	1.972588E-17	2.674684E+00
6.148729E+03	9.608431E-16	2.014972E-17	2.673390E+00
6.152242E+03	9.582139E-16	1.950273E-17	2.672097E+00
6.155755E+03	9.550797E-16	1.873692E-17	2.670805E+00
6.159268E+03	9.518416E-16	2.474297E-17	2.669513E+00
6.162781E+03	9.491935E-16	2.499094E-17	2.668223E+00
6.166294E+03	9.476415E-16	2.495070E-17	2.666933E+00
6.169807E+03	9.444915E-16	2.620240E-17	2.665645E+00
6.173320E+03	9.418774E-16	2.616710E-17	2.664359E+00
6.176833E+03	9.388399E-16	2.424114E-17	2.663073E+00
6.180346E+03	9.356190E-16	2.476194E-17	2.661789E+00
6.183859E+03	9.332261E-16	2.497648E-17	2.660507E+00
6.187372E+03	9.325376E-16	2.478614E-17	2.659227E+00
6.190884E+03	9.305211E-16	2.370765E-17	2.657948E+00
6.194397E+03	9.278160E-16	2.850326E-17	2.656671E+00
6.197910E+03	9.264945E-16	2.909955E-17	2.655397E+00
6.201423E+03	9.264221E-16	2.912360E-17	2.654124E+00
6.204936E+03	9.263236E-16	2.412076E-17	2.652854E+00
6.208449E+03	9.243960E-16	2.346197E-17	2.651586E+00
6.211962E+03	9.220996E-16	2.464586E-17	2.650321E+00
6.215475E+03	9.200708E-16	2.483957E-17	2.649058E+00
6.218988E+03	9.198979E-16	2.502476E-17	2.647798E+00
6.222501E+03	9.213931E-16	2.592537E-17	2.646540E+00
6.226014E+03	9.223583E-16	2.606592E-17	2.645286E+00
6.229526E+03	9.227416E-16	2.692739E-17	2.644034E+00
6.233039E+03	9.239973E-16	2.691378E-17	2.642786E+00
6.236552E+03	9.267318E-16	2.680238E-17	2.641541E+00
6.240065E+03	9.296756E-16	2.176918E-17	2.640299E+00
6.243578E+03	9.317201E-16	2.062487E-17	2.639060E+00
6.247091E+03	9.347394E-16	2.071579E-17	2.637824E+00
6.250604E+03	9.386793E-16	1.997428E-17	2.636591E+00
6.254117E+03	9.419837E-16	2.097790E-17	2.635362E+00
6.257630E+03	9.458916E-16	2.074806E-17	2.634135E+00
6.261143E+03	9.516132E-16	1.945223E-17	2.632911E+00
6.264656E+03	9.553038E-16	1.965852E-17	2.631691E+00
6.268169E+03	9.582550E-16	1.626939E-17	2.630473E+00
6.271682E+03	9.637283E-16	1.613292E-17	2.629258E+00
6.275194E+03	9.675940E-16	1.682007E-17	2.628046E+00
6.278707E+03	9.704587E-16	1.886842E-17	2.626837E+00
6.282220E+03	9.755531E-16	2.377314E-17	2.625631E+00
6.285733E+03	9.799086E-16	2.227755E-17	2.624427E+00
6.289246E+03	9.839459E-16	2.357871E-17	2.623226E+00
6.292759E+03	9.896320E-16	2.458656E-17	2.622028E+00
6.296272E+03	9.932955E-16	2.454809E-17	2.620833E+00
6.299785E+03	9.968777E-16	2.443128E-17	2.619640E+00
6.303298E+03	9.979435E-16	2.421785E-17	2.618449E+00
6.306811E+03	9.995323E-16	2.302260E-17	2.617262E+00
6.310324E+03	1.000702E-15	2.312637E-17	2.616077E+00
6.313837E+03	1.000825E-15	2.292380E-17	2.614894E+00
6.317350E+03	9.978376E-16	2.356720E-17	2.613714E+00
6.320862E+03	9.956115E-16	2.365541E-17	2.612537E+00
6.324375E+03	9.949287E-16	2.505728E-17	2.611361E+00
6.327888E+03	9.924981E-16	2.039502E-17	2.610188E+00
6.331401E+03	9.889222E-16	2.028293E-17	2.609018E+00
6.334914E+03	9.858455E-16	1.959561E-17	2.607850E+00
6.338427E+03	9.827199E-16	2.022561E-17	2.606684E+00
6.341940E+03	9.788159E-16	2.099688E-17	2.605521E+00
6.345453E+03	9.733793E-16	2.181474E-17	2.604359E+00
6.348966E+03	9.699785E-16	2.206994E-17	2.603200E+00
6.352479E+03	9.667632E-16	2.205482E-17	2.602043E+00
6.355992E+03	9.620687E-16	2.208521E-17	2.600889E+00
6.359505E+03	9.568069E-16	2.163186E-17	2.599736E+00
6.363017E+03	9.545125E-16	1.924878E-17	2.598586E+00
6.366530E+03	9.502204E-16	2.014045E-17	2.597437E+00
6.370043E+03	9.453873E-16	2.169758E-17	2.596291E+00
6.373556E+03	9.414412E-16	2.196799E-17	2.595146E+00
6.377069E+03	9.373173E-16	2.232334E-17	2.594004E+00
6.380582E+03	9.342086E-16	2.253724E-17	2.592863E+00
6.384095E+03	9.319842E-16	2.197482E-17	2.591725E+00
6.387608E+03	9.283113E-16	2.166843E-17	2.590588E+00
6.391121E+03	9.254446E-16	1.980541E-17	2.589453E+00
6.394634E+03	9.226325E-16	2.163090E-17	2.588320E+00
6.398147E+03	9.186330E-16	2.194562E-17	2.587189E+00
6.401660E+03	9.151028E-16	2.238040E-17	2.586059E+00
6.405172E+03	9.097148E-16	2.189464E-17	2.584931E+00
6.408685E+03	9.051586E-16	2.118639E-17	2.583805E+00
6.412198E+03	9.016913E-16	2.131750E-17	2.582681E+00
6.415711E+03	9.013251E-16	2.152388E-17	2.581558E+00
6.419224E+03	9.014497E-16	2.325614E-17	2.580436E+00
6.422737E+03	9.016776E-16	2.398027E-17	2.579317E+00
6.426250E+03	9.025242E-16	2.401629E-17	2.578199E+00
6.429763E+03	9.043754E-16	2.362484E-17	2.577082E+00
6.433276E+03	9.058903E-16	2.366535E-17	2.575967E+00
6.436789E+03	9.072496E-16	2.673091E-17	2.574853E+00
6.440302E+03	9.077842E-16	2.713025E-17	2.573741E+00
6.443815E+03	9.100679E-16	2.731018E-17	2.572630E+00
6.447328E+03	9.132499E-16	2.612283E-17	2.571521E+00
6.450841E+03	9.169176E-16	2.393858E-17	2.570413E+00
6.454353E+03	9.213016E-16	2.492835E-17	2.569306E+00
6.457866E+03	9.249373E-16	2.600262E-17	2.568200E+00
6.461379E+03	9.269526E-16	2.837025E-17	2.567096E+00
6.464892E+03	9.309934E-16	2.886946E-17	2.565993E+00
6.468405E+03	9.346462E-16	2.902979E-17	2.564891E+00
6.471918E+03	9.370908E-16	2.998193E-17	2.563790E+00
6.475431E+03	9.397129E-16	3.011539E-17	2.562690E+00
6.478944E+03	9.414362E-16	2.981973E-17	2.561592E+00
6.482457E+03	9.426203E-16	2.429941E-17	2.560494E+00
6.485970E+03	9.422678E-16	2.609910E-17	2.559398E+00
6.489483E+03	9.402784E-16	3.169230E-17	2.558302E+00
6.492995E+03	9.365261E-16	3.036273E-17	2.557208E+00
6.496508E+03	9.310645E-16	3.047266E-17	2.556114E+00
6.500021E+03	9.217240E-16	3.119347E-17	2.555021E+00
6.503534E+03	9.107568E-16	3.125414E-17	2.553930E+00
6.507047E+03	8.966080E-16	3.135361E-17	2.552839E+00
6.510560E+03	8.793070E-16	3.171651E-17	2.551749E+00
6.514073E+03	8.594957E-16	3.189866E-17	2.550659E+00
6.517586E+03	8.395227E-16	3.151069E-17	2.549571E+00
6.521099E+03	8.183179E-16	3.140053E-17	2.548483E+00
6.524612E+03	7.955772E-16	3.116559E-17	2.547396E+00
6.528125E+03	7.721429E-16	3.093510E-17	2.546310E+00
6.531638E+03	7.477105E-16	2.907837E-17	2.545224E+00
6.535150E+03	7.226119E-16	2.152316E-17	2.544139E+00
6.538663E+03	6.993911E-16	2.665696E-17	2.543055E+00
6.542176E+03	6.787828E-16	2.834771E-17	2.541972E+00
6.545689E+03	6.598182E-16	3.234797E-17	2.540890E+00
6.549202E+03	6.420126E-16	3.577158E-17	2.539808E+00
6.552715E+03	6.263801E-16	3.490640E-17	2.538727E+00
6.556228E+03	6.133746E-16	3.461617E-17	2.537647E+00
6.559741E+03	6.059098E-16	3.272621E-17	2.536567E+00
6.563254E+03	6.004037E-16	3.239476E-17	2.535488E+00
6.566767E+03	5.971831E-16	2.888044E-17	2.534410E+00
6.570280E+03	5.991587E-16	3.096273E-17	2.533333E+00
6.573793E+03	6.039432E-16	3.695848E-17	2.532257E+00
6.577306E+03	6.106727E-16	3.907963E-17	2.531181E+00
6.580819E+03	6.206097E-16	4.378904E-17	2.530106E+00
6.584331E+03	6.324603E-16	4.812892E-17	2.529032E+00
6.587844E+03	6.463484E-16	5.040609E-17	2.527958E+00
6.591357E+03	6.630295E-16	4.876275E-17	2.526886E+00
6.594870E+03	6.815150E-16	4.612850E-17	2.525814E+00
6.598383E+03	7.026611E-16	4.492374E-17	2.524742E+00
6.601896E+03	7.252276E-16	4.171552E-17	2.523672E+00
6.605409E+03	7.488345E-16	3.867004E-17	2.522602E+00
6.608922E+03	7.726482E-16	3.126227E-17	2.521533E+00
6.612435E+03	7.995167E-16	2.940320E-17	2.520465E+00
6.615948E+03	8.247248E-16	3.281374E-17	2.519398E+00
6.619461E+03	8.487027E-16	3.316718E-17	2.518331E+00
6.622974E+03	8.706212E-16	3.428005E-17	2.517265E+00
6.626486E+03	8.939806E-16	3.469959E-17	2.516200E+00
6.629999E+03	9.157859E-16	3.348770E-17	2.515135E+00
6.633512E+03	9.359636E-16	3.548297E-17	2.514071E+00
6.637025E+03	9.555463E-16	3.604014E-17	2.513008E+00
6.640538E+03	9.728768E-16	3.647807E-17	2.511946E+00
6.644051E+03	9.884851E-16	3.674262E-17	2.510885E+00
6.647564E+03	1.002549E-15	3.583015E-17	2.509824E+00
6.651077E+03	1.014394E-15	3.280797E-17	2.508764E+00
6.654590E+03	1.024247E-15	3.282282E-17	2.507705E+00
6.658103E+03	1.031585E-15	3.366292E-17	2.506646E+00
6.661616E+03	1.037664E-15	3.379261E-17	2.505588E+00
6.665128E+03	1.041184E-15	3.412152E-17	2.504531E+00
6.668641E+03	1.044124E-15	3.428715E-17	2.503475E+00
6.672154E+03	1.045661E-15	3.431784E-17	2.502420E+00
6.675667E+03	1.045420E-15	3.438145E-17	2.501365E+00
6.679180E+03	1.045580E-15	3.385552E-17	2.500311E+00
6.682693E+03	1.045190E-15	3.489560E-17	2.499258E+00
6.686206E+03	1.045249E-15	3.502624E-17	2.498205E+00
6.689719E+03	1.045758E-15	3.468353E-17	2.497153E+00
6.693232E+03	1.044319E-15	3.474782E-17	2.496102E+00
6.696745E+03	1.041609E-15	3.509216E-17	2.495052E+00
6.700258E+03	1.039899E-15	4.074615E-17	2.494003E+00
6.703771E+03	1.037168E-15	4.141164E-17	2.492954E+00
6.707284E+03	1.032421E-15	4.214555E-17	2.491906E+00
6.710797E+03	1.027504E-15	4.314639E-17	2.490858E+00
6.714309E+03	1.023238E-15	4.312108E-17	2.489812E+00
6.717822E+03	1.019075E-15	4.373935E-17	2.488766E+00
6.721335E+03	1.015338E-15	4.358965E-17	2.487721E+00
6.724848E+03	1.010884E-15	4.088796E-17	2.486677E+00
6.728361E+03	1.003574E-15	3.791842E-17	2.485633E+00
6.731874E+03	9.964450E-16	4.061738E-17	2.484590E+00
6.735387E+03	9.912587E-16	4.076222E-17	2.483548E+00
6.738900E+03	9.848602E-16	4.175190E-17	2.482507E+00
6.742413E+03	9.778964E-16	4.264542E-17	2.481467E+00
6.745926E+03	9.716080E-16	3.963474E-17	2.480427E+00
6.749439E+03	9.641843E-16	3.885826E-17	2.479388E+00
6.752952E+03	9.568412E-16	3.746977E-17	2.478350E+00
6.756464E+03	9.516346E-16	3.502879E-17	2.477312E+00
6.759977E+03	9.468533E-16	3.496901E-17	2.476275E+00
6.763490E+03	9.403434E-16	3.383311E-17	2.475239E+00
6.767003E+03	9.332697E-16	3.350224E-17	2.474204E+00
6.770516E+03	9.245696E-16	3.414277E-17	2.473169E+00
6.774029E+03	9.159263E-16	3.544561E-17	2.472136E+00
6.777542E+03	9.097117E-16	3.388435E-17	2.471103E+00
6.781055E+03	9.040210E-16	3.304735E-17	2.470070E+00
6.784568E+03	8.990511E-16	3.265542E-17	2.469039E+00
6.788081E+03	8.936657E-16	3.228974E-17	2.468008E+00
6.791594E+03	8.883588E-16	3.116483E-17	2.466978E+00
6.795107E+03	8.829577E-16	3.041217E-17	2.465949E+00
6.798619E+03	8.761560E-16	3.061071E-17	2.464920E+00
6.802132E+03	8.681033E-16	3.276776E-17	2.463893E+00
6.805645E+03	8.596140E-16	3.270533E-17	2.462866E+00
6.809158E+03	8.515995E-16	3.239370E-17	2.461840E+00
6.812671E+03	8.422628E-16	3.394921E-17	2.460814E+00
6.816184E+03	8.334012E-16	3.333248E-17	2.459789E+00
6.819697E+03	8.237848E-16	3.233214E-17	2.458765E+00
6.823210E+03	8.161671E-16	3.299937E-17	2.457742E+00
6.826723E+03	8.080152E-16	3.293791E-17	2.456720E+00
6.830236E+03	8.005576E-16	3.259277E-17	2.455698E+00
6.833749E+03	7.935726E-16	3.157404E-17	2.454677E+00
6.837262E+03	7.846305E-16	3.209817E-17	2.453657E+00
6.840775E+03	7.770202E-16	3.174703E-17	2.452638E+00
6.844287E+03	7.705439E-16	3.232118E-17	2.451619E+00
6.847800E+03	7.643916E-16	3.575758E-17	2.450601E+00
6.851313E+03	7.578524E-16	4.190007E-17	2.449584E+00
6.854826E+03	7.508534E-16	4.273403E-17	2.448568E+00
6.858339E+03	7.429546E-16	4.108871E-17	2.447553E+00
6.861852E+03	7.345485E-16	4.215302E-17	2.446538E+00
6.865365E+03	7.253668E-16	4.199349E-17	2.445524E+00
6.868878E+03	7.156060E-16	4.148133E-17	2.444511E+00
6.872391E+03	7.053890E-16	4.219736E-17	2.443498E+00
6.875904E+03	6.935685E-16	4.182762E-17	2.442486E+00
6.879417E+03	6.819041E-16	4.179875E-17	2.441476E+00
6.882930E+03	6.690780E-16	4.040095E-17	2.440465E+00
6.886443E+03	6.556282E-16	3.963410E-17	2.439456E+00
6.889955E+03	6.414092E-16	4.004123E-17	2.438447E+00
6.893468E+03	6.258370E-16	3.798746E-17	2.437440E+00
6.896981E+03	6.105700E-16	2.830234E-17	2.436433E+00
6.900494E+03	5.939031E-16	2.352159E-17	2.435426E+00
6.904007E+03	5.771525E-16	2.190941E-17	2.434421E+00
6.907520E+03	5.599534E-16	2.141207E-17	2.433416E+00
6.911033E+03	5.443495E-16	2.046559E-17	2.432412E+00
6.914546E+03	5.314331E-16	2.518326E-17	2.431409E+00
6.918059E+03	5.204230E-16	3.149886E-17	2.430407E+00
6.921572E+03	5.108067E-16	3.313133E-17	2.429405E+00
6.925085E+03	5.022183E-16	3.529006E-17	2.428404E+00
6.928597E+03	4.956760E-16	3.802231E-17	2.427404E+00
6.932110E+03	4.930455E-16	3.779827E-17	2.426405E+00
6.935623E+03	4.927214E-16	3.830571E-17	2.425407E+00
6.939136E+03	4.949916E-16	3.528117E-17	2.424409E+00
6.942649E+03	4.998530E-16	3.390964E-17	2.423412E+00
6.946162E+03	5.075204E-16	3.227979E-17	2.422416E+00
6.949675E+03	5.190800E-16	3.037592E-17	2.421421E+00
6.953188E+03	5.344544E-16	2.616062E-17	2.420426E+00
6.956701E+03	5.518242E-16	2.685226E-17	2.419433E+00
6.960214E+03	5.708727E-16	3.031098E-17	2.418440E+00
6.963727E+03	5.931208E-16	3.265647E-17	2.417448E+00
6.967240E+03	6.174046E-16	3.897975E-17	2.416457E+00
6.970752E+03	6.452676E-16	4.025419E-17	2.415466E+00
6.974266E+03	6.775021E-16	4.098682E-17	2.414476E+00
6.977778E+03	7.112306E-16	4.231448E-17	2.413487E+00
6.981291E+03	7.447144E-16	4.173713E-17	2.412499E+00
6.984804E+03	7.777609E-16	4.010411E-17	2.411512E+00
6.988317E+03	8.128533E-16	3.888928E-17	2.410526E+00
6.991830E+03	8.464714E-16	3.851820E-17	2.409540E+00
6.995343E+03	8.792912E-16	3.902310E-17	2.408555E+00
6.998856E+03	9.124453E-16	3.748630E-17	2.407571E+00
7.002369E+03	9.456687E-16	3.830883E-17	2.406588E+00
7.005882E+03	9.771569E-16	4.098492E-17	2.405605E+00
7.009395E+03	1.006720E-15	4.214028E-17	2.404624E+00
7.012908E+03	1.034937E-15	4.118267E-17	2.403643E+00
7.016421E+03	1.059815E-15	4.177491E-17	2.402663E+00
7.019933E+03	1.083135E-15	4.174528E-17	2.401684E+00
7.023446E+03	1.102596E-15	4.070966E-17	2.400705E+00
7.026959E+03	1.119089E-15	3.834891E-17	2.399728E+00
7.030472E+03	1.133026E-15	3.864237E-17	2.398751E+00
7.033985E+03	1.144410E-15	3.894995E-17	2.397775E+00
7.037498E+03	1.155306E-15	3.916524E-17	2.396800E+00
7.041011E+03	1.164827E-15	4.058460E-17	2.395826E+00
7.044524E+03	1.170460E-15	4.046769E-17	2.394853E+00
7.048037E+03	1.174318E-15	4.023585E-17	2.393880E+00
7.051550E+03	1.176737E-15	4.009257E-17	2.392908E+00
7.055063E+03	1.176068E-15	4.096124E-17	2.391938E+00
7.058575E+03	1.176165E-15	4.006540E-17	2.390968E+00
7.062088E+03	1.176094E-15	3.996260E-17	2.389998E+00
7.065601E+03	1.174877E-15	4.000695E-17	2.389030E+00
7.069114E+03	1.171894E-15	3.977655E-17	2.388063E+00
7.072627E+03	1.167576E-15	3.976958E-17	2.387096E+00
7.076140E+03	1.163405E-15	4.065054E-17	2.386130E+00
7.079653E+03	1.157020E-15	3.990091E-17	2.385165E+00
7.083166E+03	1.150496E-15	3.953241E-17	2.384201E+00
7.086679E+03	1.144621E-15	3.838491E-17	2.383238E+00
7.090192E+03	1.136726E-15	3.818442E-17	2.382275E+00
7.093705E+03	1.128481E-15	3.756621E-17	2.381314E+00
7.097218E+03	1.118528E-15	3.777104E-17	2.380353E+00
7.100731E+03	1.107726E-15	3.676732E-17	2.379393E+00
7.104243E+03	1.095459E-15	3.674046E-17	2.378434E+00
7.107756E+03	1.084414E-15	3.637467E-17	2.377476E+00
7.111269E+03	1.073070E-15	3.492834E-17	2.376519E+00
7.114782E+03	1.060142E-15	3.541452E-17	2.375562E+00
7.118295E+03	1.046086E-15	3.648212E-17	2.374607E+00
7.121808E+03	1.030948E-15	3.471052E-17	2.373652E+00
7.125321E+03	1.015207E-15	3.431994E-17	2.372698E+00
7.128834E+03	1.000829E-15	3.384234E-17	2.371746E+00
7.132347E+03	9.860605E-16	3.494292E-17	2.370794E+00
7.135860E+03	9.711614E-16	3.457306E-17	2.369842E+00
7.139373E+03	9.559665E-16	3.467711E-17	2.368892E+00
7.142886E+03	9.423702E-16	3.398824E-17	2.367943E+00
7.146399E+03	9.286666E-16	3.314672E-17	2.366994E+00
7.149911E+03	9.171981E-16	3.185095E-17	2.366047E+00
7.153424E+03	9.062827E-16	3.219658E-17	2.365100E+00
7.156937E+03	8.968420E-16	3.452704E-17	2.364154E+00
7.160450E+03	8.878578E-16	3.611262E-17	2.363210E+00
7.163963E+03	8.789518E-16	3.359387E-17	2.362266E+00
7.167476E+03	8.711863E-16	3.268778E-17	2.361322E+00
7.170989E+03	8.657875E-16	3.163913E-17	2.360380E+00
7.174502E+03	8.611245E-16	3.127812E-17	2.359439E+00
7.178015E+03	8.572671E-16	3.037156E-17	2.358499E+00
7.181528E+03	8.568785E-16	3.028468E-17	2.357559E+00
7.185041E+03	8.593653E-16	2.914354E-17	2.356621E+00
7.188553E+03	8.624627E-16	2.909804E-17	2.355683E+00
7.192066E+03	8.668999E-16	2.977302E-17	2.354746E+00
7.195579E+03	8.742523E-16	3.008378E-17	2.353811E+00
7.199092E+03	8.833166E-16	2.998605E-17	2.352876E+00
7.202605E+03	8.920445E-16	2.821882E-17	2.351942E+00
7.206118E+03	9.012828E-16	2.555880E-17	2.351009E+00
7.209631E+03	9.102553E-16	2.555288E-17	2.350077E+00
7.213144E+03	9.187979E-16	2.733047E-17	2.349146E+00
7.216657E+03	9.282496E-16	2.710674E-17	2.348216E+00
7.220170E+03	9.360509E-16	2.646649E-17	2.347286E+00
7.223683E+03	9.453477E-16	2.608162E-17	2.346358E+00
7.227196E+03	9.563494E-16	2.680364E-17	2.345431E+00
7.230709E+03	9.669205E-16	2.790413E-17	2.344504E+00
7.234221E+03	9.767803E-16	2.845442E-17	2.343579E+00
7.237734E+03	9.854142E-16	2.848399E-17	2.342655E+00
7.241247E+03	9.948376E-16	2.857106E-17	2.341731E+00
7.244760E+03	1.005120E-15	2.992351E-17	2.340808E+00
7.248273E+03	1.014739E-15	3.192576E-17	2.339887E+00
7.251786E+03	1.024514E-15	3.649053E-17	2.338966E+00
7.255299E+03	1.035427E-15	4.311181E-17	2.338047E+00
7.258812E+03	1.044182E-15	4.425953E-17	2.337128E+00
7.262325E+03	1.051505E-15	4.454164E-17	2.336210E+00
7.265838E+03	1.057281E-15	4.405250E-17	2.335294E+00
7.269351E+03	1.063753E-15	4.420590E-17	2.334378E+00
7.272864E+03	1.069800E-15	4.291094E-17	2.333463E+00
7.276377E+03	1.075585E-15	4.245307E-17	2.332550E+00
7.279889E+03	1.080970E-15	4.298442E-17	2.331637E+00
7.283402E+03	1.087959E-15	4.579480E-17	2.330725E+00
7.286915E+03	1.094943E-15	4.566510E-17	2.329814E+00
7.290428E+03	1.100850E-15	4.605724E-17	2.328905E+00
7.293941E+03	1.106101E-15	4.694828E-17	2.327996E+00
7.297454E+03	1.111068E-15	4.452267E-17	2.327088E+00
7.300967E+03	1.116334E-15	3.829162E-17	2.326181E+00
7.304480E+03	1.123131E-15	3.380286E-17	2.325276E+00
7.307993E+03	1.128482E-15	3.186658E-17	2.324371E+00
7.311506E+03	1.132783E-15	3.296595E-17	2.323468E+00
7.315019E+03	1.135432E-15	3.698890E-17	2.322565E+00
7.318532E+03	1.137615E-15	3.801344E-17	2.321663E+00
7.322044E+03	1.139030E-15	3.725664E-17	2.320763E+00
7.325557E+03	1.138983E-15	3.583531E-17	2.319863E+00
7.329070E+03	1.137962E-15	3.274447E-17	2.318965E+00
7.332583E+03	1.136409E-15	3.303814E-17	2.318067E+00
7.336096E+03	1.133560E-15	3.259181E-17	2.317171E+00
7.339609E+03	1.131339E-15	3.122692E-17	2.316276E+00
7.343122E+03	1.127012E-15	3.103702E-17	2.315382E+00
7.346635E+03	1.123036E-15	3.158019E-17	2.314488E+00
7.350148E+03	1.115940E-15	3.172053E-17	2.313596E+00
7.353661E+03	1.107138E-15	3.171794E-17	2.312705E+00
7.357174E+03	1.096841E-15	3.174181E-17	2.311815E+00
7.360687E+03	1.086205E-15	2.641708E-17	2.310926E+00
7.364199E+03	1.073660E-15	2.552634E-17	2.310039E+00
7.367712E+03	1.060594E-15	2.499603E-17	2.309152E+00
7.371225E+03	1.047007E-15	2.566040E-17	2.308266E+00
7.374738E+03	1.034238E-15	2.961923E-17	2.307382E+00
7.378251E+03	1.023186E-15	3.138983E-17	2.306498E+00
7.381764E+03	1.012972E-15	3.129475E-17	2.305616E+00
7.385277E+03	1.000601E-15	3.072563E-17	2.304735E+00
7.388790E+03	9.882385E-16	3.133610E-17	2.303855E+00
7.392303E+03	9.782350E-16	3.053579E-17	2.302976E+00
7.395816E+03	9.681703E-16	2.982186E-17	2.302098E+00
7.399329E+03	9.578833E-16	2.974428E-17	2.301221E+00
7.402842E+03	9.477654E-16	2.850675E-17	2.300346E+00
7.406355E+03	9.363676E-16	2.856746E-17	2.299471E+00
7.409868E+03	9.241742E-16	2.779416E-17	2.298598E+00
7.413380E+03	9.135756E-16	2.736481E-17	2.297725E+00
7.416893E+03	9.015153E-16	2.760630E-17	2.296854E+00
7.420406E+03	8.893955E-16	2.394420E-17	2.295984E+00
7.423919E+03	8.776982E-16	1.984892E-17	2.295116E+00
7.427432E+03	8.666063E-16	1.962764E-17	2.294248E+00
7.430945E+03	8.555919E-16	1.943123E-17	2.293382E+00
7.434458E+03	8.444713E-16	1.849800E-17	2.292516E+00
7.437971E+03	8.355364E-16	1.901825E-17	2.291652E+00
7.441484E+03	8.277309E-16	1.936668E-17	2.290789E+00
7.444997E+03	8.204811E-16	1.889240E-17	2.289928E+00
7.448510E+03	8.137633E-16	1.906830E-17	2.289067E+00
7.452023E+03	8.073941E-16	1.870914E-17	2.288208E+00
7.455535E+03	7.998633E-16	1.672516E-17	2.287350E+00
7.459048E+03	7.933901E-16	1.737605E-17	2.286493E+00
7.462561E+03	7.856877E-16	2.031784E-17	2.285637E+00
7.466074E+03	7.796591E-16	2.539628E-17	2.284782E+00
7.469587E+03	7.730643E-16	2.484860E-17	2.283929E+00
7.473100E+03	7.663376E-16	2.461978E-17	2.283077E+00
7.476613E+03	7.603464E-16	2.475470E-17	2.282226E+00
7.480126E+03	7.557743E-16	2.667492E-17	2.281376E+00
7.483639E+03	7.520497E-16	2.768213E-17	2.280528E+00
7.487152E+03	7.469830E-16	2.649579E-17	2.279681E+00
7.490665E+03	7.405985E-16	2.900411E-17	2.278835E+00
7.494177E+03	7.340595E-16	2.985061E-17	2.277990E+00
7.497690E+03	7.292107E-16	2.958396E-17	2.277147E+00
7.501203E+03	7.263916E-16	3.000340E-17	2.276305E+00
7.504716E+03	7.205711E-16	2.982293E-17	2.275464E+00
7.508229E+03	7.168023E-16	2.828883E-17	2.274624E+00
7.511742E+03	7.153103E-16	2.512982E-17	2.273786E+00
7.515255E+03	7.149333E-16	2.742220E-17	2.272949E+00
7.518768E+03	7.140342E-16	2.798102E-17	2.272113E+00
7.522281E+03	7.115915E-16	2.804978E-17	2.271278E+00
7.525794E+03	7.077659E-16	2.685000E-17	2.270445E+00
7.529307E+03	7.033759E-16	2.561426E-17	2.269614E+00
7.532820E+03	6.981273E-16	2.557682E-17	2.268783E+00
7.536333E+03	6.932682E-16	2.364453E-17	2.267954E+00
7.539846E+03	6.866446E-16	2.216720E-17	2.267126E+00
7.543358E+03	6.808645E-16	2.217495E-17	2.266300E+00
7.546871E+03	6.754288E-16	2.185435E-17	2.265475E+00
7.550384E+03	6.692046E-16	2.073321E-17	2.264652E+00
7.553897E+03	6.618079E-16	2.077342E-17	2.263830E+00
7.557410E+03	6.539869E-16	1.958967E-17	2.263009E+00
7.560923E+03	6.454932E-16	2.102261E-17	2.262190E+00
7.564436E+03	6.360561E-16	2.618930E-17	2.261372E+00
7.567949E+03	6.272816E-16	2.577242E-17	2.260556E+00
7.571462E+03	6.182199E-16	2.714732E-17	2.259741E+00
7.574975E+03	6.090972E-16	3.116515E-17	2.258928E+00
7.578488E+03	5.996652E-16	3.322973E-17	2.258116E+00
7.582001E+03	5.895405E-16	4.692131E-17	2.257306E+00
7.585513E+03	5.811608E-16	5.336525E-17	2.256497E+00
7.589026E+03	5.740730E-16	5.347813E-17	2.255690E+00
7.592539E+03	5.671033E-16	5.404468E-17	2.254884E+00
7.596052E+03	5.601163E-16	5.674718E-17	2.254080E+00
7.599565E+03	5.536979E-16	5.901281E-17	2.253278E+00
7.603078E+03	5.475095E-16	5.930659E-17	2.252477E+00
7.606591E+03	5.419788E-16	5.676430E-17	2.251678E+00
7.610104E+03	5.404813E-16	5.235392E-17	2.250880E+00
7.613617E+03	5.372526E-16	5.094882E-17	2.250084E+00
7.617130E+03	5.350610E-16	5.148132E-17	2.249290E+00
7.620643E+03	5.341305E-16	5.135540E-17	2.248497E+00
7.624156E+03	5.345720E-16	5.222209E-17	2.247706E+00
7.627668E+03	5.352606E-16	4.290823E-17	2.246917E+00
7.631181E+03	5.368923E-16	3.340902E-17	2.246129E+00
7.634694E+03	5.413523E-16	3.287716E-17	2.245344E+00
7.638207E+03	5.457871E-16	3.258550E-17	2.244560E+00
7.641720E+03	5.500844E-16	2.890378E-17	2.243777E+00
7.645233E+03	5.532127E-16	2.467592E-17	2.242997E+00
7.648746E+03	5.562943E-16	2.409460E-17	2.242218E+00
7.652259E+03	5.596206E-16	2.445540E-17	2.241441E+00
7.655772E+03	5.619366E-16	2.338066E-17	2.240666E+00
7.659285E+03	5.619890E-16	2.463479E-17	2.239892E+00
7.662798E+03	5.653780E-16	2.138185E-17	2.239121E+00
7.666311E+03	5.690337E-16	1.674724E-17	2.238351E+00
7.669824E+03	5.724857E-16	1.664318E-17	2.237583E+00
7.673336E+03	5.754437E-16	1.763659E-17	2.236818E+00
7.676849E+03	5.786012E-16	1.931279E-17	2.236054E+00
7.680362E+03	5.824722E-16	2.139396E-17	2.235291E+00
7.683875E+03	5.838160E-16	2.708704E-17	2.234531E+00
7.687388E+03	5.841763E-16	2.723558E-17	2.233773E+00
7.690901E+03	5.848717E-16	2.905278E-17	2.233017E+00
7.694414E+03	5.878216E-16	3.011436E-17	2.232262E+00
7.697927E+03	5.908815E-16	3.221124E-17	2.231510E+00
7.701440E+03	5.922443E-16	3.356912E-17	2.230759E+00
7.704953E+03	5.995385E-16	3.086482E-17	2.230011E+00
7.708466E+03	6.076752E-16	2.856573E-17	2.229265E+00
7.711979E+03	6.141133E-16	3.275666E-17	2.228520E+00
7.715492E+03	6.201243E-16	3.505471E-17	2.227778E+00
7.719004E+03	6.252631E-16	4.002799E-17	2.227038E+00
7.722517E+03	6.277942E-16	4.153707E-17	2.226300E+00
7.726030E+03	6.299458E-16	4.210458E-17	2.225564E+00
7.729543E+03	6.343212E-16	4.318774E-17	2.224830E+00
7.733056E+03	6.408738E-16	4.342987E-17	2.224098E+00
7.736569E+03	6.475782E-16	4.484088E-17	2.223368E+00
7.740082E+03	6.567681E-16	4.351312E-17	2.222641E+00
7.743595E+03	6.661524E-16	4.002741E-17	2.221915E+00
7.747108E+03	6.748426E-16	3.580302E-17	2.221192E+00
7.750621E+03	6.843270E-16	3.759143E-17	2.220471E+00
7.754134E+03	6.960255E-16	3.959220E-17	2.219752E+00
7.757646E+03	7.061416E-16	3.815087E-17	2.219036E+00
7.761159E+03	7.158080E-16	3.857028E-17	2.218321E+00
7.764672E+03	7.267771E-16	3.565504E-17	2.217609E+00
7.768185E+03	7.368975E-16	3.434587E-17	2.216900E+00
7.771698E+03	7.445963E-16	3.396511E-17	2.216192E+00
7.775211E+03	7.509615E-16	2.839116E-17	2.215487E+00
7.778724E+03	7.572569E-16	2.691176E-17	2.214784E+00
7.782237E+03	7.611134E-16	2.845419E-17	2.214084E+00
7.785750E+03	7.650125E-16	3.165563E-17	2.213386E+00
7.789263E+03	7.673609E-16	3.331467E-17	2.212690E+00
7.792776E+03	7.688900E-16	3.685861E-17	2.211997E+00
7.796289E+03	7.701977E-16	4.040107E-17	2.211306E+00
7.799801E+03	7.700242E-16	3.883498E-17	2.210617E+00
7.803315E+03	7.694979E-16	4.077379E-17	2.209931E+00
7.806827E+03	7.695692E-16	3.929825E-17	2.209247E+00
7.810340E+03	7.657319E-16	3.946927E-17	2.208566E+00
7.813853E+03	7.631783E-16	4.003971E-17	2.207887E+00
7.817366E+03	7.601194E-16	4.067409E-17	2.207211E+00
7.820879E+03	7.565334E-16	4.315082E-17	2.206537E+00
7.824392E+03	7.545386E-16	4.290654E-17	2.205866E+00
7.827905E+03	7.532955E-16	4.246897E-17	2.205198E+00
7.831418E+03	7.513705E-16	4.207484E-17	2.204532E+00
7.834931E+03	7.469350E-16	4.124619E-17	2.203868E+00
7.838444E+03	7.418860E-16	3.766486E-17	2.203207E+00
7.841957E+03	7.341096E-16	3.023974E-17	2.202549E+00
7.845470E+03	7.247532E-16	3.554665E-17	2.201893E+00
7.848982E+03	7.166138E-16	3.504311E-17	2.201240E+00
7.852495E+03	7.074677E-16	3.488437E-17	2.200590E+00
7.856008E+03	6.969198E-16	3.457136E-17	2.199942E+00
7.859521E+03	6.879623E-16	3.419530E-17	2.199297E+00
7.863034E+03	6.782192E-16	3.396260E-17	2.198655E+00
7.866547E+03	6.688342E-16	3.115065E-17	2.198016E+00
7.870060E+03	6.593895E-16	2.941300E-17	2.197379E+00
7.873573E+03	6.509835E-16	2.840380E-17	2.196745E+00
7.877086E+03	6.438787E-16	2.761818E-17	2.196114E+00
7.880599E+03	6.372617E-16	2.674736E-17	2.195486E+00
7.884112E+03	6.311759E-16	2.555067E-17	2.194860E+00
7.887624E+03	6.263670E-16	2.802732E-17	2.194237E+00
7.891137E+03	6.222416E-16	2.339806E-17	2.193618E+00
7.894650E+03	6.174613E-16	2.353170E-17	2.193001E+00
7.898163E+03	6.136709E-16	2.843811E-17	2.192387E+00
7.901676E+03	6.134560E-16	2.923376E-17	2.191775E+00
7.905189E+03	6.114671E-16	2.913547E-17	2.191167E+00
7.908702E+03	6.092391E-16	3.034934E-17	2.190562E+00
7.912215E+03	6.069911E-16	3.247579E-17	2.189960E+00
7.915728E+03	6.025995E-16	3.525299E-17	2.189360E+00
7.919241E+03	5.991304E-16	3.483317E-17	2.188764E+00
7.922754E+03	5.959920E-16	3.573067E-17	2.188171E+00
7.926267E+03	5.956563E-16	3.608844E-17	2.187580E+00
7.929780E+03	5.943810E-16	3.930699E-17	2.186993E+00
7.933292E+03	5.922545E-16	3.811268E-17	2.186409E+00
7.936805E+03	5.918785E-16	3.769933E-17	2.185828E+00
7.940318E+03	5.905638E-16	3.707012E-17	2.185250E+00
7.943831E+03	5.900590E-16	3.149463E-17	2.184675E+00
7.947344E+03	5.901885E-16	2.806005E-17	2.184104E+00
7.950857E+03	5.898384E-16	2.942207E-17	2.183535E+00
7.954370E+03	5.883540E-16	2.920597E-17	2.182970E+00
7.957883E+03	5.881589E-16	2.832930E-17	2.182408E+00
7.961396E+03	5.883574E-16	2.704852E-17	2.181849E+00
7.964909E+03	5.880549E-16	2.672573E-17	2.181293E+00
7.968422E+03	5.857688E-16	2.539986E-17	2.180741E+00
7.971935E+03	5.842478E-16	2.626831E-17	2.180192E+00
7.975448E+03	5.832297E-16	2.106090E-17	2.179646E+00
7.978960E+03	5.827795E-16	2.044550E-17	2.179104E+00
7.982473E+03	5.832889E-16	2.107694E-17	2.178565E+00
7.985986E+03	5.819693E-16	2.177391E-17	2.178029E+00
7.989499E+03	5.790617E-16	2.139551E-17	2.177497E+00
7.993012E+03	5.766570E-16	2.430706E-17	2.176968E+00
7.996525E+03	5.743848E-16	2.524456E-17	2.176442E+00
8.000038E+03	5.733549E-16	2.521682E-17	2.175920E+00
8.003551E+03	5.699769E-16	2.630699E-17	2.175401E+00
8.007064E+03	5.648180E-16	2.676607E-17	2.174886E+00
8.010577E+03	5.616410E-16	2.694882E-17	2.174375E+00
8.014090E+03	5.585968E-16	2.765752E-17	2.173867E+00
8.017602E+03	5.550332E-16	2.647583E-17	2.173362E+00
8.021115E+03	5.534494E-16	2.544866E-17	2.172861E+00
8.024628E+03	5.528883E-16	2.545179E-17	2.172364E+00
8.028141E+03	5.516332E-16	2.617274E-17	2.171870E+00
8.031654E+03	5.491419E-16	2.605787E-17	2.171380E+00
8.035167E+03	5.458710E-16	2.658378E-17	2.170893E+00
8.038680E+03	5.428847E-16	2.388548E-17	2.170410E+00
8.042193E+03	5.409204E-16	2.328251E-17	2.169931E+00
8.045706E+03	5.397388E-16	2.352145E-17	2.169455E+00
8.049219E+03	5.366066E-16	2.272223E-17	2.168984E+00
8.052732E+03	5.323923E-16	2.227534E-17	2.168516E+00
8.056245E+03	5.273785E-16	2.291090E-17	2.168051E+00
8.059758E+03	5.234732E-16	2.285987E-17	2.167591E+00
8.063270E+03	5.202422E-16	2.322727E-17	2.167134E+00
8.066783E+03	5.165584E-16	2.448559E-17	2.166681E+00
8.070296E+03	5.133536E-16	2.417626E-17	2.166232E+00
8.073809E+03	5.098693E-16	2.519382E-17	2.165786E+00
8.077322E+03	5.045035E-16	3.168351E-17	2.165344E+00
8.080835E+03	4.981448E-16	3.159953E-17	2.164905E+00
8.084348E+03	4.929366E-16	3.047176E-17	2.164471E+00
8.087861E+03	4.872335E-16	3.040462E-17	2.164040E+00
8.091374E+03	4.831995E-16	3.018681E-17	2.163612E+00
8.094887E+03	4.793192E-16	2.977121E-17	2.163188E+00
8.098400E+03	4.755061E-16	2.899399E-17	2.162768E+00
8.101913E+03	4.719764E-16	2.907499E-17	2.162351E+00
8.105426E+03	4.686433E-16	2.833995E-17	2.161938E+00
8.108938E+03	4.658309E-16	2.860548E-17	2.161528E+00
8.112451E+03	4.626314E-16	2.950423E-17	2.161122E+00
8.115964E+03	4.631070E-16	2.938265E-17	2.160719E+00
8.119477E+03	4.626758E-16	2.915596E-17	2.160320E+00
8.122990E+03	4.643406E-16	2.182179E-17	2.159925E+00
8.126503E+03	4.649041E-16	2.106703E-17	2.159532E+00
8.130016E+03	4.651875E-16	2.130800E-17	2.159144E+00
8.133529E+03	4.679325E-16	2.280343E-17	2.158758E+00
8.137042E+03	4.702671E-16	2.196064E-17	2.158377E+00
8.140555E+03	4.726879E-16	2.217179E-17	2.157998E+00
8.144068E+03	4.748713E-16	2.388416E-17	2.157623E+00
8.147581E+03	4.768605E-16	2.927939E-17	2.157252E+00
8.151093E+03	4.801007E-16	3.268706E-17	2.156884E+00
8.154606E+03	4.828230E-16	3.298492E-17	2.156519E+00
8.158119E+03	4.857176E-16	3.087250E-17	2.156157E+00
8.161632E+03	4.885257E-16	3.074347E-17	2.155799E+00
8.165145E+03	4.901265E-16	3.063246E-17	2.155445E+00
8.168658E+03	4.912535E-16	3.148702E-17	2.155093E+00
8.172171E+03	4.919498E-16	3.017864E-17	2.154745E+00
8.175684E+03	4.926252E-16	3.061165E-17	2.154400E+00
8.179197E+03	4.914054E-16	2.699459E-17	2.154059E+00
8.182710E+03	4.894115E-16	2.332635E-17	2.153721E+00
8.186223E+03	4.873543E-16	2.251726E-17	2.153386E+00
8.189736E+03	4.891523E-16	2.756606E-17	2.153054E+00
8.193248E+03	4.890993E-16	2.725462E-17	2.152726E+00
8.196761E+03	4.890684E-16	2.607082E-17	2.152400E+00
8.200274E+03	4.859178E-16	2.548626E-17	2.152078E+00
8.203787E+03	4.833498E-16	2.589386E-17	2.151760E+00
8.207300E+03	4.811705E-16	2.777232E-17	2.151444E+00
8.210813E+03	4.789065E-16	2.788689E-17	2.151132E+00
8.214326E+03	4.764503E-16	2.516904E-17	2.150823E+00
8.217839E+03	4.735008E-16	2.417346E-17	2.150517E+00
8.221352E+03	4.714344E-16	2.419419E-17	2.150214E+00
8.224865E+03	4.690253E-16	2.306036E-17	2.149914E+00
8.228378E+03	4.656502E-16	2.351436E-17	2.149618E+00
8.231891E+03	4.627925E-16	2.526056E-17	2.149324E+00
8.235404E+03	4.607744E-16	2.685671E-17	2.149034E+00
8.238916E+03	4.584996E-16	2.798920E-17	2.148747E+00
8.242429E+03	4.558179E-16	2.887111E-17	2.148463E+00
8.245942E+03	4.536530E-16	2.951796E-17	2.148182E+00
8.249455E+03	4.549905E-16	2.874673E-17	2.147904E+00
8.252968E+03	4.541591E-16	2.492711E-17	2.147629E+00
8.256481E+03	4.553686E-16	2.492956E-17	2.147357E+00
8.259994E+03	4.591763E-16	2.788869E-17	2.147088E+00
8.263507E+03	4.608155E-16	3.156513E-17	2.146823E+00
8.267020E+03	4.606733E-16	3.118005E-17	2.146560E+00
8.270533E+03	4.586644E-16	3.217445E-17	2.146300E+00
8.274046E+03	4.552188E-16	3.226237E-17	2.146044E+00
8.277559E+03	4.516245E-16	3.162190E-17	2.145790E+00
8.281072E+03	4.481174E-16	3.020748E-17	2.145540E+00
8.284584E+03	4.431315E-16	2.882190E-17	2.145292E+00
8.288097E+03	4.389195E-16	2.689074E-17	2.145047E+00
8.291610E+03	4.332292E-16	2.776758E-17	2.144805E+00
8.295123E+03	4.252890E-16	2.743260E-17	2.144567E+00
8.298636E+03	4.173725E-16	2.885134E-17	2.144331E+00
8.302149E+03	4.088795E-16	3.046316E-17	2.144098E+00
8.305662E+03	3.994883E-16	2.840072E-17	2.143868E+00
8.309175E+03	3.889207E-16	2.323905E-17	2.143641E+00
8.312688E+03	3.774985E-16	2.389180E-17	2.143417E+00
8.316201E+03	3.643646E-16	2.332953E-17	2.143195E+00
8.319714E+03	3.514482E-16	2.517529E-17	2.142977E+00
8.323227E+03	3.372492E-16	3.036240E-17	2.142762E+00
8.326739E+03	3.229892E-16	3.026939E-17	2.142549E+00
8.330252E+03	3.118603E-16	3.170391E-17	2.142339E+00
8.333765E+03	3.013766E-16	3.263391E-17	2.142132E+00
8.337278E+03	2.893959E-16	3.430824E-17	2.141928E+00
8.340791E+03	2.782960E-16	3.489021E-17	2.141727E+00
8.344304E+03	2.694043E-16	3.384777E-17	2.141529E+00
8.347817E+03	2.620992E-16	3.122785E-17	2.141333E+00
8.351330E+03	2.541320E-16	3.026114E-17	2.141140E+00
8.354843E+03	2.464448E-16	2.986431E-17	2.140950E+00
8.358356E+03	2.379673E-16	2.973992E-17	2.140763E+00
8.361869E+03	2.309257E-16	3.016975E-17	2.140579E+00
8.365382E+03	2.243351E-16	2.957264E-17	2.140397E+00
8.368895E+03	2.174890E-16	2.647803E-17	2.140219E+00
8.372407E+03	2.104860E-16	2.647281E-17	2.140043E+00
8.375920E+03	2.048326E-16	2.480511E-17	2.139869E+00
8.379433E+03	2.019576E-16	2.410736E-17	2.139699E+00
8.382946E+03	2.007458E-16	2.307457E-17	2.139531E+00
8.386459E+03	2.018963E-16	2.805774E-17	2.139366E+00
8.389972E+03	2.033955E-16	2.849862E-17	2.139204E+00
8.393485E+03	2.063793E-16	2.892476E-17	2.139045E+00
8.396998E+03	2.080817E-16	2.868827E-17	2.138888E+00
8.400511E+03	2.136809E-16	2.984742E-17	2.138734E+00
8.404024E+03	2.214074E-16	3.600927E-17	2.138582E+00
8.407537E+03	2.306514E-16	3.548297E-17	2.138433E+00
8.411049E+03	2.418617E-16	3.568435E-17	2.138287E+00
8.414562E+03	2.529425E-16	3.726387E-17	2.138144E+00
8.418075E+03	2.657111E-16	3.912330E-17	2.138004E+00
8.421588E+03	2.797611E-16	3.969591E-17	2.137866E+00
8.425101E+03	2.931042E-16	3.878506E-17	2.137730E+00
8.428614E+03	3.078141E-16	3.580190E-17	2.137598E+00
8.432127E+03	3.239118E-16	2.897669E-17	2.137468E+00
8.435640E+03	3.413119E-16	2.665066E-17	2.137340E+00
8.439153E+03	3.590736E-16	2.960559E-17	2.137215E+00
8.442666E+03	3.762139E-16	3.533950E-17	2.137093E+00
8.446179E+03	3.936733E-16	3.851011E-17	2.136974E+00
8.449692E+03	4.091868E-16	3.487898E-17	2.136857E+00
8.453205E+03	4.262588E-16	3.468949E-17	2.136743E+00
8.456718E+03	4.409793E-16	3.617937E-17	2.136631E+00
8.460230E+03	4.524727E-16	3.353791E-17	2.136522E+00
8.463743E+03	4.646704E-16	2.942592E-17	2.136416E+00
8.467256E+03	4.749449E-16	2.908622E-17	2.136312E+00
8.470769E+03	4.850694E-16	2.903413E-17	2.136211E+00
8.474282E+03	4.948304E-16	3.458594E-17	2.136112E+00
8.477795E+03	5.043134E-16	3.631070E-17	2.136016E+00
8.481308E+03	5.120234E-16	3.657642E-17	2.135923E+00
8.484821E+03	5.211643E-16	3.957553E-17	2.135832E+00
8.488334E+03	5.298352E-16	3.924611E-17	2.135743E+00
8.491847E+03	5.356229E-16	3.976942E-17	2.135657E+00
8.495360E+03	5.414962E-16	4.255610E-17	2.135574E+00
8.498872E+03	5.479462E-16	4.291381E-17	2.135493E+00
8.502385E+03	5.544819E-16	4.273443E-17	2.135415E+00
8.505898E+03	5.602277E-16	4.173018E-17	2.135339E+00
8.509411E+03	5.626213E-16	3.946129E-17	2.135266E+00
8.512924E+03	5.671293E-16	3.373709E-17	2.135196E+00
8.516437E+03	5.718512E-16	3.618947E-17	2.135128E+00
8.519950E+03	5.759970E-16	3.805371E-17	2.135062E+00
8.523463E+03	5.825771E-16	3.889564E-17	2.134999E+00
8.526976E+03	5.904172E-16	4.109287E-17	2.134938E+00
8.530489E+03	5.980440E-16	4.498887E-17	2.134880E+00
8.534002E+03	6.045823E-16	4.493220E-17	2.134825E+00
8.537515E+03	6.142805E-16	4.406550E-17	2.134772E+00
8.541028E+03	6.259856E-16	4.196453E-17	2.134721E+00
8.544540E+03	6.381818E-16	4.165371E-17	2.134673E+00
8.548053E+03	6.505490E-16	3.854353E-17	2.134627E+00
8.551566E+03	6.649656E-16	3.563594E-17	2.134584E+00
8.555079E+03	6.809193E-16	3.569908E-17	2.134543E+00
8.558592E+03	7.018252E-16	3.897745E-17	2.134505E+00
8.562105E+03	7.229020E-16	3.973249E-17	2.134469E+00
8.565618E+03	7.416951E-16	4.002491E-17	2.134436E+00
8.569131E+03	7.635834E-16	4.179462E-17	2.134405E+00
8.572644E+03	7.882253E-16	4.581553E-17	2.134377E+00
8.576157E+03	8.151939E-16	4.535465E-17	2.134351E+00
8.579670E+03	8.414798E-16	4.620611E-17	2.134327E+00
8.583183E+03	8.697937E-16	4.726885E-17	2.134306E+00
8.586695E+03	8.983002E-16	4.740988E-17	2.134287E+00
8.590208E+03	9.274902E-16	4.894253E-17	2.134271E+00
8.593721E+03	9.556564E-16	4.974480E-17	2.134257E+00
8.597234E+03	9.870461E-16	5.075342E-17	2.134246E+00
8.600747E+03	1.018287E-15	5.586535E-17	2.134237E+00
8.604260E+03	1.048441E-15	5.944654E-17	2.134231E+00
8.607773E+03	1.077315E-15	6.384990E-17	2.134227E+00
8.611286E+03	1.104333E-15	6.528589E-17	2.134225E+00
8.614799E+03	1.130969E-15	6.735471E-17	2.134226E+00
8.618312E+03	1.157606E-15	6.687259E-17	2.134229E+00
8.621825E+03	1.180829E-15	6.406301E-17	2.134234E+00
8.625338E+03	1.205356E-15	6.373282E-17	2.134242E+00
8.628851E+03	1.230333E-15	6.475611E-17	2.134253E+00
8.632363E+03	1.253539E-15	6.308881E-17	2.134265E+00
8.635876E+03	1.275425E-15	6.383730E-17	2.134280E+00
8.639389E+03	1.296479E-15	6.427701E-17	2.134298E+00
8.642902E+03	1.315850E-15	7.105391E-17	2.134318E+00
8.646415E+03	1.336097E-15	7.471402E-17	2.134340E+00
8.649928E+03	1.356666E-15	7.782116E-17	2.134365E+00
8.653441E+03	1.375253E-15	7.802920E-17	2.134392E+00
8.656954E+03	1.395848E-15	8.205716E-17	2.134421E+00
8.660467E+03	1.416338E-15	8.249940E-17	2.134453E+00
8.663980E+03	1.433180E-15	8.140516E-17	2.134487E+00
8.667493E+03	1.450388E-15	7.992820E-17	2.134524E+00
8.671006E+03	1.465868E-15	7.946309E-17	2.134563E+00
8.674519E+03	1.478470E-15	7.990247E-17	2.134604E+00
8.678031E+03	1.493549E-15	8.408290E-17	2.134648E+00
8.681544E+03	1.507372E-15	8.770015E-17	2.134694E+00
8.685057E+03	1.518763E-15	9.140251E-17	2.134743E+00
8.688570E+03	1.528896E-15	9.448133E-17	2.134793E+00
8.692083E+03	1.536278E-15	9.773244E-17	2.134846E+00
8.695596E+03	1.543406E-15	1.002939E-16	2.134902E+00
8.699109E+03	1.548123E-15	9.948657E-17	2.134960E+00
8.702622E+03	1.550302E-15	9.500704E-17	2.135020E+00
8.706135E+03	1.549536E-15	9.121187E-17	2.135083E+00
8.709648E+03	1.549220E-15	8.502663E-17	2.135148E+00
8.713161E+03	1.546088E-15	8.451724E-17	2.135215E+00
8.716674E+03	1.540950E-15	8.110616E-17	2.135285E+00
8.720186E+03	1.534638E-15	8.549525E-17	2.135357E+00
8.723699E+03	1.528734E-15	9.121193E-17	2.135431E+00
8.727212E+03	1.520610E-15	9.259641E-17	2.135508E+00
8.730725E+03	1.506849E-15	9.345287E-17	2.135587E+00
8.734238E+03	1.495181E-15	9.193474E-17	2.135668E+00
8.737751E+03	1.482340E-15	8.829538E-17	2.135752E+00
8.741264E+03	1.465142E-15	8.266092E-17	2.135838E+00
8.744777E+03	1.448949E-15	8.110333E-17	2.135927E+00
8.748290E+03	1.431602E-15	7.864739E-17	2.136017E+00
8.751803E+03	1.411841E-15	7.719835E-17	2.136111E+00
8.755316E+03	1.392336E-15	7.661608E-17	2.136206E+00
8.758828E+03	1.367491E-15	7.635703E-17	2.136304E+00
8.762342E+03	1.340017E-15	7.610303E-17	2.136404E+00
8.765854E+03	1.316793E-15	8.264397E-17	2.136507E+00
8.769367E+03	1.292650E-15	8.346775E-17	2.136611E+00
8.772880E+03	1.269617E-15	8.551771E-17	2.136719E+00
8.776393E+03	1.246070E-15	8.395410E-17	2.136828E+00
8.779906E+03	1.222864E-15	8.324929E-17	2.136940E+00
8.783419E+03	1.199956E-15	8.243079E-17	2.137054E+00
8.786932E+03	1.179291E-15	8.012646E-17	2.137171E+00
8.790445E+03	1.157470E-15	7.773058E-17	2.137289E+00
8.793958E+03	1.137017E-15	7.704154E-17	2.137410E+00
8.797471E+03	1.115322E-15	7.315336E-17	2.137533E+00
8.800984E+03	1.093669E-15	7.242634E-17	2.137659E+00
8.804496E+03	1.073874E-15	7.185096E-17	2.137786E+00
8.808009E+03	1.054655E-15	8.005813E-17	2.137916E+00
8.811522E+03	1.035649E-15	7.788586E-17	2.138048E+00
8.815035E+03	1.016321E-15	7.545783E-17	2.138182E+00
8.818548E+03	9.964136E-16	7.340222E-17	2.138318E+00
8.822061E+03	9.777880E-16	7.039289E-17	2.138457E+00
8.825574E+03	9.595672E-16	6.706595E-17	2.138597E+00
8.829087E+03	9.435051E-16	6.477307E-17	2.138740E+00
8.832600E+03	9.268643E-16	6.405127E-17	2.138885E+00
8.836113E+03	9.134092E-16	6.273087E-17	2.139032E+00
8.839626E+03	9.001029E-16	6.321665E-17	2.139180E+00
8.843139E+03	8.898335E-16	6.132353E-17	2.139331E+00
8.846651E+03	8.801625E-16	5.977792E-17	2.139484E+00
8.850165E+03	8.714751E-16	6.189713E-17	2.139639E+00
8.853677E+03	8.634507E-16	6.092077E-17	2.139796E+00
8.857190E+03	8.548908E-16	6.085017E-17	2.139956E+00
8.860703E+03	8.459025E-16	6.186100E-17	2.140117E+00
8.864216E+03	8.383903E-16	5.996934E-17	2.140280E+00
8.867729E+03	8.301500E-16	6.233046E-17	2.140445E+00
8.871242E+03	8.205820E-16	6.241924E-17	2.140612E+00
8.874755E+03	8.143315E-16	6.219297E-17	2.140780E+00
8.878268E+03	8.062608E-16	6.330312E-17	2.140951E+00
8.881781E+03	7.985108E-16	6.186352E-17	2.141124E+00
8.885294E+03	7.911242E-16	5.621633E-17	2.141299E+00
8.888807E+03	7.834159E-16	5.497295E-17	2.141475E+00
8.892319E+03	7.757284E-16	5.444148E-17	2.141654E+00
8.895832E+03	7.683401E-16	5.541256E-17	2.141834E+00
8.899345E+03	7.586164E-16	5.957361E-17	2.142016E+00
8.902858E+03	7.501556E-16	6.585798E-17	2.142200E+00
8.906371E+03	7.415012E-16	6.548759E-17	2.142386E+00
8.909884E+03	7.320745E-16	6.735850E-17	2.142574E+00
8.913397E+03	7.233539E-16	6.116915E-17	2.142763E+00
8.916910E+03	7.167325E-16	5.754678E-17	2.142954E+00
8.920423E+03	7.127251E-16	5.762097E-17	2.143147E+00
8.923936E+03	7.041307E-16	5.736900E-17	2.143342E+00
8.927449E+03	6.958570E-16	5.675749E-17	2.143539E+00
8.930962E+03	6.921912E-16	5.735053E-17	2.143737E+00
8.934475E+03	6.874748E-16	5.975354E-17	2.143937E+00
8.937987E+03	6.811929E-16	6.566499E-17	2.144139E+00
8.941500E+03	6.789417E-16	7.448581E-17	2.144342E+00
8.945013E+03	6.746103E-16	7.783910E-17	2.144547E+00
8.948526E+03	6.695065E-16	7.294062E-17	2.144754E+00
8.952039E+03	6.637159E-16	7.142373E-17	2.144963E+00
8.955552E+03	6.574527E-16	6.192033E-17	2.145173E+00
8.959065E+03	6.528836E-16	5.966692E-17	2.145385E+00
8.962578E+03	6.502236E-16	6.116117E-17	2.145599E+00
8.966091E+03	6.471774E-16	6.054362E-17	2.145814E+00
8.969604E+03	6.461483E-16	5.988015E-17	2.146030E+00
8.973117E+03	6.444327E-16	5.983697E-17	2.146249E+00
8.976630E+03	6.424596E-16	6.469359E-17	2.146469E+00
8.980142E+03	6.401002E-16	6.518739E-17	2.146690E+00
8.983655E+03	6.369463E-16	6.400502E-17	2.146914E+00
8.987168E+03	6.316452E-16	5.933734E-17	2.147138E+00
8.990681E+03	6.233585E-16	5.140666E-17	2.147365E+00
8.994194E+03	6.178838E-16	4.861309E-17	2.147592E+00
8.997707E+03	6.125588E-16	4.845821E-17	2.147822E+00
9.001220E+03	6.087581E-16	4.687470E-17	2.148053E+00
9.004733E+03	6.051289E-16	4.684374E-17	2.148285E+00
9.008246E+03	6.017142E-16	4.680228E-17	2.148519E+00
9.011759E+03	5.976116E-16	4.727847E-17	2.148754E+00
9.015272E+03	5.928207E-16	4.728731E-17	2.148991E+00
9.018785E+03	5.894692E-16	4.891622E-17	2.149230E+00
9.022298E+03	5.865472E-16	4.950150E-17	2.149469E+00
9.025810E+03	5.852802E-16	5.178360E-17	2.149711E+00
9.029323E+03	5.831319E-16	5.100086E-17	2.149953E+00
9.032836E+03	5.840366E-16	4.777901E-17	2.150198E+00
9.036349E+03	5.847700E-16	4.555680E-17	2.150443E+00
9.039862E+03	5.863211E-16	4.594173E-17	2.150690E+00
9.043375E+03	5.889915E-16	4.779954E-17	2.150938E+00
9.046888E+03	5.936634E-16	4.729981E-17	2.151188E+00
9.050401E+03	5.940124E-16	4.717127E-17	2.151439E+00
9.053914E+03	5.939315E-16	4.871018E-17	2.151692E+00
9.057427E+03	5.942382E-16	4.925698E-17	2.151946E+00
9.060940E+03	5.962242E-16	4.930776E-17	2.152201E+00
9.064452E+03	5.971993E-16	4.887491E-17	2.152457E+00
9.067966E+03	5.953119E-16	5.260347E-17	2.152715E+00
9.071478E+03	5.950175E-16	5.104889E-17	2.152974E+00
9.074991E+03	5.939483E-16	5.482011E-17	2.153235E+00
9.078504E+03	5.922762E-16	5.727449E-17	2.153497E+00
9.082017E+03	5.912286E-16	5.720686E-17	2.153760E+00
9.085530E+03	5.897933E-16	5.734937E-17	2.154024E+00
9.089043E+03	5.890474E-16	5.698122E-17	2.154290E+00
9.092556E+03	5.872029E-16	5.701504E-17	2.154557E+00
9.096069E+03	5.825138E-16	5.799217E-17	2.154825E+00
9.099582E+03	5.812289E-16	5.561899E-17	2.155094E+00
9.103095E+03	5.775084E-16	5.417706E-17	2.155365E+00
9.106608E+03	5.746281E-16	5.314236E-17	2.155637E+00
9.110121E+03	5.732995E-16	5.311756E-17	2.155910E+00
9.113633E+03	5.719062E-16	5.115802E-17	2.156184E+00
9.117146E+03	5.696503E-16	5.153601E-17	2.156459E+00
9.120659E+03	5.654315E-16	4.999009E-17	2.156736E+00
9.124172E+03	5.620100E-16	5.160353E-17	2.157014E+00
9.127685E+03	5.593429E-16	5.067291E-17	2.157293E+00
9.131198E+03	5.568480E-16	5.397816E-17	2.157573E+00
9.134711E+03	5.530797E-16	5.886890E-17	2.157854E+00
9.138224E+03	5.502386E-16	5.860364E-17	2.158137E+00
9.141737E+03	5.478503E-16	5.825746E-17	2.158420E+00
9.145250E+03	5.444254E-16	5.883457E-17	2.158705E+00
9.148763E+03	5.386251E-16	5.866200E-17	2.158991E+00
9.152275E+03	5.358680E-16	5.937389E-17	2.159278E+00
9.155788E+03	5.349461E-16	5.973043E-17	2.159566E+00
9.159301E+03	5.329874E-16	5.959117E-17	2.159855E+00
9.162814E+03	5.320006E-16	6.152562E-17	2.160145E+00
9.166327E+03	5.313162E-16	5.951896E-17	2.160437E+00
9.169840E+03	5.328790E-16	4.999488E-17	2.160729E+00
9.173353E+03	5.327136E-16	4.993732E-17	2.161022E+00
9.176866E+03	5.314894E-16	4.940612E-17	2.161317E+00
9.180379E+03	5.309568E-16	4.661353E-17	2.161612E+00
9.183892E+03	5.295379E-16	4.662186E-17	2.161909E+00
9.187405E+03	5.277297E-16	4.559764E-17	2.162206E+00
9.190918E+03	5.312625E-16	4.710019E-17	2.162505E+00
9.194431E+03	5.342992E-16	4.859795E-17	2.162804E+00
9.197943E+03	5.404085E-16	4.876157E-17	2.163105E+00
9.201456E+03	5.472553E-16	4.920506E-17	2.163406E+00
9.204969E+03	5.561381E-16	5.017750E-17	2.163709E+00
9.208482E+03	5.610418E-16	4.850001E-17	2.164012E+00
9.211995E+03	5.633500E-16	4.851067E-17	2.164317E+00
9.215508E+03	5.690575E-16	4.918833E-17	2.164622E+00
9.219021E+03	5.756112E-16	5.052492E-17	2.164928E+00
9.222534E+03	5.776199E-16	5.152328E-17	2.165236E+00
9.226047E+03	5.742156E-16	5.087707E-17	2.165544E+00
9.229560E+03	5.771782E-16	5.082605E-17	2.165853E+00
9.233073E+03	5.783439E-16	5.263506E-17	2.166163E+00
9.236586E+03	5.782536E-16	5.269267E-17	2.166474E+00
9.240099E+03	5.780985E-16	5.290744E-17	2.166786E+00
9.243611E+03	5.766000E-16	5.577650E-17	2.167099E+00
9.247124E+03	5.742342E-16	5.529605E-17	2.167412E+00
9.250637E+03	5.800187E-16	5.732102E-17	2.167727E+00
9.254150E+03	5.903796E-16	5.912794E-17	2.168042E+00
9.257663E+03	6.045383E-16	6.110414E-17	2.168358E+00
9.261176E+03	6.188749E-16	6.476310E-17	2.168676E+00
9.264689E+03	6.287478E-16	7.194233E-17	2.168994E+00
9.268202E+03	6.426371E-16	7.238933E-17	2.169312E+00
9.271715E+03	6.542308E-16	7.347581E-17	2.169632E+00
9.275228E+03	6.688661E-16	7.387211E-17	2.169952E+00
9.278741E+03	6.798816E-16	6.912815E-17	2.170274E+00
9.282254E+03	6.918339E-16	7.746242E-17	2.170596E+00
9.285766E+03	7.124955E-16	8.108646E-17	2.170919E+00
9.289279E+03	7.325120E-16	8.232540E-17	2.171242E+00
9.292792E+03	7.541634E-16	8.743702E-17	2.171567E+00
9.296305E+03	7.782323E-16	1.112660E-16	2.171892E+00
