#wls	flux	fluxerr	mangling_mask
4.751478E+03	1.044456E-15	1.574702E-16	8.277510E-01
4.754990E+03	1.022838E-15	1.572090E-16	8.278067E-01
4.758502E+03	9.991466E-16	1.569371E-16	8.278620E-01
4.762015E+03	9.748721E-16	1.566700E-16	8.279169E-01
4.765527E+03	9.506768E-16	1.564139E-16	8.279714E-01
4.769039E+03	9.254842E-16	1.561592E-16	8.280256E-01
4.772551E+03	9.027721E-16	1.559355E-16	8.280794E-01
4.776064E+03	8.811333E-16	1.557291E-16	8.281328E-01
4.779576E+03	8.604851E-16	1.478567E-16	8.281858E-01
4.783088E+03	8.404136E-16	1.039489E-16	8.282384E-01
4.786600E+03	8.190304E-16	1.043351E-16	8.282907E-01
4.790112E+03	7.988784E-16	9.698081E-17	8.283426E-01
4.793625E+03	7.787318E-16	9.214265E-17	8.283940E-01
4.797137E+03	7.600404E-16	8.145334E-17	8.284451E-01
4.800649E+03	7.433512E-16	7.644536E-17	8.284958E-01
4.804161E+03	7.307444E-16	7.945128E-17	8.285460E-01
4.807673E+03	7.175640E-16	7.340652E-17	8.285959E-01
4.811186E+03	7.043320E-16	6.250444E-17	8.286453E-01
4.814698E+03	6.957138E-16	5.833770E-17	8.286944E-01
4.818210E+03	6.856854E-16	6.516271E-17	8.287430E-01
4.821722E+03	6.772053E-16	6.385301E-17	8.287912E-01
4.825234E+03	6.725117E-16	6.551902E-17	8.288391E-01
4.828747E+03	6.663833E-16	6.801791E-17	8.288864E-01
4.832259E+03	6.590767E-16	5.631722E-17	8.289334E-01
4.835771E+03	6.532445E-16	5.618431E-17	8.289799E-01
4.839283E+03	6.456455E-16	5.656858E-17	8.290260E-01
4.842796E+03	6.375230E-16	5.436939E-17	8.290717E-01
4.846308E+03	6.292998E-16	5.577533E-17	8.291170E-01
4.849820E+03	6.193590E-16	5.517623E-17	8.291618E-01
4.853332E+03	6.045742E-16	4.623763E-17	8.292062E-01
4.856844E+03	5.752591E-16	4.661498E-17	8.292501E-01
4.860357E+03	5.565887E-16	4.741591E-17	8.292936E-01
4.863869E+03	5.415651E-16	4.826841E-17	8.293366E-01
4.867381E+03	5.275432E-16	4.526952E-17	8.293792E-01
4.870893E+03	5.143242E-16	4.478232E-17	8.294214E-01
4.874405E+03	4.980345E-16	4.232773E-17	8.294630E-01
4.877918E+03	4.806065E-16	4.008171E-17	8.295043E-01
4.881430E+03	4.674569E-16	4.330976E-17	8.295450E-01
4.884942E+03	4.568775E-16	4.290840E-17	8.295853E-01
4.888454E+03	4.465789E-16	4.417760E-17	8.296252E-01
4.891967E+03	4.365695E-16	4.454408E-17	8.296645E-01
4.895479E+03	4.237793E-16	4.012155E-17	8.297034E-01
4.898991E+03	4.169204E-16	4.179169E-17	8.297418E-01
4.902503E+03	4.130063E-16	4.281377E-17	8.297798E-01
4.906015E+03	4.035567E-16	4.131833E-17	8.298172E-01
4.909528E+03	4.010602E-16	4.000823E-17	8.298542E-01
4.913040E+03	4.013268E-16	3.981219E-17	8.298907E-01
4.916552E+03	4.000330E-16	4.208349E-17	8.299267E-01
4.920064E+03	4.004153E-16	4.487041E-17	8.299622E-01
4.923576E+03	4.065907E-16	4.489579E-17	8.299972E-01
4.927089E+03	4.103511E-16	4.617245E-17	8.300317E-01
4.930601E+03	4.165353E-16	4.153067E-17	8.300657E-01
4.934113E+03	4.258824E-16	4.053107E-17	8.300993E-01
4.937625E+03	4.379363E-16	4.058022E-17	8.301323E-01
4.941137E+03	4.517673E-16	3.793835E-17	8.301647E-01
4.944650E+03	4.674091E-16	4.136302E-17	8.301967E-01
4.948162E+03	4.871945E-16	4.257667E-17	8.302282E-01
4.951674E+03	5.074046E-16	4.030396E-17	8.302591E-01
4.955186E+03	5.285623E-16	4.062209E-17	8.302895E-01
4.958699E+03	5.511992E-16	3.888310E-17	8.303194E-01
4.962211E+03	5.754483E-16	3.901210E-17	8.303488E-01
4.965723E+03	6.034188E-16	3.431165E-17	8.303776E-01
4.969235E+03	6.332260E-16	2.803663E-17	8.304059E-01
4.972747E+03	6.622210E-16	2.875693E-17	8.304336E-01
4.976260E+03	6.912258E-16	2.967056E-17	8.304608E-01
4.979772E+03	7.212037E-16	3.156674E-17	8.304875E-01
4.983284E+03	7.499206E-16	3.160343E-17	8.305136E-01
4.986796E+03	7.769030E-16	3.196514E-17	8.305392E-01
4.990308E+03	8.061207E-16	3.231616E-17	8.305642E-01
4.993821E+03	8.368181E-16	3.122221E-17	8.305887E-01
4.997333E+03	8.658305E-16	3.535014E-17	8.306126E-01
5.000845E+03	8.945118E-16	3.563072E-17	8.306359E-01
5.004357E+03	9.194560E-16	3.624227E-17	8.306586E-01
5.007869E+03	9.430719E-16	3.721167E-17	8.306808E-01
5.011382E+03	9.671869E-16	4.166268E-17	8.307024E-01
5.014894E+03	9.859026E-16	4.360094E-17	8.307235E-01
5.018406E+03	1.004286E-15	4.422185E-17	8.307439E-01
5.021918E+03	1.018683E-15	4.421511E-17	8.307638E-01
5.025431E+03	1.027263E-15	4.619413E-17	8.307831E-01
5.028943E+03	1.033933E-15	4.472748E-17	8.308018E-01
5.032455E+03	1.038774E-15	4.723938E-17	8.308199E-01
5.035967E+03	1.039211E-15	4.774109E-17	8.308374E-01
5.039479E+03	1.040146E-15	4.755739E-17	8.308543E-01
5.042992E+03	1.035763E-15	5.099934E-17	8.308706E-01
5.046504E+03	1.027557E-15	4.458136E-17	8.308863E-01
5.050016E+03	1.014863E-15	4.404489E-17	8.309013E-01
5.053528E+03	9.996748E-16	4.253370E-17	8.309158E-01
5.057040E+03	9.833221E-16	3.774114E-17	8.309296E-01
5.060553E+03	9.634783E-16	3.621632E-17	8.309429E-01
5.064065E+03	9.413894E-16	4.729715E-17	8.309555E-01
5.067577E+03	9.163909E-16	4.652600E-17	8.309674E-01
5.071089E+03	8.903106E-16	4.636685E-17	8.309788E-01
5.074601E+03	8.670544E-16	4.835052E-17	8.309895E-01
5.078114E+03	8.431321E-16	5.090631E-17	8.309995E-01
5.081626E+03	8.199814E-16	4.925715E-17	8.310089E-01
5.085138E+03	7.955416E-16	4.950411E-17	8.310177E-01
5.088650E+03	7.719066E-16	4.921759E-17	8.310258E-01
5.092163E+03	7.481876E-16	4.052260E-17	8.310333E-01
5.095675E+03	7.271601E-16	3.651101E-17	8.310401E-01
5.099187E+03	7.113673E-16	3.511861E-17	8.310462E-01
5.102699E+03	6.965709E-16	3.487471E-17	8.310517E-01
5.106211E+03	6.847573E-16	3.307011E-17	8.310565E-01
5.109724E+03	6.706992E-16	3.163109E-17	8.310606E-01
5.113236E+03	6.601724E-16	2.668393E-17	8.310641E-01
5.116748E+03	6.554541E-16	3.989148E-17	8.310669E-01
5.120260E+03	6.532867E-16	4.056273E-17	8.310690E-01
5.123772E+03	6.513016E-16	3.957078E-17	8.310704E-01
5.127285E+03	6.528064E-16	3.766528E-17	8.310711E-01
5.130797E+03	6.582582E-16	3.667752E-17	8.310711E-01
5.134309E+03	6.628784E-16	3.354554E-17	8.310705E-01
5.137821E+03	6.704650E-16	3.142969E-17	8.310691E-01
5.141333E+03	6.835027E-16	3.218520E-17	8.310670E-01
5.144846E+03	6.967725E-16	3.466505E-17	8.310641E-01
5.148358E+03	7.071244E-16	3.461103E-17	8.310605E-01
5.151870E+03	7.206585E-16	3.377971E-17	8.310560E-01
5.155382E+03	7.343497E-16	3.456443E-17	8.310507E-01
5.158895E+03	7.487794E-16	3.603541E-17	8.310445E-01
5.162407E+03	7.646043E-16	3.609166E-17	8.310374E-01
5.165919E+03	7.762064E-16	2.834821E-17	8.310294E-01
5.169431E+03	7.858295E-16	3.247725E-17	8.310203E-01
5.172943E+03	7.948530E-16	3.806500E-17	8.310103E-01
5.176456E+03	8.028366E-16	3.696730E-17	8.309992E-01
5.179968E+03	8.084257E-16	4.094099E-17	8.309870E-01
5.183480E+03	8.117865E-16	4.609624E-17	8.309737E-01
5.186992E+03	8.191929E-16	4.755170E-17	8.309593E-01
5.190504E+03	8.247448E-16	4.744601E-17	8.309437E-01
5.194017E+03	8.285836E-16	5.068283E-17	8.309268E-01
5.197529E+03	8.317396E-16	4.948624E-17	8.309087E-01
5.201041E+03	8.335482E-16	4.947038E-17	8.308894E-01
5.204553E+03	8.358539E-16	4.949928E-17	8.308687E-01
5.208065E+03	8.358317E-16	4.867820E-17	8.308467E-01
5.211578E+03	8.344789E-16	4.939743E-17	8.308232E-01
5.215090E+03	8.332077E-16	4.968011E-17	8.307984E-01
5.218602E+03	8.306808E-16	4.751299E-17	8.307722E-01
5.222114E+03	8.297724E-16	4.113618E-17	8.307444E-01
5.225627E+03	8.298595E-16	4.571773E-17	8.307151E-01
5.229139E+03	8.274613E-16	4.447735E-17	8.306843E-01
5.232651E+03	8.281932E-16	3.796803E-17	8.306519E-01
5.236163E+03	8.292890E-16	3.627930E-17	8.306179E-01
5.239675E+03	8.258895E-16	3.907992E-17	8.305823E-01
5.243188E+03	8.237428E-16	3.631265E-17	8.305450E-01
5.246700E+03	8.221593E-16	3.612788E-17	8.305059E-01
5.250212E+03	8.197189E-16	3.611790E-17	8.304651E-01
5.253724E+03	8.183731E-16	3.619776E-17	8.304225E-01
5.257236E+03	8.169924E-16	3.627733E-17	8.303781E-01
5.260749E+03	8.145224E-16	3.797118E-17	8.303319E-01
5.264261E+03	8.126735E-16	3.800431E-17	8.302838E-01
5.267773E+03	8.133053E-16	3.745802E-17	8.302337E-01
5.271285E+03	8.155041E-16	3.872232E-17	8.301817E-01
5.274797E+03	8.172359E-16	3.486232E-17	8.301278E-01
5.278310E+03	8.231407E-16	3.249796E-17	8.300718E-01
5.281822E+03	8.251083E-16	3.485325E-17	8.300137E-01
5.285334E+03	8.281277E-16	3.486071E-17	8.299536E-01
5.288846E+03	8.325470E-16	3.399343E-17	8.298913E-01
5.292359E+03	8.401997E-16	3.074991E-17	8.298269E-01
5.295871E+03	8.504213E-16	3.086342E-17	8.297603E-01
5.299383E+03	8.594774E-16	3.121318E-17	8.296915E-01
5.302895E+03	8.638837E-16	3.128133E-17	8.296204E-01
5.306407E+03	8.678721E-16	3.397404E-17	8.295470E-01
5.309920E+03	8.752582E-16	3.271332E-17	8.294714E-01
5.313432E+03	8.824745E-16	3.545582E-17	8.293933E-01
5.316944E+03	8.884429E-16	3.582199E-17	8.293129E-01
5.320456E+03	8.945733E-16	3.441735E-17	8.292300E-01
5.323968E+03	8.981295E-16	3.523067E-17	8.291447E-01
5.327481E+03	9.023454E-16	3.503347E-17	8.290568E-01
5.330993E+03	9.056459E-16	3.315746E-17	8.289665E-01
5.334505E+03	9.091914E-16	3.527570E-17	8.288735E-01
5.338017E+03	9.143079E-16	3.402097E-17	8.287780E-01
5.341529E+03	9.189231E-16	3.645074E-17	8.286798E-01
5.345042E+03	9.210484E-16	3.665013E-17	8.285790E-01
5.348554E+03	9.253243E-16	3.682684E-17	8.284755E-01
5.352066E+03	9.305071E-16	3.866088E-17	8.283692E-01
5.355578E+03	9.369279E-16	3.639064E-17	8.282602E-01
5.359091E+03	9.404452E-16	3.636069E-17	8.281483E-01
5.362603E+03	9.411430E-16	3.468316E-17	8.280336E-01
5.366115E+03	9.405954E-16	3.435625E-17	8.279160E-01
5.369627E+03	9.400446E-16	3.427719E-17	8.277955E-01
5.373139E+03	9.385801E-16	3.345034E-17	8.276721E-01
5.376652E+03	9.388506E-16	3.620497E-17	8.275457E-01
5.380164E+03	9.411032E-16	3.524443E-17	8.274162E-01
5.383676E+03	9.440962E-16	3.160348E-17	8.272837E-01
5.387188E+03	9.451822E-16	3.209782E-17	8.271482E-01
5.390700E+03	9.475047E-16	3.079832E-17	8.270095E-01
5.394213E+03	9.488306E-16	3.464553E-17	8.268676E-01
5.397725E+03	9.475894E-16	3.794671E-17	8.267225E-01
5.401237E+03	9.489899E-16	3.585739E-17	8.265742E-01
5.404749E+03	9.486506E-16	3.393813E-17	8.264227E-01
5.408261E+03	9.485555E-16	3.545610E-17	8.262678E-01
5.411774E+03	9.495304E-16	3.859322E-17	8.261096E-01
5.415286E+03	9.486840E-16	3.826843E-17	8.259481E-01
5.418798E+03	9.498983E-16	3.960497E-17	8.257831E-01
5.422310E+03	9.506953E-16	3.943039E-17	8.256147E-01
5.425823E+03	9.502497E-16	3.756827E-17	8.254428E-01
5.429335E+03	9.512857E-16	3.687602E-17	8.252674E-01
5.432847E+03	9.481916E-16	4.355328E-17	8.250884E-01
5.436359E+03	9.422900E-16	4.302828E-17	8.249059E-01
5.439871E+03	9.396032E-16	4.291347E-17	8.247197E-01
5.443384E+03	9.378203E-16	4.101873E-17	8.245299E-01
5.446896E+03	9.341380E-16	3.779033E-17	8.243364E-01
5.450408E+03	9.321013E-16	3.959230E-17	8.241391E-01
5.453920E+03	9.279191E-16	4.081306E-17	8.239381E-01
5.457432E+03	9.215104E-16	3.972867E-17	8.237332E-01
5.460945E+03	9.177358E-16	3.503262E-17	8.235246E-01
5.464457E+03	9.178282E-16	3.858297E-17	8.233120E-01
5.467969E+03	9.172577E-16	3.729462E-17	8.230956E-01
5.471481E+03	9.168475E-16	3.741992E-17	8.228752E-01
5.474993E+03	9.198881E-16	4.287350E-17	8.226508E-01
5.478506E+03	9.178233E-16	4.337323E-17	8.224223E-01
5.482018E+03	9.156728E-16	3.562163E-17	8.221899E-01
5.485530E+03	9.197657E-16	3.314692E-17	8.219533E-01
5.489042E+03	9.254949E-16	3.178425E-17	8.217126E-01
5.492555E+03	9.297371E-16	3.090447E-17	8.214677E-01
5.496067E+03	9.333970E-16	3.377531E-17	8.212186E-01
5.499579E+03	9.362288E-16	3.539038E-17	8.209652E-01
5.503091E+03	9.432393E-16	3.824531E-17	8.207076E-01
5.506603E+03	9.501582E-16	4.010913E-17	8.204457E-01
5.510116E+03	9.593638E-16	4.013654E-17	8.201794E-01
5.513628E+03	9.682302E-16	4.185553E-17	8.199087E-01
5.517140E+03	9.770033E-16	4.191126E-17	8.196336E-01
5.520652E+03	9.855192E-16	4.170644E-17	8.193542E-01
5.524164E+03	9.963992E-16	3.584527E-17	8.190704E-01
5.527677E+03	1.006284E-15	3.488612E-17	8.187824E-01
5.531189E+03	1.017302E-15	3.553260E-17	8.184902E-01
5.534701E+03	1.030679E-15	4.005833E-17	8.181939E-01
5.538213E+03	1.041751E-15	4.177982E-17	8.178934E-01
5.541725E+03	1.050929E-15	4.246462E-17	8.175888E-01
5.545238E+03	1.058623E-15	4.156111E-17	8.172802E-01
5.548750E+03	1.067205E-15	4.000928E-17	8.169676E-01
5.552262E+03	1.075530E-15	4.375035E-17	8.166511E-01
5.555774E+03	1.077475E-15	4.161958E-17	8.163307E-01
5.559287E+03	1.078271E-15	4.675600E-17	8.160065E-01
5.562799E+03	1.077674E-15	4.541117E-17	8.156784E-01
5.566311E+03	1.073648E-15	5.090521E-17	8.153466E-01
5.569823E+03	1.067665E-15	5.222891E-17	8.150112E-01
5.573335E+03	1.062495E-15	5.183348E-17	8.146720E-01
5.576848E+03	1.054964E-15	5.182567E-17	8.143292E-01
5.580360E+03	1.042875E-15	5.119231E-17	8.139829E-01
5.583872E+03	1.028839E-15	4.634919E-17	8.136331E-01
5.587384E+03	1.014566E-15	4.366559E-17	8.132797E-01
5.590896E+03	9.979442E-16	4.818018E-17	8.129229E-01
5.594409E+03	9.789757E-16	4.962733E-17	8.125628E-01
5.597921E+03	9.635933E-16	5.052887E-17	8.121993E-01
5.601433E+03	9.469215E-16	4.538364E-17	8.118325E-01
5.604945E+03	9.288000E-16	4.578070E-17	8.114625E-01
5.608458E+03	9.110965E-16	4.041558E-17	8.110892E-01
5.611970E+03	8.932434E-16	3.868744E-17	8.107128E-01
5.615482E+03	8.754031E-16	3.007802E-17	8.103333E-01
5.618994E+03	8.541740E-16	2.574802E-17	8.099507E-01
5.622506E+03	8.341759E-16	2.517435E-17	8.095651E-01
5.626019E+03	8.116040E-16	2.440199E-17	8.091765E-01
5.629531E+03	7.892205E-16	2.585267E-17	8.087850E-01
5.633043E+03	7.679710E-16	2.618756E-17	8.083906E-01
5.636555E+03	7.517812E-16	2.684156E-17	8.079933E-01
5.640067E+03	7.338115E-16	2.674830E-17	8.075932E-01
5.643580E+03	7.138954E-16	2.587099E-17	8.071904E-01
5.647092E+03	6.962069E-16	2.510846E-17	8.067849E-01
5.650604E+03	6.792353E-16	2.822050E-17	8.063767E-01
5.654116E+03	6.630842E-16	2.995206E-17	8.059658E-01
5.657628E+03	6.492914E-16	2.849042E-17	8.055524E-01
5.661141E+03	6.345361E-16	2.839918E-17	8.051365E-01
5.664653E+03	6.187880E-16	2.846876E-17	8.047181E-01
5.668165E+03	6.034401E-16	2.909693E-17	8.042972E-01
5.671677E+03	5.885241E-16	2.729996E-17	8.038739E-01
5.675190E+03	5.691387E-16	2.649816E-17	8.034483E-01
5.678702E+03	5.525904E-16	2.555847E-17	8.030204E-01
5.682214E+03	5.401191E-16	2.552070E-17	8.025901E-01
5.685726E+03	5.219881E-16	2.556541E-17	8.021577E-01
5.689238E+03	5.016622E-16	2.632574E-17	8.017231E-01
5.692751E+03	4.830635E-16	2.658339E-17	8.012863E-01
5.696263E+03	4.638429E-16	2.768168E-17	8.008475E-01
5.699775E+03	4.449700E-16	2.587083E-17	8.004066E-01
5.703287E+03	4.266206E-16	2.405328E-17	7.999637E-01
5.706799E+03	4.099373E-16	2.354401E-17	7.995188E-01
5.710312E+03	3.928079E-16	2.582850E-17	7.990721E-01
5.713824E+03	3.772777E-16	2.625560E-17	7.986234E-01
5.717336E+03	3.618916E-16	2.639165E-17	7.981730E-01
5.720848E+03	3.480695E-16	2.741313E-17	7.977207E-01
5.724360E+03	3.339192E-16	2.814322E-17	7.972667E-01
5.727873E+03	3.208678E-16	2.830896E-17	7.968110E-01
5.731385E+03	3.099329E-16	2.867490E-17	7.963537E-01
5.734897E+03	2.997021E-16	2.945697E-17	7.958947E-01
5.738409E+03	2.907551E-16	2.662978E-17	7.954342E-01
5.741922E+03	2.822231E-16	2.617708E-17	7.949721E-01
5.745434E+03	2.778079E-16	2.732105E-17	7.945086E-01
5.748946E+03	2.764860E-16	2.827443E-17	7.940436E-01
5.752458E+03	2.746333E-16	2.746010E-17	7.935773E-01
5.755970E+03	2.740273E-16	2.768291E-17	7.931096E-01
5.759483E+03	2.775273E-16	2.654221E-17	7.926406E-01
5.762995E+03	2.816482E-16	2.697263E-17	7.921703E-01
5.766507E+03	2.870938E-16	2.875140E-17	7.916989E-01
5.770019E+03	2.982844E-16	2.492464E-17	7.912262E-01
5.773531E+03	3.119281E-16	2.598142E-17	7.907524E-01
5.777044E+03	3.256418E-16	3.178733E-17	7.902776E-01
5.780556E+03	3.403018E-16	3.308047E-17	7.898016E-01
5.784068E+03	3.579114E-16	3.216765E-17	7.893247E-01
5.787580E+03	3.804687E-16	3.234323E-17	7.888468E-01
5.791092E+03	4.072867E-16	3.275934E-17	7.883681E-01
5.794605E+03	4.361435E-16	3.180788E-17	7.878884E-01
5.798117E+03	4.666022E-16	2.980957E-17	7.874079E-01
5.801629E+03	5.001076E-16	3.003248E-17	7.869266E-01
5.805141E+03	5.347588E-16	2.768548E-17	7.864446E-01
5.808654E+03	5.736422E-16	2.086419E-17	7.859619E-01
5.812166E+03	6.119585E-16	2.425650E-17	7.854786E-01
5.815678E+03	6.507762E-16	2.533976E-17	7.849946E-01
5.819190E+03	6.908945E-16	2.568770E-17	7.845101E-01
5.822702E+03	7.290805E-16	2.541134E-17	7.840250E-01
5.826215E+03	7.694593E-16	2.681407E-17	7.835395E-01
5.829727E+03	8.103820E-16	2.820390E-17	7.830535E-01
5.833239E+03	8.499461E-16	2.863724E-17	7.825671E-01
5.836751E+03	8.890690E-16	3.011527E-17	7.820804E-01
5.840263E+03	9.281421E-16	2.841065E-17	7.815934E-01
5.843776E+03	9.694307E-16	3.254638E-17	7.811061E-01
5.847288E+03	1.008715E-15	3.273355E-17	7.806185E-01
5.850800E+03	1.044205E-15	3.645823E-17	7.801308E-01
5.854312E+03	1.077778E-15	3.581322E-17	7.796430E-01
5.857824E+03	1.110763E-15	3.863251E-17	7.791551E-01
5.861337E+03	1.143550E-15	4.256060E-17	7.786671E-01
5.864849E+03	1.173338E-15	4.396884E-17	7.781791E-01
5.868361E+03	1.198267E-15	4.422525E-17	7.776912E-01
5.871873E+03	1.219510E-15	4.492172E-17	7.772033E-01
5.875386E+03	1.238706E-15	4.458714E-17	7.767155E-01
5.878898E+03	1.257412E-15	4.308190E-17	7.762280E-01
5.882410E+03	1.271051E-15	4.547525E-17	7.757406E-01
5.885922E+03	1.283742E-15	4.485822E-17	7.752535E-01
5.889434E+03	1.294945E-15	4.589022E-17	7.747667E-01
5.892947E+03	1.303114E-15	4.522273E-17	7.742802E-01
5.896459E+03	1.309646E-15	4.574702E-17	7.737941E-01
5.899971E+03	1.315707E-15	4.114684E-17	7.733084E-01
5.903483E+03	1.320291E-15	4.028969E-17	7.728232E-01
5.906995E+03	1.323788E-15	4.011774E-17	7.723385E-01
5.910508E+03	1.325042E-15	4.107820E-17	7.718544E-01
5.914020E+03	1.326526E-15	4.106145E-17	7.713708E-01
5.917532E+03	1.325927E-15	4.050607E-17	7.708879E-01
5.921044E+03	1.322864E-15	4.103752E-17	7.704057E-01
5.924556E+03	1.319804E-15	3.939217E-17	7.699242E-01
5.928069E+03	1.316979E-15	3.991146E-17	7.694435E-01
5.931581E+03	1.315466E-15	3.895958E-17	7.689636E-01
5.935093E+03	1.311188E-15	3.778868E-17	7.684845E-01
5.938605E+03	1.305995E-15	3.701354E-17	7.680064E-01
5.942118E+03	1.301499E-15	3.808893E-17	7.675292E-01
5.945630E+03	1.296933E-15	3.734786E-17	7.670530E-01
5.949142E+03	1.289920E-15	3.771512E-17	7.665778E-01
5.952654E+03	1.282151E-15	4.026233E-17	7.661037E-01
5.956166E+03	1.275770E-15	4.071950E-17	7.656307E-01
5.959679E+03	1.267026E-15	3.787575E-17	7.651588E-01
5.963191E+03	1.258141E-15	3.711208E-17	7.646882E-01
5.966703E+03	1.250186E-15	3.701851E-17	7.642188E-01
5.970215E+03	1.238651E-15	3.651511E-17	7.637507E-01
5.973727E+03	1.224842E-15	3.624557E-17	7.632839E-01
5.977240E+03	1.210822E-15	3.521031E-17	7.628185E-01
5.980752E+03	1.198421E-15	3.216588E-17	7.623546E-01
5.984264E+03	1.185123E-15	3.377550E-17	7.618921E-01
5.987776E+03	1.172680E-15	3.309602E-17	7.614311E-01
5.991288E+03	1.157818E-15	3.198680E-17	7.609716E-01
5.994801E+03	1.142976E-15	3.182114E-17	7.605138E-01
5.998313E+03	1.129217E-15	3.187982E-17	7.600575E-01
6.001825E+03	1.115249E-15	2.755039E-17	7.596030E-01
6.005337E+03	1.102666E-15	2.852505E-17	7.591502E-01
6.008850E+03	1.088885E-15	2.942890E-17	7.586991E-01
6.012362E+03	1.075123E-15	2.938872E-17	7.582499E-01
6.015874E+03	1.060848E-15	3.089164E-17	7.578025E-01
6.019386E+03	1.047198E-15	3.075915E-17	7.573570E-01
6.022898E+03	1.034625E-15	3.079070E-17	7.569135E-01
6.026411E+03	1.022750E-15	3.074742E-17	7.564720E-01
6.029923E+03	1.009984E-15	3.086094E-17	7.560324E-01
6.033435E+03	9.995766E-16	2.735963E-17	7.555950E-01
6.036947E+03	9.882775E-16	2.694677E-17	7.551597E-01
6.040459E+03	9.773708E-16	2.614103E-17	7.547265E-01
6.043972E+03	9.664789E-16	2.685229E-17	7.542955E-01
6.047484E+03	9.565062E-16	2.634267E-17	7.538668E-01
6.050996E+03	9.488828E-16	2.597810E-17	7.534404E-01
6.054508E+03	9.429270E-16	2.490833E-17	7.530163E-01
6.058020E+03	9.355504E-16	2.506780E-17	7.525946E-01
6.061533E+03	9.271313E-16	2.507737E-17	7.521753E-01
6.065045E+03	9.175965E-16	2.485540E-17	7.517585E-01
6.068557E+03	9.077741E-16	2.446669E-17	7.513443E-01
6.072069E+03	9.005934E-16	2.350815E-17	7.509325E-01
6.075582E+03	8.951492E-16	2.244474E-17	7.505234E-01
6.079094E+03	8.881384E-16	2.196118E-17	7.501169E-01
6.082606E+03	8.837618E-16	2.642604E-17	7.497131E-01
6.086118E+03	8.794675E-16	2.748650E-17	7.493120E-01
6.089630E+03	8.748062E-16	2.638010E-17	7.489138E-01
6.093143E+03	8.709010E-16	2.665718E-17	7.485183E-01
6.096655E+03	8.663296E-16	2.657657E-17	7.481257E-01
6.100167E+03	8.631865E-16	2.651125E-17	7.477360E-01
6.103679E+03	8.595264E-16	2.701263E-17	7.473493E-01
6.107191E+03	8.533335E-16	2.613134E-17	7.469656E-01
6.110704E+03	8.480458E-16	2.614061E-17	7.465849E-01
6.114216E+03	8.419457E-16	2.405930E-17	7.462073E-01
6.117728E+03	8.377195E-16	2.210668E-17	7.458329E-01
6.121240E+03	8.329043E-16	2.185408E-17	7.454616E-01
6.124752E+03	8.277244E-16	2.242002E-17	7.450936E-01
6.128265E+03	8.237445E-16	2.457543E-17	7.447288E-01
6.131777E+03	8.181341E-16	2.524870E-17	7.443673E-01
6.135289E+03	8.131277E-16	2.578653E-17	7.440092E-01
6.138801E+03	8.076832E-16	2.573545E-17	7.436545E-01
6.142314E+03	8.026932E-16	2.464384E-17	7.433033E-01
6.145826E+03	7.979343E-16	2.647600E-17	7.429555E-01
6.149338E+03	7.939258E-16	2.632535E-17	7.426113E-01
6.152850E+03	7.914833E-16	2.985995E-17	7.422707E-01
6.156362E+03	7.886013E-16	3.229197E-17	7.419337E-01
6.159875E+03	7.856515E-16	3.215270E-17	7.416004E-01
6.163387E+03	7.823372E-16	3.154752E-17	7.412708E-01
6.166899E+03	7.804373E-16	3.088476E-17	7.409450E-01
6.170411E+03	7.790613E-16	3.156404E-17	7.406229E-01
6.173923E+03	7.765797E-16	3.173186E-17	7.403048E-01
6.177436E+03	7.744741E-16	3.096651E-17	7.399905E-01
6.180948E+03	7.714125E-16	2.827831E-17	7.396802E-01
6.184460E+03	7.702058E-16	2.684334E-17	7.393739E-01
6.187972E+03	7.670085E-16	2.542335E-17	7.390716E-01
6.191484E+03	7.641872E-16	2.281306E-17	7.387734E-01
6.194997E+03	7.619630E-16	2.579702E-17	7.384794E-01
6.198509E+03	7.602613E-16	2.592477E-17	7.381895E-01
6.202021E+03	7.607050E-16	2.326809E-17	7.379038E-01
6.205533E+03	7.626278E-16	1.950811E-17	7.376224E-01
6.209046E+03	7.649958E-16	2.163096E-17	7.373454E-01
6.212558E+03	7.677349E-16	2.337937E-17	7.370726E-01
6.216070E+03	7.698132E-16	2.342863E-17	7.368043E-01
6.219582E+03	7.715262E-16	2.287280E-17	7.365405E-01
6.223094E+03	7.736106E-16	2.320613E-17	7.362812E-01
6.226607E+03	7.741525E-16	2.368975E-17	7.360264E-01
6.230119E+03	7.749194E-16	2.365400E-17	7.357761E-01
6.233631E+03	7.775294E-16	2.288537E-17	7.355306E-01
6.237143E+03	7.824953E-16	2.224779E-17	7.352897E-01
6.240655E+03	7.876832E-16	2.207655E-17	7.350534E-01
6.244168E+03	7.905211E-16	2.194971E-17	7.348217E-01
6.247680E+03	7.939496E-16	2.255858E-17	7.345944E-01
6.251192E+03	7.975274E-16	2.216783E-17	7.343715E-01
6.254704E+03	8.008874E-16	2.231608E-17	7.341529E-01
6.258217E+03	8.047637E-16	2.068505E-17	7.339386E-01
6.261729E+03	8.085687E-16	1.812285E-17	7.337284E-01
6.265241E+03	8.121560E-16	1.920598E-17	7.335224E-01
6.268753E+03	8.174322E-16	2.032615E-17	7.333204E-01
6.272265E+03	8.216834E-16	2.233227E-17	7.331223E-01
6.275778E+03	8.268894E-16	2.507574E-17	7.329281E-01
6.279290E+03	8.340020E-16	2.497040E-17	7.327377E-01
6.282802E+03	8.392104E-16	2.513979E-17	7.325510E-01
6.286314E+03	8.437612E-16	2.694247E-17	7.323680E-01
6.289826E+03	8.480940E-16	3.135680E-17	7.321886E-01
6.293339E+03	8.502327E-16	3.073425E-17	7.320127E-01
6.296851E+03	8.543502E-16	3.059452E-17	7.318402E-01
6.300363E+03	8.574454E-16	3.073576E-17	7.316711E-01
6.303875E+03	8.597382E-16	3.084749E-17	7.315053E-01
6.307387E+03	8.632038E-16	3.140574E-17	7.313427E-01
6.310900E+03	8.668909E-16	3.162323E-17	7.311833E-01
6.314412E+03	8.683869E-16	3.380431E-17	7.310269E-01
6.317924E+03	8.692279E-16	3.448160E-17	7.308736E-01
6.321436E+03	8.718258E-16	3.296601E-17	7.307231E-01
6.324949E+03	8.735492E-16	3.030187E-17	7.305756E-01
6.328461E+03	8.735222E-16	3.208441E-17	7.304308E-01
6.331973E+03	8.711614E-16	3.329177E-17	7.302887E-01
6.335485E+03	8.679285E-16	3.299094E-17	7.301493E-01
6.338997E+03	8.665978E-16	2.975696E-17	7.300125E-01
6.342510E+03	8.647596E-16	2.838996E-17	7.298781E-01
6.346022E+03	8.620492E-16	2.778060E-17	7.297462E-01
6.349534E+03	8.602180E-16	2.752558E-17	7.296166E-01
6.353046E+03	8.569311E-16	2.776027E-17	7.294893E-01
6.356558E+03	8.537208E-16	2.832041E-17	7.293642E-01
6.360071E+03	8.519726E-16	2.885184E-17	7.292413E-01
6.363583E+03	8.506647E-16	2.532820E-17	7.291204E-01
6.367095E+03	8.469539E-16	2.081492E-17	7.290015E-01
6.370607E+03	8.426634E-16	2.052305E-17	7.288845E-01
6.374119E+03	8.387407E-16	1.980874E-17	7.287694E-01
6.377632E+03	8.340926E-16	1.874806E-17	7.286560E-01
6.381144E+03	8.298849E-16	1.780759E-17	7.285444E-01
6.384656E+03	8.247334E-16	1.747024E-17	7.284344E-01
6.388168E+03	8.211146E-16	1.727740E-17	7.283259E-01
6.391681E+03	8.182268E-16	2.083173E-17	7.282189E-01
6.395193E+03	8.157783E-16	2.092777E-17	7.281134E-01
6.398705E+03	8.154431E-16	2.436769E-17	7.280092E-01
6.402217E+03	8.139448E-16	2.443864E-17	7.279063E-01
6.405729E+03	8.117932E-16	2.399559E-17	7.278046E-01
6.409242E+03	8.092068E-16	2.419381E-17	7.277040E-01
6.412754E+03	8.065495E-16	2.491918E-17	7.276044E-01
6.416266E+03	8.057855E-16	2.497230E-17	7.275059E-01
6.419778E+03	8.041498E-16	2.443793E-17	7.274082E-01
6.423291E+03	8.031700E-16	2.531847E-17	7.273114E-01
6.426803E+03	8.038639E-16	2.522600E-17	7.272154E-01
6.430315E+03	8.053582E-16	2.611587E-17	7.271201E-01
6.433827E+03	8.056896E-16	2.834220E-17	7.270254E-01
6.437339E+03	8.059487E-16	2.808346E-17	7.269313E-01
6.440851E+03	8.045366E-16	2.727695E-17	7.268376E-01
6.444364E+03	8.048694E-16	2.739896E-17	7.267444E-01
6.447876E+03	8.061472E-16	2.374323E-17	7.266515E-01
6.451388E+03	8.083694E-16	2.117325E-17	7.265589E-01
6.454900E+03	8.108092E-16	2.078518E-17	7.264664E-01
6.458413E+03	8.131032E-16	2.105538E-17	7.263741E-01
6.461925E+03	8.163409E-16	2.071378E-17	7.262819E-01
6.465437E+03	8.189967E-16	2.073241E-17	7.261896E-01
6.468949E+03	8.223778E-16	2.135443E-17	7.260973E-01
6.472461E+03	8.261209E-16	2.089472E-17	7.260048E-01
6.475974E+03	8.284108E-16	2.228709E-17	7.259121E-01
6.479486E+03	8.303370E-16	2.154391E-17	7.258190E-01
6.482998E+03	8.313913E-16	1.937338E-17	7.257256E-01
6.486510E+03	8.302678E-16	2.117133E-17	7.256317E-01
6.490023E+03	8.300873E-16	2.054244E-17	7.255374E-01
6.493535E+03	8.314295E-16	2.207376E-17	7.254424E-01
6.497047E+03	8.295791E-16	2.210081E-17	7.253468E-01
6.500559E+03	8.266404E-16	2.214744E-17	7.252504E-01
6.504071E+03	8.220338E-16	2.296969E-17	7.251533E-01
6.507583E+03	8.145271E-16	2.393985E-17	7.250552E-01
6.511096E+03	8.033240E-16	2.329590E-17	7.249563E-01
6.514608E+03	7.913981E-16	2.732395E-17	7.248563E-01
6.518120E+03	7.788219E-16	2.768219E-17	7.247552E-01
6.521632E+03	7.627697E-16	2.726133E-17	7.246530E-01
6.525145E+03	7.455616E-16	2.690372E-17	7.245496E-01
6.528657E+03	7.282848E-16	2.683645E-17	7.244452E-01
6.532169E+03	7.095704E-16	2.480995E-17	7.243397E-01
6.535681E+03	6.913384E-16	2.270787E-17	7.242331E-01
6.539193E+03	6.723359E-16	2.255466E-17	7.241254E-01
6.542706E+03	6.537942E-16	2.479977E-17	7.240166E-01
6.546218E+03	6.359593E-16	2.519211E-17	7.239067E-01
6.549730E+03	6.190191E-16	2.535338E-17	7.237957E-01
6.553242E+03	6.048548E-16	3.268764E-17	7.236837E-01
6.556755E+03	5.927490E-16	3.341187E-17	7.235706E-01
6.560267E+03	5.824403E-16	3.476572E-17	7.234564E-01
6.563779E+03	5.734577E-16	3.626877E-17	7.233412E-01
6.567291E+03	5.658223E-16	3.491249E-17	7.232250E-01
6.570803E+03	5.610592E-16	3.499409E-17	7.231076E-01
6.574315E+03	5.591527E-16	3.408467E-17	7.229893E-01
6.577828E+03	5.592555E-16	3.783517E-17	7.228699E-01
6.581340E+03	5.605934E-16	4.379455E-17	7.227495E-01
6.584852E+03	5.651963E-16	4.870944E-17	7.226280E-01
6.588364E+03	5.714730E-16	4.983566E-17	7.225055E-01
6.591877E+03	5.794877E-16	4.959971E-17	7.223820E-01
6.595389E+03	5.915939E-16	5.026963E-17	7.222575E-01
6.598901E+03	6.041357E-16	5.065261E-17	7.221320E-01
6.602413E+03	6.171487E-16	4.739058E-17	7.220055E-01
6.605925E+03	6.344514E-16	4.709336E-17	7.218780E-01
6.609438E+03	6.529956E-16	4.502925E-17	7.217495E-01
6.612950E+03	6.726725E-16	3.445957E-17	7.216200E-01
6.616462E+03	6.909633E-16	2.833768E-17	7.214895E-01
6.619974E+03	7.103069E-16	2.865584E-17	7.213581E-01
6.623486E+03	7.293034E-16	3.083682E-17	7.212256E-01
6.626999E+03	7.463305E-16	3.166418E-17	7.210922E-01
6.630511E+03	7.651526E-16	2.879388E-17	7.209579E-01
6.634023E+03	7.844712E-16	2.562281E-17	7.208226E-01
6.637535E+03	7.998176E-16	2.520835E-17	7.206863E-01
6.641047E+03	8.150130E-16	2.533070E-17	7.205491E-01
6.644560E+03	8.298413E-16	2.515877E-17	7.204109E-01
6.648072E+03	8.433662E-16	2.503552E-17	7.202718E-01
6.651584E+03	8.540762E-16	2.586745E-17	7.201317E-01
6.655096E+03	8.629089E-16	2.469644E-17	7.199907E-01
6.658609E+03	8.714490E-16	2.494862E-17	7.198488E-01
6.662121E+03	8.768178E-16	2.510804E-17	7.197060E-01
6.665633E+03	8.811039E-16	2.545321E-17	7.195622E-01
6.669145E+03	8.826534E-16	2.603288E-17	7.194175E-01
6.672657E+03	8.833379E-16	2.585397E-17	7.192720E-01
6.676170E+03	8.860345E-16	2.533858E-17	7.191255E-01
6.679682E+03	8.862124E-16	2.636810E-17	7.189781E-01
6.683194E+03	8.858859E-16	2.639083E-17	7.188298E-01
6.686706E+03	8.887205E-16	2.616954E-17	7.186807E-01
6.690218E+03	8.898283E-16	2.711405E-17	7.185306E-01
6.693731E+03	8.884920E-16	2.687942E-17	7.183797E-01
6.697243E+03	8.878014E-16	2.684080E-17	7.182278E-01
6.700755E+03	8.850994E-16	2.674641E-17	7.180752E-01
6.704267E+03	8.803155E-16	3.315907E-17	7.179216E-01
6.707779E+03	8.748146E-16	3.326953E-17	7.177672E-01
6.711292E+03	8.698174E-16	3.333595E-17	7.176119E-01
6.714804E+03	8.663278E-16	3.392540E-17	7.174558E-01
6.718316E+03	8.619062E-16	3.361837E-17	7.172988E-01
6.721828E+03	8.578440E-16	3.328490E-17	7.171409E-01
6.725341E+03	8.519183E-16	3.387174E-17	7.169823E-01
6.728853E+03	8.460659E-16	3.334721E-17	7.168227E-01
6.732365E+03	8.412183E-16	3.264661E-17	7.166624E-01
6.735877E+03	8.357987E-16	3.412136E-17	7.165012E-01
6.739389E+03	8.298790E-16	3.285962E-17	7.163392E-01
6.742902E+03	8.245339E-16	3.235859E-17	7.161764E-01
6.746414E+03	8.202642E-16	3.296271E-17	7.160127E-01
6.749926E+03	8.153512E-16	3.291650E-17	7.158483E-01
6.753438E+03	8.102963E-16	2.717841E-17	7.156830E-01
6.756950E+03	8.061730E-16	2.682691E-17	7.155170E-01
6.760463E+03	8.023367E-16	2.684942E-17	7.153501E-01
6.763975E+03	7.969278E-16	2.713253E-17	7.151824E-01
6.767487E+03	7.920925E-16	2.639759E-17	7.150140E-01
6.770999E+03	7.862578E-16	2.641478E-17	7.148448E-01
6.774512E+03	7.789240E-16	2.586505E-17	7.146747E-01
6.778024E+03	7.708069E-16	2.579545E-17	7.145039E-01
6.781536E+03	7.656214E-16	2.629301E-17	7.143324E-01
6.785048E+03	7.600805E-16	2.474880E-17	7.141600E-01
6.788560E+03	7.563264E-16	2.494999E-17	7.139869E-01
6.792073E+03	7.552142E-16	2.509703E-17	7.138131E-01
6.795585E+03	7.507476E-16	2.344993E-17	7.136384E-01
6.799097E+03	7.448554E-16	2.349657E-17	7.134631E-01
6.802609E+03	7.391079E-16	2.388395E-17	7.132869E-01
6.806122E+03	7.315796E-16	2.381414E-17	7.131101E-01
6.809634E+03	7.237690E-16	2.369845E-17	7.129325E-01
6.813146E+03	7.151062E-16	2.152472E-17	7.127541E-01
6.816658E+03	7.070668E-16	2.192328E-17	7.125750E-01
6.820170E+03	6.990877E-16	2.198056E-17	7.123952E-01
6.823682E+03	6.910690E-16	2.196791E-17	7.122147E-01
6.827195E+03	6.860798E-16	2.164964E-17	7.120334E-01
6.830707E+03	6.804090E-16	2.134139E-17	7.118515E-01
6.834219E+03	6.742421E-16	2.123612E-17	7.116688E-01
6.837731E+03	6.699275E-16	2.220912E-17	7.114854E-01
6.841244E+03	6.659416E-16	2.227763E-17	7.113013E-01
6.844756E+03	6.614521E-16	2.244194E-17	7.111165E-01
6.848268E+03	6.568789E-16	2.251035E-17	7.109310E-01
6.851780E+03	6.524069E-16	2.521373E-17	7.107449E-01
6.855292E+03	6.482421E-16	3.442764E-17	7.105580E-01
6.858805E+03	6.434038E-16	3.490639E-17	7.103704E-01
6.862317E+03	6.390362E-16	3.697462E-17	7.101822E-01
6.865829E+03	6.338891E-16	3.682295E-17	7.099933E-01
6.869341E+03	6.299295E-16	4.389308E-17	7.098037E-01
6.872854E+03	6.267661E-16	4.675078E-17	7.096135E-01
6.876366E+03	6.224828E-16	4.840966E-17	7.094226E-01
6.879878E+03	6.172437E-16	4.889794E-17	7.092310E-01
6.883390E+03	6.115459E-16	4.919876E-17	7.090387E-01
6.886902E+03	6.029372E-16	4.874000E-17	7.088459E-01
6.890414E+03	5.932625E-16	4.854220E-17	7.086523E-01
6.893927E+03	5.831177E-16	4.878543E-17	7.084582E-01
6.897439E+03	5.724539E-16	4.904749E-17	7.082634E-01
6.900951E+03	5.586656E-16	4.671642E-17	7.080679E-01
6.904463E+03	5.441269E-16	3.756254E-17	7.078718E-01
6.907976E+03	5.300486E-16	3.449154E-17	7.076751E-01
6.911488E+03	5.158574E-16	2.727072E-17	7.074778E-01
6.915000E+03	5.030810E-16	2.525981E-17	7.072798E-01
6.918512E+03	4.909972E-16	2.081579E-17	7.070812E-01
6.922024E+03	4.779936E-16	2.019343E-17	7.068820E-01
6.925537E+03	4.678660E-16	1.933987E-17	7.066822E-01
6.929049E+03	4.580404E-16	2.181144E-17	7.064818E-01
6.932561E+03	4.485024E-16	2.501997E-17	7.062808E-01
6.936073E+03	4.420621E-16	2.606383E-17	7.060792E-01
6.939586E+03	4.386320E-16	2.775297E-17	7.058770E-01
6.943098E+03	4.378214E-16	3.063610E-17	7.056742E-01
6.946610E+03	4.396776E-16	3.144097E-17	7.054708E-01
6.950122E+03	4.450093E-16	3.036321E-17	7.052669E-01
6.953634E+03	4.532564E-16	3.037566E-17	7.050623E-01
6.957146E+03	4.655511E-16	2.953256E-17	7.048572E-01
6.960659E+03	4.809740E-16	3.062849E-17	7.046515E-01
6.964171E+03	4.962887E-16	3.169841E-17	7.044453E-01
6.967683E+03	5.149744E-16	3.255469E-17	7.042384E-01
6.971195E+03	5.362041E-16	3.544207E-17	7.040311E-01
6.974708E+03	5.603628E-16	4.411582E-17	7.038231E-01
6.978220E+03	5.877363E-16	4.545397E-17	7.036146E-01
6.981732E+03	6.156487E-16	4.431027E-17	7.034056E-01
6.985244E+03	6.456394E-16	4.398911E-17	7.031960E-01
6.988756E+03	6.768418E-16	4.257306E-17	7.029859E-01
6.992269E+03	7.079757E-16	3.787050E-17	7.027752E-01
6.995781E+03	7.380435E-16	3.167168E-17	7.025640E-01
6.999293E+03	7.678817E-16	3.003432E-17	7.023523E-01
7.002805E+03	7.982630E-16	3.053958E-17	7.021400E-01
7.006318E+03	8.294674E-16	3.037251E-17	7.019272E-01
7.009830E+03	8.590382E-16	3.329039E-17	7.017139E-01
7.013342E+03	8.865558E-16	3.548221E-17	7.015001E-01
7.016854E+03	9.110403E-16	3.947749E-17	7.012858E-01
7.020366E+03	9.327048E-16	4.152284E-17	7.010709E-01
7.023878E+03	9.521824E-16	3.876886E-17	7.008556E-01
7.027391E+03	9.701058E-16	4.020392E-17	7.006397E-01
7.030903E+03	9.846552E-16	4.238672E-17	7.004234E-01
7.034415E+03	9.966040E-16	4.230228E-17	7.002066E-01
7.037927E+03	1.006795E-15	4.600225E-17	6.999892E-01
7.041440E+03	1.015438E-15	4.543787E-17	6.997714E-01
7.044952E+03	1.021697E-15	4.494362E-17	6.995531E-01
7.048464E+03	1.025014E-15	4.619456E-17	6.993343E-01
7.051976E+03	1.025881E-15	4.663915E-17	6.991151E-01
7.055488E+03	1.024511E-15	4.638795E-17	6.988953E-01
7.059001E+03	1.022092E-15	4.604609E-17	6.986752E-01
7.062513E+03	1.020232E-15	4.693426E-17	6.984545E-01
7.066025E+03	1.019630E-15	4.740694E-17	6.982334E-01
7.069537E+03	1.018888E-15	4.685598E-17	6.980118E-01
7.073050E+03	1.015703E-15	4.665777E-17	6.977897E-01
7.076562E+03	1.010496E-15	4.646713E-17	6.975673E-01
7.080074E+03	1.005710E-15	4.506093E-17	6.973443E-01
7.083586E+03	1.000159E-15	4.538929E-17	6.971210E-01
7.087098E+03	9.944722E-16	4.286700E-17	6.968971E-01
7.090610E+03	9.887878E-16	4.303186E-17	6.966729E-01
7.094123E+03	9.819919E-16	4.154805E-17	6.964482E-01
7.097635E+03	9.722755E-16	3.961832E-17	6.962231E-01
7.101147E+03	9.629126E-16	3.742185E-17	6.959975E-01
7.104659E+03	9.558510E-16	3.688542E-17	6.957716E-01
7.108172E+03	9.477499E-16	3.658562E-17	6.955452E-01
7.111684E+03	9.384712E-16	3.547577E-17	6.953184E-01
7.115196E+03	9.282247E-16	3.331343E-17	6.950912E-01
7.118708E+03	9.171504E-16	3.512901E-17	6.948635E-01
7.122220E+03	9.049017E-16	3.562424E-17	6.946355E-01
7.125733E+03	8.921048E-16	3.346614E-17	6.944071E-01
7.129245E+03	8.788297E-16	3.103061E-17	6.941783E-01
7.132757E+03	8.645911E-16	3.409960E-17	6.939490E-01
7.136269E+03	8.501532E-16	3.622534E-17	6.937194E-01
7.139782E+03	8.382207E-16	3.602585E-17	6.934894E-01
7.143294E+03	8.266421E-16	3.597993E-17	6.932591E-01
7.146806E+03	8.170804E-16	3.612770E-17	6.930283E-01
7.150318E+03	8.081479E-16	3.555198E-17	6.927972E-01
7.153830E+03	8.003981E-16	3.608028E-17	6.925657E-01
7.157342E+03	7.911298E-16	3.604193E-17	6.923338E-01
7.160855E+03	7.815210E-16	3.556599E-17	6.921015E-01
7.164367E+03	7.735786E-16	3.539751E-17	6.918689E-01
7.167879E+03	7.651569E-16	3.311867E-17	6.916360E-01
7.171391E+03	7.580538E-16	3.014237E-17	6.914026E-01
7.174904E+03	7.526830E-16	2.708463E-17	6.911690E-01
7.178416E+03	7.480753E-16	2.716558E-17	6.909349E-01
7.181928E+03	7.442299E-16	2.661635E-17	6.907006E-01
7.185440E+03	7.439079E-16	2.587334E-17	6.904659E-01
7.188952E+03	7.442069E-16	2.576828E-17	6.902308E-01
7.192465E+03	7.451950E-16	2.518980E-17	6.899954E-01
7.195977E+03	7.470098E-16	2.617971E-17	6.897597E-01
7.199489E+03	7.499259E-16	2.619238E-17	6.895237E-01
7.203001E+03	7.560792E-16	2.716543E-17	6.892873E-01
7.206514E+03	7.608497E-16	2.965351E-17	6.890506E-01
7.210026E+03	7.654097E-16	2.984467E-17	6.888136E-01
7.213538E+03	7.711366E-16	3.223818E-17	6.885763E-01
7.217050E+03	7.783733E-16	3.251000E-17	6.883386E-01
7.220562E+03	7.863615E-16	3.276015E-17	6.881007E-01
7.224075E+03	7.938621E-16	3.337212E-17	6.878624E-01
7.227587E+03	8.028697E-16	3.205927E-17	6.876239E-01
7.231099E+03	8.145513E-16	3.238065E-17	6.873851E-01
7.234611E+03	8.282170E-16	3.291851E-17	6.871459E-01
7.238123E+03	8.411857E-16	3.266545E-17	6.869065E-01
7.241636E+03	8.521535E-16	3.452345E-17	6.866668E-01
7.245148E+03	8.624953E-16	3.621758E-17	6.864268E-01
7.248660E+03	8.725548E-16	3.722168E-17	6.861865E-01
7.252172E+03	8.821265E-16	3.635243E-17	6.859460E-01
7.255685E+03	8.912110E-16	3.363526E-17	6.857051E-01
7.259197E+03	9.018651E-16	3.365570E-17	6.854641E-01
7.262709E+03	9.106610E-16	3.376036E-17	6.852227E-01
7.266221E+03	9.184911E-16	3.367418E-17	6.849811E-01
7.269733E+03	9.258359E-16	3.689289E-17	6.847392E-01
7.273245E+03	9.322850E-16	3.630274E-17	6.844971E-01
7.276758E+03	9.405765E-16	3.626634E-17	6.842547E-01
7.280270E+03	9.509135E-16	3.706767E-17	6.840120E-01
7.283782E+03	9.600803E-16	3.704784E-17	6.837692E-01
7.287294E+03	9.673944E-16	3.736102E-17	6.835260E-01
7.290807E+03	9.727212E-16	3.619592E-17	6.832827E-01
7.294319E+03	9.798878E-16	3.333594E-17	6.830391E-01
7.297831E+03	9.877316E-16	3.199300E-17	6.827952E-01
7.301343E+03	9.957739E-16	4.135223E-17	6.825512E-01
7.304855E+03	1.002923E-15	4.529161E-17	6.823069E-01
7.308368E+03	1.010407E-15	4.567257E-17	6.820624E-01
7.311880E+03	1.018704E-15	4.447891E-17	6.818177E-01
7.315392E+03	1.027266E-15	4.482163E-17	6.815727E-01
7.318904E+03	1.033097E-15	4.102205E-17	6.813276E-01
7.322417E+03	1.039127E-15	4.062963E-17	6.810822E-01
7.325929E+03	1.043246E-15	4.352071E-17	6.808367E-01
7.329441E+03	1.044571E-15	4.423454E-17	6.805909E-01
7.332953E+03	1.047187E-15	4.356856E-17	6.803449E-01
7.336465E+03	1.050753E-15	4.494774E-17	6.800988E-01
7.339977E+03	1.053431E-15	4.486915E-17	6.798524E-01
7.343490E+03	1.054952E-15	4.487980E-17	6.796059E-01
7.347002E+03	1.052871E-15	4.474445E-17	6.793592E-01
7.350514E+03	1.048685E-15	3.822620E-17	6.791123E-01
7.354026E+03	1.043144E-15	3.272106E-17	6.788652E-01
7.357539E+03	1.038218E-15	3.473438E-17	6.786180E-01
7.361051E+03	1.030241E-15	3.612928E-17	6.783706E-01
7.364563E+03	1.024373E-15	3.597482E-17	6.781230E-01
7.368075E+03	1.016271E-15	4.000763E-17	6.778752E-01
7.371587E+03	1.006751E-15	4.057563E-17	6.776273E-01
7.375100E+03	9.973732E-16	3.966015E-17	6.773793E-01
7.378612E+03	9.870539E-16	4.046019E-17	6.771310E-01
7.382124E+03	9.762002E-16	4.180048E-17	6.768827E-01
7.385636E+03	9.640684E-16	4.025113E-17	6.766342E-01
7.389149E+03	9.521479E-16	4.002936E-17	6.763855E-01
7.392661E+03	9.371255E-16	4.090548E-17	6.761367E-01
7.396173E+03	9.225868E-16	4.073771E-17	6.758878E-01
7.399685E+03	9.079909E-16	3.987756E-17	6.756387E-01
7.403197E+03	8.917844E-16	3.954752E-17	6.753895E-01
7.406709E+03	8.738340E-16	3.481180E-17	6.751402E-01
7.410222E+03	8.564364E-16	2.999927E-17	6.748908E-01
7.413734E+03	8.403331E-16	2.877993E-17	6.746412E-01
7.417246E+03	8.238367E-16	2.815129E-17	6.743916E-01
7.420758E+03	8.091050E-16	2.955355E-17	6.741418E-01
7.424271E+03	7.976858E-16	2.943212E-17	6.738919E-01
7.427783E+03	7.848602E-16	2.621447E-17	6.736419E-01
7.431295E+03	7.739292E-16	2.327939E-17	6.733918E-01
7.434807E+03	7.638138E-16	2.284564E-17	6.731416E-01
7.438319E+03	7.539074E-16	2.346523E-17	6.728913E-01
7.441832E+03	7.451516E-16	2.438192E-17	6.726409E-01
7.445344E+03	7.376123E-16	2.505904E-17	6.723905E-01
7.448856E+03	7.288685E-16	2.979933E-17	6.721399E-01
7.452368E+03	7.211388E-16	2.953728E-17	6.718893E-01
7.455881E+03	7.148249E-16	2.909335E-17	6.716386E-01
7.459393E+03	7.065685E-16	2.913737E-17	6.713878E-01
7.462905E+03	7.003985E-16	2.913597E-17	6.711369E-01
7.466417E+03	6.940316E-16	2.833246E-17	6.708860E-01
7.469929E+03	6.886751E-16	2.696080E-17	6.706350E-01
7.473441E+03	6.854006E-16	2.803439E-17	6.703840E-01
7.476954E+03	6.819272E-16	2.819679E-17	6.701329E-01
7.480466E+03	6.753078E-16	2.993646E-17	6.698817E-01
7.483978E+03	6.682176E-16	2.969204E-17	6.696305E-01
7.487490E+03	6.633013E-16	2.958108E-17	6.693793E-01
7.491003E+03	6.594792E-16	2.726881E-17	6.691280E-01
7.494515E+03	6.555393E-16	2.679713E-17	6.688767E-01
7.498027E+03	6.507329E-16	2.262344E-17	6.686253E-01
7.501539E+03	6.450477E-16	2.388548E-17	6.683739E-01
7.505051E+03	6.385648E-16	2.725239E-17	6.681225E-01
7.508564E+03	6.282529E-16	2.671392E-17	6.678711E-01
7.512076E+03	6.218409E-16	2.675345E-17	6.676196E-01
7.515588E+03	6.149797E-16	2.710551E-17	6.673681E-01
7.519100E+03	6.106719E-16	2.752993E-17	6.671166E-01
7.522613E+03	6.075008E-16	2.644969E-17	6.668651E-01
7.526125E+03	6.039853E-16	2.630797E-17	6.666137E-01
7.529637E+03	6.013653E-16	2.475725E-17	6.663622E-01
7.533149E+03	5.986937E-16	2.482731E-17	6.661108E-01
7.536661E+03	5.942330E-16	2.515048E-17	6.658595E-01
7.540173E+03	5.883111E-16	2.519569E-17	6.656081E-01
7.543686E+03	5.835912E-16	2.641791E-17	6.653569E-01
7.547198E+03	5.791474E-16	2.370170E-17	6.651057E-01
7.550710E+03	5.761896E-16	1.932673E-17	6.648546E-01
7.554222E+03	5.745498E-16	1.706158E-17	6.646036E-01
7.557735E+03	5.706258E-16	1.773756E-17	6.643527E-01
7.561247E+03	5.679997E-16	1.819057E-17	6.641019E-01
7.564759E+03	5.647448E-16	2.225001E-17	6.638512E-01
7.568271E+03	5.633836E-16	2.457494E-17	6.636006E-01
7.571783E+03	5.637349E-16	3.492120E-17	6.633502E-01
7.575296E+03	5.608499E-16	4.390931E-17	6.630999E-01
7.578808E+03	5.579803E-16	4.621507E-17	6.628498E-01
7.582320E+03	5.544370E-16	4.651342E-17	6.625998E-01
7.585832E+03	5.513799E-16	5.530893E-17	6.623500E-01
7.589345E+03	5.462130E-16	5.699713E-17	6.621004E-01
7.592857E+03	5.405072E-16	5.828994E-17	6.618510E-01
7.596369E+03	5.337605E-16	5.825829E-17	6.616018E-01
7.599881E+03	5.285333E-16	5.853220E-17	6.613528E-01
7.603393E+03	5.221201E-16	5.865027E-17	6.611040E-01
7.606906E+03	5.162867E-16	5.790679E-17	6.608554E-01
7.610418E+03	5.120432E-16	5.657763E-17	6.606071E-01
7.613930E+03	5.082123E-16	5.726507E-17	6.603591E-01
7.617442E+03	5.054472E-16	6.060609E-17	6.601112E-01
7.620954E+03	4.993585E-16	5.719441E-17	6.598637E-01
7.624467E+03	4.928390E-16	5.055479E-17	6.596165E-01
7.627979E+03	4.915599E-16	4.626887E-17	6.593695E-01
7.631491E+03	4.909015E-16	4.432600E-17	6.591228E-01
7.635003E+03	4.899932E-16	3.808352E-17	6.588764E-01
7.638516E+03	4.886181E-16	3.810465E-17	6.586304E-01
7.642028E+03	4.872902E-16	3.687162E-17	6.583846E-01
7.645540E+03	4.848841E-16	3.887427E-17	6.581393E-01
7.649052E+03	4.846114E-16	4.246554E-17	6.578942E-01
7.652564E+03	4.842865E-16	4.231974E-17	6.576495E-01
7.656077E+03	4.822856E-16	4.320328E-17	6.574052E-01
7.659589E+03	4.822840E-16	4.241879E-17	6.571612E-01
7.663101E+03	4.839052E-16	4.593590E-17	6.569176E-01
7.666613E+03	4.871080E-16	4.249947E-17	6.566745E-01
7.670125E+03	4.889956E-16	4.093861E-17	6.564317E-01
7.673638E+03	4.902718E-16	3.870761E-17	6.561893E-01
7.677150E+03	4.928919E-16	3.631563E-17	6.559473E-01
7.680662E+03	4.976151E-16	3.622080E-17	6.557058E-01
7.684174E+03	5.031216E-16	3.414784E-17	6.554647E-01
7.687686E+03	5.078642E-16	3.103028E-17	6.552241E-01
7.691199E+03	5.122629E-16	3.126364E-17	6.549839E-01
7.694711E+03	5.138171E-16	3.078404E-17	6.547442E-01
7.698223E+03	5.131581E-16	3.241115E-17	6.545050E-01
7.701735E+03	5.140374E-16	3.802811E-17	6.542663E-01
7.705248E+03	5.157796E-16	3.535487E-17	6.540280E-01
7.708760E+03	5.219143E-16	3.513406E-17	6.537903E-01
7.712272E+03	5.282670E-16	3.170188E-17	6.535531E-01
7.715784E+03	5.350858E-16	3.192004E-17	6.533164E-01
7.719296E+03	5.404631E-16	3.220909E-17	6.530803E-01
7.722809E+03	5.431276E-16	3.224120E-17	6.528447E-01
7.726321E+03	5.476896E-16	3.252743E-17	6.526096E-01
7.729833E+03	5.518898E-16	3.493704E-17	6.523752E-01
7.733345E+03	5.525332E-16	3.489948E-17	6.521413E-01
7.736857E+03	5.543043E-16	3.483109E-17	6.519080E-01
7.740370E+03	5.612683E-16	3.576942E-17	6.516753E-01
7.743882E+03	5.665601E-16	3.805499E-17	6.514432E-01
7.747394E+03	5.760944E-16	3.475836E-17	6.512117E-01
7.750906E+03	5.851666E-16	2.727696E-17	6.509808E-01
7.754418E+03	5.932437E-16	2.744147E-17	6.507506E-01
7.757931E+03	6.028248E-16	2.753355E-17	6.505210E-01
7.761443E+03	6.127767E-16	2.651255E-17	6.502921E-01
7.764955E+03	6.225336E-16	2.636724E-17	6.500638E-01
7.768467E+03	6.324986E-16	2.639736E-17	6.498362E-01
7.771980E+03	6.414697E-16	2.586773E-17	6.496093E-01
7.775492E+03	6.494481E-16	2.915781E-17	6.493831E-01
7.779004E+03	6.555843E-16	2.674297E-17	6.491576E-01
7.782516E+03	6.615222E-16	2.676173E-17	6.489329E-01
7.786028E+03	6.644724E-16	2.642630E-17	6.487088E-01
7.789541E+03	6.679400E-16	2.828675E-17	6.484855E-01
7.793053E+03	6.695908E-16	2.782414E-17	6.482629E-01
7.796565E+03	6.716946E-16	2.849860E-17	6.480411E-01
7.800077E+03	6.716598E-16	2.854628E-17	6.478200E-01
7.803589E+03	6.722733E-16	2.932488E-17	6.475998E-01
7.807102E+03	6.718513E-16	3.258285E-17	6.473803E-01
7.810614E+03	6.718832E-16	3.440652E-17	6.471616E-01
7.814126E+03	6.701043E-16	4.168547E-17	6.469437E-01
7.817638E+03	6.680686E-16	4.164591E-17	6.467267E-01
7.821150E+03	6.671988E-16	4.463455E-17	6.465104E-01
7.824663E+03	6.658131E-16	4.309784E-17	6.462950E-01
7.828175E+03	6.628786E-16	4.285240E-17	6.460805E-01
7.831687E+03	6.576216E-16	4.277126E-17	6.458668E-01
7.835199E+03	6.528207E-16	4.277051E-17	6.456540E-01
7.838712E+03	6.460229E-16	4.238519E-17	6.454420E-01
7.842224E+03	6.385722E-16	4.054499E-17	6.452310E-01
7.845736E+03	6.330815E-16	3.988065E-17	6.450208E-01
7.849248E+03	6.273114E-16	4.240424E-17	6.448116E-01
7.852760E+03	6.182776E-16	4.195193E-17	6.446032E-01
7.856273E+03	6.102493E-16	3.859595E-17	6.443958E-01
7.859785E+03	6.021174E-16	3.803066E-17	6.441894E-01
7.863297E+03	5.918856E-16	3.046051E-17	6.439839E-01
7.866809E+03	5.816482E-16	3.116527E-17	6.437793E-01
7.870321E+03	5.736320E-16	2.549895E-17	6.435758E-01
7.873834E+03	5.652291E-16	2.562013E-17	6.433732E-01
7.877346E+03	5.597394E-16	2.921164E-17	6.431716E-01
7.880858E+03	5.533087E-16	2.925728E-17	6.429710E-01
7.884370E+03	5.471978E-16	3.254759E-17	6.427714E-01
7.887882E+03	5.397227E-16	3.149311E-17	6.425729E-01
7.891395E+03	5.336533E-16	3.223923E-17	6.423754E-01
7.894907E+03	5.294958E-16	3.223625E-17	6.421789E-01
7.898419E+03	5.272546E-16	2.956363E-17	6.419835E-01
7.901931E+03	5.239952E-16	2.768329E-17	6.417892E-01
7.905444E+03	5.207321E-16	2.658090E-17	6.415959E-01
7.908956E+03	5.172793E-16	2.555736E-17	6.414037E-01
7.912468E+03	5.127778E-16	2.925836E-17	6.412127E-01
7.915980E+03	5.088182E-16	2.730057E-17	6.410227E-01
7.919492E+03	5.058614E-16	2.719413E-17	6.408339E-01
7.923005E+03	5.041245E-16	2.842531E-17	6.406461E-01
7.926517E+03	5.008778E-16	3.337849E-17	6.404596E-01
7.930029E+03	4.946822E-16	3.476639E-17	6.402742E-01
7.933541E+03	4.913586E-16	3.095146E-17	6.400899E-01
7.937053E+03	4.910517E-16	2.940272E-17	6.399068E-01
7.940566E+03	4.874064E-16	3.001709E-17	6.397250E-01
7.944078E+03	4.858746E-16	3.186880E-17	6.395443E-01
7.947590E+03	4.821002E-16	3.160463E-17	6.393648E-01
7.951102E+03	4.787251E-16	3.506423E-17	6.391865E-01
7.954614E+03	4.757042E-16	3.508989E-17	6.390095E-01
7.958127E+03	4.735802E-16	3.427922E-17	6.388337E-01
7.961639E+03	4.725056E-16	3.261825E-17	6.386592E-01
7.965151E+03	4.729840E-16	3.438822E-17	6.384859E-01
7.968663E+03	4.734821E-16	3.461937E-17	6.383139E-01
7.972176E+03	4.712368E-16	3.416229E-17	6.381432E-01
7.975688E+03	4.683557E-16	2.748615E-17	6.379738E-01
7.979200E+03	4.670587E-16	2.434068E-17	6.378057E-01
7.982712E+03	4.660630E-16	2.332900E-17	6.376389E-01
7.986224E+03	4.652409E-16	2.338759E-17	6.374734E-01
7.989736E+03	4.630435E-16	2.271568E-17	6.373093E-01
7.993249E+03	4.628487E-16	2.210917E-17	6.371465E-01
7.996761E+03	4.623875E-16	2.234769E-17	6.369852E-01
8.000273E+03	4.622968E-16	1.885877E-17	6.368251E-01
8.003785E+03	4.606027E-16	2.183709E-17	6.366665E-01
8.007298E+03	4.613101E-16	2.206513E-17	6.365093E-01
8.010810E+03	4.632335E-16	2.251739E-17	6.363534E-01
8.014322E+03	4.644889E-16	2.394994E-17	6.361990E-01
8.017834E+03	4.632959E-16	2.319736E-17	6.360461E-01
8.021346E+03	4.624352E-16	2.326899E-17	6.358945E-01
8.024859E+03	4.607304E-16	2.326424E-17	6.357445E-01
8.028371E+03	4.602032E-16	2.348449E-17	6.355959E-01
8.031883E+03	4.612532E-16	2.377873E-17	6.354487E-01
8.035395E+03	4.599467E-16	2.250962E-17	6.353031E-01
8.038908E+03	4.585022E-16	2.206412E-17	6.351590E-01
8.042420E+03	4.591105E-16	2.132753E-17	6.350163E-01
8.045932E+03	4.590846E-16	2.191933E-17	6.348752E-01
8.049444E+03	4.558989E-16	2.257898E-17	6.347357E-01
8.052956E+03	4.536866E-16	2.556395E-17	6.345977E-01
8.056469E+03	4.512542E-16	2.610343E-17	6.344612E-01
8.059981E+03	4.482847E-16	2.569848E-17	6.343262E-01
8.063493E+03	4.476259E-16	2.023495E-17	6.341928E-01
8.067005E+03	4.450156E-16	1.869117E-17	6.340608E-01
8.070517E+03	4.408542E-16	1.957311E-17	6.339304E-01
8.074030E+03	4.388061E-16	2.154593E-17	6.338014E-01
8.077542E+03	4.350742E-16	2.179977E-17	6.336740E-01
8.081054E+03	4.318327E-16	2.187353E-17	6.335480E-01
8.084566E+03	4.272315E-16	2.200142E-17	6.334235E-01
8.088078E+03	4.235767E-16	2.776028E-17	6.333004E-01
8.091591E+03	4.212602E-16	2.927549E-17	6.331789E-01
8.095103E+03	4.179517E-16	2.851924E-17	6.330587E-01
8.098615E+03	4.126959E-16	2.930165E-17	6.329400E-01
8.102127E+03	4.090440E-16	2.644829E-17	6.328228E-01
8.105640E+03	4.059954E-16	2.543963E-17	6.327070E-01
8.109152E+03	4.047011E-16	2.487894E-17	6.325926E-01
8.112664E+03	4.030539E-16	2.483087E-17	6.324796E-01
8.116176E+03	4.012312E-16	2.831316E-17	6.323680E-01
8.119688E+03	3.982845E-16	2.887847E-17	6.322578E-01
8.123201E+03	3.963448E-16	2.833724E-17	6.321491E-01
8.126713E+03	3.930414E-16	2.942434E-17	6.320417E-01
8.130225E+03	3.918254E-16	2.920371E-17	6.319357E-01
8.133737E+03	3.910592E-16	2.920315E-17	6.318311E-01
8.137249E+03	3.885000E-16	2.303982E-17	6.317278E-01
8.140762E+03	3.875972E-16	2.218070E-17	6.316259E-01
8.144274E+03	3.874850E-16	2.202004E-17	6.315254E-01
8.147786E+03	3.874684E-16	1.898758E-17	6.314262E-01
8.151298E+03	3.891318E-16	1.802608E-17	6.313283E-01
8.154810E+03	3.917425E-16	1.830612E-17	6.312318E-01
8.158323E+03	3.941574E-16	2.055034E-17	6.311366E-01
8.161835E+03	3.961813E-16	2.056147E-17	6.310428E-01
8.165347E+03	3.981233E-16	1.842738E-17	6.309502E-01
8.168859E+03	3.987849E-16	1.934315E-17	6.308590E-01
8.172372E+03	3.994913E-16	2.106277E-17	6.307690E-01
8.175884E+03	4.014218E-16	2.025467E-17	6.306804E-01
8.179396E+03	4.006347E-16	2.029743E-17	6.305930E-01
8.182908E+03	3.999117E-16	2.205608E-17	6.305070E-01
8.186420E+03	4.012007E-16	2.660087E-17	6.304222E-01
8.189933E+03	4.026729E-16	2.729238E-17	6.303387E-01
8.193445E+03	3.999733E-16	2.721052E-17	6.302564E-01
8.196957E+03	3.967584E-16	2.620015E-17	6.301754E-01
8.200469E+03	3.961348E-16	2.511763E-17	6.300957E-01
8.203981E+03	3.946995E-16	2.706021E-17	6.300172E-01
8.207494E+03	3.950227E-16	2.752569E-17	6.299399E-01
8.211006E+03	3.921470E-16	2.769617E-17	6.298639E-01
8.214518E+03	3.883468E-16	2.969930E-17	6.297891E-01
8.218030E+03	3.860156E-16	3.172477E-17	6.297155E-01
8.221542E+03	3.836982E-16	3.330911E-17	6.296431E-01
8.225055E+03	3.833590E-16	3.715887E-17	6.295720E-01
8.228567E+03	3.825673E-16	3.810816E-17	6.295020E-01
8.232079E+03	3.802406E-16	3.645904E-17	6.294333E-01
8.235591E+03	3.784502E-16	3.101490E-17	6.293657E-01
8.239103E+03	3.789074E-16	2.742288E-17	6.292993E-01
8.242616E+03	3.789437E-16	2.489725E-17	6.292341E-01
8.246128E+03	3.802578E-16	2.810378E-17	6.291701E-01
8.249640E+03	3.830823E-16	3.050870E-17	6.291072E-01
8.253152E+03	3.858565E-16	3.389278E-17	6.290455E-01
8.256665E+03	3.870145E-16	3.398793E-17	6.289850E-01
8.260177E+03	3.888395E-16	3.406904E-17	6.289256E-01
8.263689E+03	3.908662E-16	3.747095E-17	6.288673E-01
8.267201E+03	3.922267E-16	4.245925E-17	6.288102E-01
8.270713E+03	3.930091E-16	4.067565E-17	6.287542E-01
8.274226E+03	3.940813E-16	3.696509E-17	6.286994E-01
8.277738E+03	3.941420E-16	3.481439E-17	6.286456E-01
8.281250E+03	3.924998E-16	3.631913E-17	6.285930E-01
8.284762E+03	3.905694E-16	3.658634E-17	6.285415E-01
8.288274E+03	3.905758E-16	3.528700E-17	6.284911E-01
8.291787E+03	3.884964E-16	3.763289E-17	6.284418E-01
8.295299E+03	3.836908E-16	3.803128E-17	6.283935E-01
8.298811E+03	3.804575E-16	3.746128E-17	6.283464E-01
8.302323E+03	3.771813E-16	3.624114E-17	6.283003E-01
8.305835E+03	3.713806E-16	3.578711E-17	6.282554E-01
8.309348E+03	3.631753E-16	3.578098E-17	6.282114E-01
8.312860E+03	3.535584E-16	3.334068E-17	6.281686E-01
8.316372E+03	3.424170E-16	2.485436E-17	6.281268E-01
8.319884E+03	3.316860E-16	2.634758E-17	6.280861E-01
8.323397E+03	3.201906E-16	2.556384E-17	6.280464E-01
8.326909E+03	3.071083E-16	2.372527E-17	6.280077E-01
8.330421E+03	2.951522E-16	2.415023E-17	6.279701E-01
8.333933E+03	2.845230E-16	2.254695E-17	6.279335E-01
8.337445E+03	2.716349E-16	2.219546E-17	6.278980E-01
8.340958E+03	2.601489E-16	2.512385E-17	6.278634E-01
8.344470E+03	2.504979E-16	2.467963E-17	6.278299E-01
8.347982E+03	2.450105E-16	2.435875E-17	6.277974E-01
8.351494E+03	2.389842E-16	2.395859E-17	6.277659E-01
8.355006E+03	2.331974E-16	2.313709E-17	6.277354E-01
8.358519E+03	2.270349E-16	2.282336E-17	6.277059E-01
8.362031E+03	2.221539E-16	2.385623E-17	6.276774E-01
8.365543E+03	2.183154E-16	2.376676E-17	6.276498E-01
8.369055E+03	2.139693E-16	2.209079E-17	6.276233E-01
8.372567E+03	2.095298E-16	2.288134E-17	6.275977E-01
8.376080E+03	2.045010E-16	2.302439E-17	6.275731E-01
8.379592E+03	2.034954E-16	2.365125E-17	6.275494E-01
8.383104E+03	2.034002E-16	2.328145E-17	6.275267E-01
8.386616E+03	2.017177E-16	2.308380E-17	6.275050E-01
8.390129E+03	1.995211E-16	2.077284E-17	6.274842E-01
8.393641E+03	2.009580E-16	2.097183E-17	6.274643E-01
8.397153E+03	2.046727E-16	2.078958E-17	6.274454E-01
8.400665E+03	2.071514E-16	2.107956E-17	6.274274E-01
8.404177E+03	2.106342E-16	2.652673E-17	6.274104E-01
8.407690E+03	2.141861E-16	2.704081E-17	6.273942E-01
8.411202E+03	2.230144E-16	2.634091E-17	6.273790E-01
8.414714E+03	2.335302E-16	3.446930E-17	6.273647E-01
8.418226E+03	2.454198E-16	3.884815E-17	6.273513E-01
8.421738E+03	2.561801E-16	4.226451E-17	6.273389E-01
8.425251E+03	2.669717E-16	4.250762E-17	6.273273E-01
8.428763E+03	2.806489E-16	4.112343E-17	6.273166E-01
8.432275E+03	2.982091E-16	4.071830E-17	6.273068E-01
8.435787E+03	3.164153E-16	3.927015E-17	6.272978E-01
8.439300E+03	3.350982E-16	3.871068E-17	6.272898E-01
8.442812E+03	3.550922E-16	4.070486E-17	6.272826E-01
8.446324E+03	3.750924E-16	4.252548E-17	6.272763E-01
8.449836E+03	3.953061E-16	4.311883E-17	6.272709E-01
8.453348E+03	4.138390E-16	4.205266E-17	6.272663E-01
8.456861E+03	4.339842E-16	4.432087E-17	6.272626E-01
8.460373E+03	4.525052E-16	4.424260E-17	6.272598E-01
8.463885E+03	4.694711E-16	4.041288E-17	6.272577E-01
8.467397E+03	4.853586E-16	3.556830E-17	6.272566E-01
8.470909E+03	5.014663E-16	2.894330E-17	6.272562E-01
8.474422E+03	5.156866E-16	3.049402E-17	6.272567E-01
8.477934E+03	5.287221E-16	2.964002E-17	6.272581E-01
8.481446E+03	5.406230E-16	3.554309E-17	6.272602E-01
8.484958E+03	5.533904E-16	4.260730E-17	6.272632E-01
8.488470E+03	5.625957E-16	4.235911E-17	6.272669E-01
8.491983E+03	5.693618E-16	4.269569E-17	6.272715E-01
8.495495E+03	5.763671E-16	4.277943E-17	6.272769E-01
8.499007E+03	5.832479E-16	4.573397E-17	6.272831E-01
8.502519E+03	5.867296E-16	5.410390E-17	6.272901E-01
8.506032E+03	5.927652E-16	5.518335E-17	6.272979E-01
8.509544E+03	5.977541E-16	5.464348E-17	6.273065E-01
8.513056E+03	6.005295E-16	5.413431E-17	6.273159E-01
8.516568E+03	6.040898E-16	5.306848E-17	6.273260E-01
8.520080E+03	6.076574E-16	5.152299E-17	6.273369E-01
8.523593E+03	6.082584E-16	4.864893E-17	6.273486E-01
8.527105E+03	6.101086E-16	4.800089E-17	6.273611E-01
8.530617E+03	6.118656E-16	4.784061E-17	6.273743E-01
8.534129E+03	6.123937E-16	4.693899E-17	6.273882E-01
8.537641E+03	6.171387E-16	4.594809E-17	6.274030E-01
8.541154E+03	6.242813E-16	4.732591E-17	6.274184E-01
8.544666E+03	6.337718E-16	4.763767E-17	6.274347E-01
8.548178E+03	6.430752E-16	4.746657E-17	6.274516E-01
8.551690E+03	6.543250E-16	3.972803E-17	6.274693E-01
8.555202E+03	6.666430E-16	3.693123E-17	6.274878E-01
8.558715E+03	6.807823E-16	3.784795E-17	6.275069E-01
8.562227E+03	6.989393E-16	3.905015E-17	6.275268E-01
8.565739E+03	7.183535E-16	4.038536E-17	6.275474E-01
8.569251E+03	7.377698E-16	4.333836E-17	6.275687E-01
8.572764E+03	7.614559E-16	4.879863E-17	6.275908E-01
8.576276E+03	7.883453E-16	5.171029E-17	6.276135E-01
8.579788E+03	8.151749E-16	5.941552E-17	6.276369E-01
8.583300E+03	8.451457E-16	5.933695E-17	6.276611E-01
8.586812E+03	8.763123E-16	6.129863E-17	6.276859E-01
8.590325E+03	9.049716E-16	6.151833E-17	6.277115E-01
8.593837E+03	9.341992E-16	6.361896E-17	6.277377E-01
8.597349E+03	9.614843E-16	7.004996E-17	6.277646E-01
8.600861E+03	9.885216E-16	7.332519E-17	6.277922E-01
8.604373E+03	1.018513E-15	7.511854E-17	6.278204E-01
8.607886E+03	1.048948E-15	7.728445E-17	6.278494E-01
8.611398E+03	1.073861E-15	7.949436E-17	6.278790E-01
8.614910E+03	1.096895E-15	8.137205E-17	6.279092E-01
8.618422E+03	1.118927E-15	8.258509E-17	6.279402E-01
8.621934E+03	1.139204E-15	8.157868E-17	6.279718E-01
8.625447E+03	1.163189E-15	8.114012E-17	6.280040E-01
8.628959E+03	1.185482E-15	7.401536E-17	6.280369E-01
8.632471E+03	1.203069E-15	7.467050E-17	6.280704E-01
8.635983E+03	1.221789E-15	7.806869E-17	6.281046E-01
8.639496E+03	1.242083E-15	8.004450E-17	6.281394E-01
8.643008E+03	1.263637E-15	8.320610E-17	6.281749E-01
8.646520E+03	1.280608E-15	8.969704E-17	6.282109E-01
8.650032E+03	1.299782E-15	9.271606E-17	6.282476E-01
8.653544E+03	1.316948E-15	9.544321E-17	6.282850E-01
8.657057E+03	1.336254E-15	9.825445E-17	6.283229E-01
8.660569E+03	1.359837E-15	9.825532E-17	6.283615E-01
8.664081E+03	1.374752E-15	9.874097E-17	6.284006E-01
8.667593E+03	1.391996E-15	9.820306E-17	6.284404E-01
8.671105E+03	1.407734E-15	9.750426E-17	6.284808E-01
8.674618E+03	1.423162E-15	9.633096E-17	6.285218E-01
8.678130E+03	1.439159E-15	9.671940E-17	6.285634E-01
8.681642E+03	1.452707E-15	1.001844E-16	6.286056E-01
8.685154E+03	1.465631E-15	1.059421E-16	6.286483E-01
8.688666E+03	1.480192E-15	1.100975E-16	6.286917E-01
8.692179E+03	1.493750E-15	1.123741E-16	6.287356E-01
8.695691E+03	1.506809E-15	1.115159E-16	6.287802E-01
8.699203E+03	1.517230E-15	1.101345E-16	6.288252E-01
8.702715E+03	1.528597E-15	1.096584E-16	6.288709E-01
8.706228E+03	1.535438E-15	1.065008E-16	6.289172E-01
8.709740E+03	1.538257E-15	1.083860E-16	6.289640E-01
8.713252E+03	1.541455E-15	1.103932E-16	6.290113E-01
8.716764E+03	1.542265E-15	1.096839E-16	6.290592E-01
8.720276E+03	1.535212E-15	1.093929E-16	6.291077E-01
8.723789E+03	1.529040E-15	1.139841E-16	6.291568E-01
8.727301E+03	1.528405E-15	1.148533E-16	6.292063E-01
8.730813E+03	1.521353E-15	1.191589E-16	6.292565E-01
8.734325E+03	1.512288E-15	1.171558E-16	6.293071E-01
8.737837E+03	1.498691E-15	1.195252E-16	6.293584E-01
8.741350E+03	1.484275E-15	1.197849E-16	6.294101E-01
8.744862E+03	1.467717E-15	1.170597E-16	6.294624E-01
8.748374E+03	1.445178E-15	1.161222E-16	6.295152E-01
8.751886E+03	1.421943E-15	1.131055E-16	6.295685E-01
8.755398E+03	1.397762E-15	1.104331E-16	6.296224E-01
8.758911E+03	1.371310E-15	1.094251E-16	6.296767E-01
8.762423E+03	1.340636E-15	1.078814E-16	6.297316E-01
8.765935E+03	1.308886E-15	1.082800E-16	6.297870E-01
8.769447E+03	1.278077E-15	1.081752E-16	6.298429E-01
8.772960E+03	1.247327E-15	1.076720E-16	6.298993E-01
8.776472E+03	1.217264E-15	1.082592E-16	6.299563E-01
8.779984E+03	1.190915E-15	1.041001E-16	6.300137E-01
8.783496E+03	1.164246E-15	1.031444E-16	6.300716E-01
8.787008E+03	1.137007E-15	9.784816E-17	6.301300E-01
8.790521E+03	1.108880E-15	9.388177E-17	6.301889E-01
8.794033E+03	1.078166E-15	9.178447E-17	6.302483E-01
8.797545E+03	1.050093E-15	9.996842E-17	6.303082E-01
8.801057E+03	1.025673E-15	1.064333E-16	6.303685E-01
8.804569E+03	1.002067E-15	1.061458E-16	6.304293E-01
8.808082E+03	9.787737E-16	1.046336E-16	6.304906E-01
8.811594E+03	9.576199E-16	1.035280E-16	6.305524E-01
8.815106E+03	9.363366E-16	1.055600E-16	6.306147E-01
8.818618E+03	9.170049E-16	1.031983E-16	6.306774E-01
8.822130E+03	9.020851E-16	9.922652E-17	6.307405E-01
8.825643E+03	8.912632E-16	9.592108E-17	6.308042E-01
8.829155E+03	8.798720E-16	9.135290E-17	6.308683E-01
8.832667E+03	8.711920E-16	9.071475E-17	6.309328E-01
8.836179E+03	8.629526E-16	9.255509E-17	6.309978E-01
8.839692E+03	8.504839E-16	9.201962E-17	6.310632E-01
8.843204E+03	8.365616E-16	9.170219E-17	6.311291E-01
8.846716E+03	8.301482E-16	8.469583E-17	6.311954E-01
8.850228E+03	8.219034E-16	7.621118E-17	6.312622E-01
8.853740E+03	8.175716E-16	7.429246E-17	6.313294E-01
8.857253E+03	8.103350E-16	7.622107E-17	6.313970E-01
8.860765E+03	7.967827E-16	8.203707E-17	6.314651E-01
8.864277E+03	7.911221E-16	8.705424E-17	6.315336E-01
8.867789E+03	7.831240E-16	8.646670E-17	6.316025E-01
8.871301E+03	7.749350E-16	8.766139E-17	6.316719E-01
8.874814E+03	7.676924E-16	8.750127E-17	6.317416E-01
8.878326E+03	7.581742E-16	8.817009E-17	6.318118E-01
8.881838E+03	7.523192E-16	8.884170E-17	6.318824E-01
8.885350E+03	7.471585E-16	8.984972E-17	6.319534E-01
8.888863E+03	7.404170E-16	9.058249E-17	6.320248E-01
8.892375E+03	7.317782E-16	9.796904E-17	6.320966E-01
