#wls	flux	fluxerr
1.584409E+03	1.005885E-17	2.963505E-18
1.624020E+03	1.049193E-17	3.082611E-18
1.663630E+03	1.092476E-17	3.200709E-18
1.703240E+03	1.135441E-17	3.316905E-18
1.742850E+03	1.177827E-17	3.430417E-18
1.782461E+03	1.218996E-17	3.539371E-18
1.822071E+03	1.257476E-17	3.639508E-18
1.861681E+03	1.291962E-17	3.727101E-18
1.901291E+03	1.320570E-17	3.796817E-18
1.940902E+03	1.341453E-17	3.843505E-18
1.980512E+03	1.353470E-17	3.864117E-18
2.020122E+03	1.357756E-17	3.862137E-18
2.059732E+03	1.359117E-17	3.851418E-18
2.099342E+03	1.366703E-17	3.857872E-18
2.138953E+03	1.392205E-17	3.914149E-18
2.178563E+03	1.444282E-17	4.043860E-18
2.218173E+03	1.524739E-17	4.251062E-18
2.257783E+03	1.628518E-17	4.520628E-18
2.297394E+03	1.747183E-17	4.828298E-18
2.337004E+03	1.872757E-17	5.151458E-18
2.376614E+03	1.999509E-17	5.474025E-18
2.416224E+03	2.124065E-17	5.786637E-18
2.455835E+03	2.245111E-17	6.085694E-18
2.495445E+03	2.362153E-17	6.369873E-18
2.535055E+03	2.475439E-17	6.639886E-18
2.574665E+03	2.585167E-17	6.896299E-18
2.614276E+03	2.691675E-17	7.140039E-18
2.653886E+03	2.795063E-17	7.371394E-18
2.693496E+03	2.895347E-17	7.590426E-18
2.733106E+03	2.992450E-17	7.796967E-18
2.772716E+03	3.086116E-17	7.990386E-18
2.812327E+03	3.176012E-17	8.169881E-18
2.851937E+03	3.261919E-17	8.334969E-18
2.891547E+03	3.343382E-17	8.484595E-18
2.931157E+03	3.420329E-17	8.618705E-18
2.970768E+03	3.492378E-17	8.736485E-18
2.980670E+03	3.509696E-17	8.763574E-18
2.990573E+03	3.526638E-17	8.789484E-18
3.000475E+03	3.543194E-17	8.814190E-18
3.010378E+03	3.559510E-17	8.838059E-18
3.020280E+03	3.575495E-17	8.860868E-18
3.030183E+03	3.591135E-17	8.882587E-18
3.040086E+03	3.606537E-17	8.903483E-18
3.049988E+03	3.621759E-17	8.923699E-18
3.059891E+03	3.636932E-17	8.943562E-18
3.069793E+03	3.652151E-17	8.963300E-18
3.079696E+03	3.667202E-17	8.982392E-18
3.089598E+03	3.682110E-17	9.000898E-18
3.099501E+03	3.696751E-17	9.018514E-18
3.109403E+03	3.711298E-17	9.035667E-18
3.119306E+03	3.725485E-17	9.051712E-18
3.129209E+03	3.739349E-17	9.066738E-18
3.139111E+03	3.752920E-17	9.080827E-18
3.149014E+03	3.766164E-17	9.093894E-18
3.158916E+03	3.778905E-17	9.105523E-18
3.168819E+03	3.791324E-17	9.116155E-18
3.178721E+03	3.803252E-17	9.125390E-18
3.188624E+03	3.814731E-17	9.133332E-18
3.198526E+03	3.825670E-17	9.139769E-18
3.208429E+03	3.836113E-17	9.144817E-18
3.218332E+03	3.846039E-17	9.148432E-18
3.228234E+03	3.855429E-17	9.150573E-18
3.238137E+03	3.864200E-17	9.151053E-18
3.248039E+03	3.872400E-17	9.149997E-18
3.257942E+03	3.880016E-17	9.147379E-18
3.267844E+03	3.886971E-17	9.143028E-18
3.277747E+03	3.893316E-17	9.137074E-18
3.287650E+03	3.898980E-17	9.129360E-18
3.297552E+03	3.904015E-17	9.120018E-18
3.307455E+03	3.908353E-17	9.108897E-18
3.317357E+03	3.911986E-17	9.095995E-18
3.327260E+03	3.914913E-17	9.081314E-18
3.337162E+03	3.917127E-17	9.064854E-18
3.347065E+03	3.918628E-17	9.046624E-18
3.356967E+03	3.919355E-17	9.026499E-18
3.366870E+03	3.919366E-17	9.004621E-18
3.376773E+03	3.918550E-17	8.980749E-18
3.386675E+03	3.917021E-17	8.955157E-18
3.396578E+03	3.914671E-17	8.927612E-18
3.406480E+03	3.911507E-17	8.898144E-18
3.416383E+03	3.907534E-17	8.866779E-18
3.426285E+03	3.902707E-17	8.833429E-18
3.436188E+03	3.897087E-17	8.798247E-18
3.446090E+03	3.890633E-17	8.761152E-18
3.455993E+03	3.883303E-17	8.722069E-18
3.465896E+03	3.875110E-17	8.681041E-18
3.475798E+03	3.866019E-17	8.638006E-18
3.485701E+03	3.856094E-17	8.593123E-18
3.495603E+03	3.845205E-17	8.546119E-18
3.505506E+03	3.833420E-17	8.497163E-18
3.515408E+03	3.820711E-17	8.446209E-18
3.525311E+03	3.807099E-17	8.393320E-18
3.535213E+03	3.792514E-17	8.338364E-18
3.545116E+03	3.776937E-17	8.281313E-18
3.555019E+03	3.760438E-17	8.222341E-18
3.564921E+03	3.742913E-17	8.161242E-18
3.574824E+03	3.724434E-17	8.098191E-18
3.584726E+03	3.704990E-17	8.033182E-18
3.594629E+03	3.684528E-17	7.966121E-18
3.604531E+03	3.663042E-17	7.897015E-18
3.614434E+03	3.640567E-17	7.825961E-18
3.624337E+03	3.617061E-17	7.752888E-18
3.634239E+03	3.592601E-17	7.677986E-18
3.644142E+03	3.567110E-17	7.601105E-18
3.654044E+03	3.540632E-17	7.522360E-18
3.663947E+03	3.513168E-17	7.441780E-18
3.673849E+03	3.484763E-17	7.359477E-18
3.683752E+03	3.455388E-17	7.275411E-18
3.693654E+03	3.425087E-17	7.189695E-18
3.703557E+03	3.393873E-17	7.102377E-18
3.713460E+03	3.361790E-17	7.013566E-18
3.723362E+03	3.328850E-17	6.923311E-18
3.733265E+03	3.295099E-17	6.831725E-18
3.743167E+03	3.260550E-17	6.738853E-18
3.753070E+03	3.225219E-17	6.644746E-18
3.762972E+03	3.189214E-17	6.549645E-18
3.772875E+03	3.152487E-17	6.453467E-18
3.782777E+03	3.115116E-17	6.356388E-18
3.792680E+03	3.077174E-17	6.258572E-18
3.802583E+03	3.038645E-17	6.160003E-18
3.812485E+03	2.999574E-17	6.060784E-18
3.822388E+03	2.960032E-17	5.961075E-18
3.832290E+03	2.920061E-17	5.860969E-18
3.842193E+03	2.879700E-17	5.760559E-18
3.852095E+03	2.838963E-17	5.659882E-18
3.861998E+03	2.797914E-17	5.559076E-18
3.871900E+03	2.756591E-17	5.458228E-18
3.881803E+03	2.715032E-17	5.357418E-18
3.891706E+03	2.673270E-17	5.256721E-18
3.901608E+03	2.631342E-17	5.156215E-18
3.911511E+03	2.589302E-17	5.056017E-18
3.921413E+03	2.547185E-17	4.956193E-18
3.931316E+03	2.504996E-17	4.856764E-18
3.941218E+03	2.462811E-17	4.757879E-18
3.951121E+03	2.420637E-17	4.659552E-18
3.961024E+03	2.378521E-17	4.561878E-18
3.970926E+03	2.336491E-17	4.464911E-18
3.980829E+03	2.294548E-17	4.368659E-18
3.990731E+03	2.252761E-17	4.273247E-18
4.000634E+03	2.211130E-17	4.178679E-18
4.010536E+03	2.169697E-17	4.085031E-18
4.020439E+03	2.128482E-17	3.992342E-18
4.030341E+03	2.087505E-17	3.900646E-18
4.040244E+03	2.046785E-17	3.809974E-18
4.050147E+03	2.006357E-17	3.720391E-18
4.060049E+03	1.966221E-17	3.631892E-18
4.069952E+03	1.926392E-17	3.544501E-18
4.079854E+03	1.886919E-17	3.458305E-18
4.089757E+03	1.847784E-17	3.373264E-18
4.099659E+03	1.809016E-17	3.289426E-18
4.109562E+03	1.770628E-17	3.206810E-18
4.119464E+03	1.732631E-17	3.125431E-18
4.129367E+03	1.695038E-17	3.045302E-18
4.139270E+03	1.657858E-17	2.966437E-18
4.149172E+03	1.621104E-17	2.888847E-18
4.159075E+03	1.584784E-17	2.812541E-18
4.168977E+03	1.548908E-17	2.737529E-18
4.178880E+03	1.513484E-17	2.663820E-18
4.188782E+03	1.478509E-17	2.591394E-18
4.198685E+03	1.443990E-17	2.520258E-18
4.208587E+03	1.409946E-17	2.450440E-18
4.218490E+03	1.376385E-17	2.381939E-18
4.228393E+03	1.343287E-17	2.314717E-18
4.238295E+03	1.310672E-17	2.248795E-18
4.248198E+03	1.278545E-17	2.184174E-18
4.258100E+03	1.246908E-17	2.120850E-18
4.268003E+03	1.215768E-17	2.058821E-18
4.277905E+03	1.185116E-17	1.998066E-18
4.287808E+03	1.154977E-17	1.938616E-18
4.297711E+03	1.125332E-17	1.880428E-18
4.307613E+03	1.096202E-17	1.823530E-18
4.317516E+03	1.067590E-17	1.767913E-18
4.327418E+03	1.039503E-17	1.713581E-18
4.337321E+03	1.011941E-17	1.660522E-18
4.347223E+03	9.849112E-18	1.608736E-18
4.357126E+03	9.584128E-18	1.558210E-18
4.367028E+03	9.324608E-18	1.508957E-18
4.376931E+03	9.070530E-18	1.460962E-18
4.386834E+03	8.821872E-18	1.414209E-18
4.396736E+03	8.578745E-18	1.368705E-18
4.406639E+03	8.341102E-18	1.324428E-18
4.416541E+03	8.108967E-18	1.281373E-18
4.426444E+03	7.882425E-18	1.239540E-18
4.436346E+03	7.661319E-18	1.198892E-18
4.446249E+03	7.445726E-18	1.159429E-18
4.456151E+03	7.235619E-18	1.121136E-18
4.466054E+03	7.030913E-18	1.083987E-18
4.475957E+03	6.831576E-18	1.047966E-18
4.485859E+03	6.637572E-18	1.013056E-18
4.495762E+03	6.448857E-18	9.792378E-19
4.505664E+03	6.265383E-18	9.464935E-19
4.515567E+03	6.087035E-18	9.147940E-19
4.525469E+03	5.913708E-18	8.841125E-19
4.535372E+03	5.745443E-18	8.544443E-19
4.545274E+03	5.582076E-18	8.257538E-19
4.555177E+03	5.423484E-18	7.980123E-19
4.565080E+03	5.269653E-18	7.712074E-19
4.574982E+03	5.120510E-18	7.453178E-19
4.584885E+03	4.975836E-18	7.203016E-19
4.594787E+03	4.835704E-18	6.961594E-19
4.604690E+03	4.699849E-18	6.728433E-19
4.614592E+03	4.568292E-18	6.503468E-19
4.624495E+03	4.440911E-18	6.286429E-19
4.634398E+03	4.317586E-18	6.077058E-19
4.644300E+03	4.198201E-18	5.875100E-19
4.654203E+03	4.082642E-18	5.680309E-19
4.664105E+03	3.970877E-18	5.492554E-19
4.674008E+03	3.862752E-18	5.311540E-19
4.683910E+03	3.758161E-18	5.137040E-19
4.693813E+03	3.657042E-18	4.968889E-19
4.703715E+03	3.559225E-18	4.806780E-19
4.713618E+03	3.464721E-18	4.650655E-19
4.723521E+03	3.373333E-18	4.500172E-19
4.733423E+03	3.285037E-18	4.355232E-19
4.743326E+03	3.199744E-18	4.215646E-19
4.753228E+03	3.117301E-18	4.081145E-19
4.763131E+03	3.037658E-18	3.951599E-19
4.773033E+03	2.960761E-18	3.826875E-19
4.782936E+03	2.886470E-18	3.706728E-19
4.792838E+03	2.814737E-18	3.591038E-19
4.802741E+03	2.745486E-18	3.479651E-19
4.812644E+03	2.678614E-18	3.372379E-19
4.822546E+03	2.614053E-18	3.269081E-19
4.832449E+03	2.551759E-18	3.169650E-19
4.842351E+03	2.491638E-18	3.073916E-19
4.852254E+03	2.433652E-18	2.981782E-19
4.862156E+03	2.377685E-18	2.893059E-19
4.872059E+03	2.323703E-18	2.807657E-19
4.881961E+03	2.271648E-18	2.725459E-19
4.891864E+03	2.221437E-18	2.646323E-19
4.901767E+03	2.173040E-18	2.570170E-19
4.911669E+03	2.126381E-18	2.496867E-19
4.921572E+03	2.081430E-18	2.426338E-19
4.931474E+03	2.038116E-18	2.358461E-19
4.941377E+03	1.996392E-18	2.293144E-19
4.951279E+03	1.956191E-18	2.230272E-19
4.961182E+03	1.917509E-18	2.169806E-19
4.971085E+03	1.880264E-18	2.111616E-19
4.980987E+03	1.844415E-18	2.055624E-19
4.990890E+03	1.809942E-18	2.001775E-19
5.000792E+03	1.776789E-18	1.949973E-19
5.010695E+03	1.744919E-18	1.900148E-19
5.020597E+03	1.714296E-18	1.852233E-19
5.030500E+03	1.684889E-18	1.806161E-19
5.040402E+03	1.656648E-18	1.761853E-19
5.050305E+03	1.629543E-18	1.719250E-19
5.060208E+03	1.603562E-18	1.678312E-19
5.070110E+03	1.578642E-18	1.638949E-19
5.080013E+03	1.554793E-18	1.601144E-19
5.089915E+03	1.531939E-18	1.564798E-19
5.099818E+03	1.510089E-18	1.529895E-19
5.109720E+03	1.489205E-18	1.496375E-19
5.119623E+03	1.469266E-18	1.464195E-19
5.129525E+03	1.450252E-18	1.433313E-19
5.139428E+03	1.432128E-18	1.403675E-19
5.149331E+03	1.414877E-18	1.375246E-19
5.159233E+03	1.398470E-18	1.347976E-19
5.169136E+03	1.382917E-18	1.321860E-19
5.179038E+03	1.368162E-18	1.296824E-19
5.188941E+03	1.354207E-18	1.272855E-19
5.198843E+03	1.341040E-18	1.249924E-19
5.208746E+03	1.328647E-18	1.228003E-19
5.218648E+03	1.316994E-18	1.207044E-19
5.228551E+03	1.306083E-18	1.187036E-19
5.238454E+03	1.295894E-18	1.167946E-19
5.248356E+03	1.286418E-18	1.149754E-19
5.258259E+03	1.277638E-18	1.132430E-19
5.268161E+03	1.269560E-18	1.115969E-19
5.278064E+03	1.262154E-18	1.100332E-19
5.287966E+03	1.255418E-18	1.085505E-19
5.297869E+03	1.249335E-18	1.071466E-19
5.307772E+03	1.243918E-18	1.058214E-19
5.317674E+03	1.239127E-18	1.045707E-19
5.327577E+03	1.234976E-18	1.033948E-19
5.337479E+03	1.231454E-18	1.022918E-19
5.347382E+03	1.228549E-18	1.012603E-19
5.357284E+03	1.226228E-18	1.002966E-19
5.367187E+03	1.224483E-18	9.939969E-20
5.377089E+03	1.223306E-18	9.856831E-20
5.386992E+03	1.222641E-18	9.779754E-20
5.396895E+03	1.222482E-18	9.708663E-20
5.406797E+03	1.222785E-18	9.643194E-20
5.416700E+03	1.223534E-18	9.583197E-20
5.426602E+03	1.224771E-18	9.528999E-20
5.436505E+03	1.226492E-18	9.480552E-20
5.446407E+03	1.228736E-18	9.438163E-20
5.456310E+03	1.231512E-18	9.401893E-20
5.466212E+03	1.234864E-18	9.372071E-20
5.476115E+03	1.238774E-18	9.348565E-20
5.486018E+03	1.243260E-18	9.331491E-20
5.495920E+03	1.248313E-18	9.320722E-20
5.505823E+03	1.253966E-18	9.316415E-20
5.515725E+03	1.260199E-18	9.318352E-20
5.525628E+03	1.267018E-18	9.326505E-20
5.535530E+03	1.274419E-18	9.340775E-20
5.545433E+03	1.282423E-18	9.361248E-20
5.555335E+03	1.291012E-18	9.387741E-20
5.565238E+03	1.300196E-18	9.420267E-20
5.575141E+03	1.309986E-18	9.458843E-20
5.585043E+03	1.320378E-18	9.503403E-20
5.594946E+03	1.331385E-18	9.553983E-20
5.604848E+03	1.342991E-18	9.610425E-20
5.614751E+03	1.355207E-18	9.672780E-20
5.624653E+03	1.368048E-18	9.741102E-20
5.634556E+03	1.381513E-18	9.815355E-20
5.644459E+03	1.395602E-18	9.895510E-20
5.654361E+03	1.410313E-18	9.981528E-20
5.664264E+03	1.425678E-18	1.007360E-19
5.674166E+03	1.441667E-18	1.017151E-19
5.684069E+03	1.458311E-18	1.027544E-19
5.693971E+03	1.475611E-18	1.038539E-19
5.703874E+03	1.493552E-18	1.050125E-19
5.713776E+03	1.512151E-18	1.062312E-19
5.723679E+03	1.531426E-18	1.075113E-19
5.733582E+03	1.551361E-18	1.088515E-19
5.743484E+03	1.571957E-18	1.102521E-19
5.753387E+03	1.593248E-18	1.117154E-19
5.763289E+03	1.615202E-18	1.132392E-19
5.773192E+03	1.637837E-18	1.148249E-19
5.783094E+03	1.661152E-18	1.164728E-19
5.792997E+03	1.685147E-18	1.181828E-19
5.802899E+03	1.709840E-18	1.199566E-19
5.812802E+03	1.735194E-18	1.217917E-19
5.822705E+03	1.761243E-18	1.236910E-19
5.832607E+03	1.787969E-18	1.256533E-19
5.842510E+03	1.815365E-18	1.276788E-19
5.852412E+03	1.843429E-18	1.297676E-19
5.862315E+03	1.872157E-18	1.319199E-19
5.872217E+03	1.901563E-18	1.341374E-19
5.882120E+03	1.931599E-18	1.364171E-19
5.892022E+03	1.962256E-18	1.387590E-19
5.901925E+03	1.993545E-18	1.411647E-19
5.911828E+03	2.025457E-18	1.436340E-19
5.921730E+03	2.057935E-18	1.461638E-19
5.931633E+03	2.091008E-18	1.487569E-19
5.941535E+03	2.124592E-18	1.514082E-19
5.951438E+03	2.158739E-18	1.541223E-19
5.961340E+03	2.193356E-18	1.568935E-19
5.971243E+03	2.228420E-18	1.597212E-19
5.981146E+03	2.263931E-18	1.626063E-19
5.991048E+03	2.299838E-18	1.655463E-19
6.000951E+03	2.336109E-18	1.685401E-19
6.010853E+03	2.372658E-18	1.715827E-19
6.020756E+03	2.409505E-18	1.746765E-19
6.030658E+03	2.446526E-18	1.778140E-19
6.040561E+03	2.483739E-18	1.809977E-19
6.050463E+03	2.521070E-18	1.842234E-19
6.060366E+03	2.558443E-18	1.874870E-19
6.070269E+03	2.595806E-18	1.907861E-19
6.080171E+03	2.633141E-18	1.941205E-19
6.090074E+03	2.670360E-18	1.974853E-19
6.099976E+03	2.707405E-18	2.008776E-19
6.109879E+03	2.744286E-18	2.042994E-19
6.119781E+03	2.780875E-18	2.077427E-19
6.129684E+03	2.817141E-18	2.112065E-19
6.139586E+03	2.853067E-18	2.146909E-19
6.149489E+03	2.888652E-18	2.181974E-19
6.159392E+03	2.923824E-18	2.217217E-19
6.169294E+03	2.958544E-18	2.252625E-19
6.179197E+03	2.992816E-18	2.288213E-19
6.189099E+03	3.026559E-18	2.323933E-19
6.199002E+03	3.059777E-18	2.359803E-19
6.208904E+03	3.092432E-18	2.395804E-19
6.218807E+03	3.124530E-18	2.431954E-19
6.228709E+03	3.156040E-18	2.468243E-19
6.238612E+03	3.186931E-18	2.504659E-19
6.248515E+03	3.217224E-18	2.541223E-19
6.258417E+03	3.246946E-18	2.577952E-19
6.268320E+03	3.276036E-18	2.614788E-19
6.278222E+03	3.304524E-18	2.651742E-19
6.288125E+03	3.332441E-18	2.688829E-19
6.298027E+03	3.359728E-18	2.725990E-19
6.307930E+03	3.386468E-18	2.763278E-19
6.317833E+03	3.412649E-18	2.800671E-19
6.327735E+03	3.438266E-18	2.838151E-19
6.337638E+03	3.463307E-18	2.875695E-19
6.347540E+03	3.487867E-18	2.913366E-19
6.357443E+03	3.511891E-18	2.951103E-19
6.367345E+03	3.535479E-18	2.988976E-19
6.377248E+03	3.558629E-18	3.026969E-19
6.387150E+03	3.581340E-18	3.065066E-19
6.397053E+03	3.603669E-18	3.103302E-19
6.406956E+03	3.625616E-18	3.141661E-19
6.416858E+03	3.647242E-18	3.180183E-19
6.426761E+03	3.668438E-18	3.218758E-19
6.436663E+03	3.689321E-18	3.257473E-19
6.446566E+03	3.709896E-18	3.296320E-19
6.456468E+03	3.730113E-18	3.335239E-19
6.466371E+03	3.750035E-18	3.374271E-19
6.476273E+03	3.769669E-18	3.413410E-19
6.486176E+03	3.789024E-18	3.452650E-19
6.496079E+03	3.808106E-18	3.491982E-19
6.505981E+03	3.826988E-18	3.531458E-19
6.515884E+03	3.845615E-18	3.571018E-19
6.525786E+03	3.863999E-18	3.610658E-19
6.535689E+03	3.882210E-18	3.650431E-19
6.545591E+03	3.900263E-18	3.690338E-19
6.555494E+03	3.918103E-18	3.730316E-19
6.565396E+03	3.935806E-18	3.770425E-19
6.575299E+03	3.953319E-18	3.810604E-19
6.585202E+03	3.970785E-18	3.850979E-19
6.595104E+03	3.988085E-18	3.891424E-19
6.605007E+03	4.005231E-18	3.931939E-19
6.614909E+03	4.022301E-18	3.972592E-19
6.624812E+03	4.039311E-18	4.013387E-19
6.634714E+03	4.056204E-18	4.054259E-19
6.644617E+03	4.072992E-18	4.095210E-19
6.654520E+03	4.089759E-18	4.136315E-19
6.664422E+03	4.106447E-18	4.177507E-19
6.674325E+03	4.123143E-18	4.218866E-19
6.684227E+03	4.139712E-18	4.260246E-19
6.694130E+03	4.156318E-18	4.301804E-19
6.704032E+03	4.172823E-18	4.343393E-19
6.713935E+03	4.189391E-18	4.385175E-19
6.723837E+03	4.205885E-18	4.426999E-19
6.733740E+03	4.222396E-18	4.468952E-19
6.743643E+03	4.238934E-18	4.511041E-19
6.753545E+03	4.255440E-18	4.553194E-19
6.763448E+03	4.272002E-18	4.595499E-19
6.773350E+03	4.288557E-18	4.637881E-19
6.783253E+03	4.305197E-18	4.680436E-19
6.793155E+03	4.321776E-18	4.722998E-19
6.803058E+03	4.338467E-18	4.765750E-19
6.812960E+03	4.355206E-18	4.808616E-19
6.822863E+03	4.372005E-18	4.851605E-19
6.832766E+03	4.388794E-18	4.894634E-19
6.842668E+03	4.405754E-18	4.937899E-19
6.852571E+03	4.422648E-18	4.981130E-19
6.862473E+03	4.439741E-18	5.024622E-19
6.872376E+03	4.456877E-18	5.068193E-19
6.882278E+03	4.474071E-18	5.111856E-19
6.892181E+03	4.491421E-18	5.155720E-19
6.902083E+03	4.508856E-18	5.199698E-19
6.911986E+03	4.526387E-18	5.243802E-19
6.921889E+03	4.544030E-18	5.288045E-19
6.931791E+03	4.561798E-18	5.332438E-19
6.941694E+03	4.579705E-18	5.376996E-19
6.951596E+03	4.597672E-18	5.421624E-19
6.961499E+03	4.615897E-18	5.466550E-19
6.971401E+03	4.634120E-18	5.511465E-19
6.981304E+03	4.652627E-18	5.556708E-19
6.991207E+03	4.671159E-18	5.601964E-19
7.001109E+03	4.689912E-18	5.647469E-19
7.011012E+03	4.708807E-18	5.693124E-19
7.020914E+03	4.727859E-18	5.738945E-19
7.030817E+03	4.747175E-18	5.785062E-19
7.040719E+03	4.766580E-18	5.831260E-19
7.050622E+03	4.786183E-18	5.877669E-19
7.060524E+03	4.805901E-18	5.924186E-19
7.070427E+03	4.825843E-18	5.970944E-19
7.080330E+03	4.846026E-18	6.017964E-19
7.090232E+03	4.866365E-18	6.065138E-19
7.100135E+03	4.886971E-18	6.112605E-19
7.110037E+03	4.907662E-18	6.160135E-19
7.119940E+03	4.928650E-18	6.207993E-19
7.129842E+03	4.949849E-18	6.256073E-19
7.139745E+03	4.971171E-18	6.304261E-19
7.149647E+03	4.992733E-18	6.352703E-19
7.159550E+03	5.014548E-18	6.401418E-19
7.169453E+03	5.036527E-18	6.450291E-19
7.179355E+03	5.058685E-18	6.499340E-19
7.189258E+03	5.081032E-18	6.548579E-19
7.199160E+03	5.103586E-18	6.598028E-19
7.209063E+03	5.126357E-18	6.647702E-19
7.218965E+03	5.149148E-18	6.697344E-19
7.228868E+03	5.172184E-18	6.747245E-19
7.238770E+03	5.195371E-18	6.797283E-19
7.248673E+03	5.218614E-18	6.847332E-19
7.258576E+03	5.242032E-18	6.897548E-19
7.268478E+03	5.265419E-18	6.947660E-19
7.278381E+03	5.288784E-18	6.997676E-19
7.288283E+03	5.312139E-18	7.047609E-19
7.298186E+03	5.335378E-18	7.097319E-19
7.308088E+03	5.358625E-18	7.146966E-19
7.317991E+03	5.381548E-18	7.196105E-19
7.327894E+03	5.404379E-18	7.245045E-19
7.337796E+03	5.426897E-18	7.293485E-19
7.347699E+03	5.449222E-18	7.341582E-19
7.357601E+03	5.471243E-18	7.389184E-19
7.367504E+03	5.492964E-18	7.436294E-19
7.377406E+03	5.514508E-18	7.483074E-19
7.387309E+03	5.535761E-18	7.529368E-19
7.397211E+03	5.557086E-18	7.575667E-19
7.407114E+03	5.578254E-18	7.621659E-19
7.417017E+03	5.599513E-18	7.667682E-19
7.426919E+03	5.620752E-18	7.713586E-19
7.436822E+03	5.642349E-18	7.759889E-19
7.446724E+03	5.664193E-18	7.806443E-19
7.456627E+03	5.686292E-18	7.853262E-19
7.466529E+03	5.708781E-18	7.900534E-19
7.476432E+03	5.731668E-18	7.948276E-19
7.486334E+03	5.755221E-18	7.996862E-19
7.496237E+03	5.779199E-18	8.045965E-19
7.506140E+03	5.803743E-18	8.095784E-19
7.516042E+03	5.828994E-18	8.146520E-19
7.525945E+03	5.854833E-18	8.198006E-19
7.535847E+03	5.881396E-18	8.250432E-19
7.545750E+03	5.908554E-18	8.303619E-19
7.555652E+03	5.936579E-18	8.357948E-19
7.565555E+03	5.965207E-18	8.413051E-19
7.575457E+03	5.994716E-18	8.469318E-19
7.585360E+03	6.024840E-18	8.526374E-19
7.595263E+03	6.055857E-18	8.584614E-19
7.605165E+03	6.087501E-18	8.643660E-19
7.615068E+03	6.120053E-18	8.703913E-19
7.624970E+03	6.153383E-18	8.765188E-19
7.634873E+03	6.187499E-18	8.827495E-19
7.644775E+03	6.222406E-18	8.890845E-19
7.654678E+03	6.258113E-18	8.955247E-19
7.664581E+03	6.294626E-18	9.020712E-19
7.674483E+03	6.331807E-18	9.087042E-19
7.684386E+03	6.369957E-18	9.154668E-19
7.694288E+03	6.408787E-18	9.223174E-19
7.704191E+03	6.448303E-18	9.292570E-19
7.714093E+03	6.488660E-18	9.363077E-19
7.723996E+03	6.529713E-18	9.434486E-19
7.733898E+03	6.571468E-18	9.506804E-19
7.743801E+03	6.613773E-18	9.579810E-19
7.753704E+03	6.656785E-18	9.653731E-19
7.763606E+03	6.700352E-18	9.728344E-19
7.773509E+03	6.744312E-18	9.803413E-19
7.783411E+03	6.788824E-18	9.879165E-19
7.793314E+03	6.833562E-18	9.955126E-19
7.803216E+03	6.878683E-18	1.003152E-18
7.813119E+03	6.924015E-18	1.010809E-18
7.823021E+03	6.969382E-18	1.018459E-18
7.832924E+03	7.014770E-18	1.026098E-18
7.842827E+03	7.059825E-18	1.033674E-18
7.852729E+03	7.104520E-18	1.041184E-18
7.862632E+03	7.149006E-18	1.048648E-18
7.872534E+03	7.192736E-18	1.055986E-18
7.882437E+03	7.236029E-18	1.063245E-18
7.892339E+03	7.278498E-18	1.070366E-18
7.902242E+03	7.320468E-18	1.077399E-18
7.912144E+03	7.361909E-18	1.084337E-18
7.922047E+03	7.402792E-18	1.091176E-18
7.931950E+03	7.443274E-18	1.097939E-18
7.941852E+03	7.483700E-18	1.104678E-18
7.951755E+03	7.523866E-18	1.111361E-18
7.961657E+03	7.563943E-18	1.118013E-18
7.971560E+03	7.604104E-18	1.124662E-18
7.981462E+03	7.644534E-18	1.131333E-18
7.991365E+03	7.685223E-18	1.138026E-18
8.001268E+03	7.726167E-18	1.144740E-18
8.011170E+03	7.767559E-18	1.151504E-18
8.021073E+03	7.809193E-18	1.158289E-18
8.030975E+03	7.851472E-18	1.165153E-18
8.040878E+03	7.894398E-18	1.172098E-18
8.050780E+03	7.937769E-18	1.179094E-18
8.060683E+03	7.981793E-18	1.186172E-18
8.070585E+03	8.026474E-18	1.193334E-18
8.080488E+03	8.071816E-18	1.200580E-18
8.090391E+03	8.117825E-18	1.207912E-18
8.100293E+03	8.164504E-18	1.215332E-18
8.110196E+03	8.211858E-18	1.222840E-18
8.120098E+03	8.260116E-18	1.230471E-18
8.130001E+03	8.308837E-18	1.238160E-18
8.139903E+03	8.358475E-18	1.245975E-18
8.149806E+03	8.408811E-18	1.253885E-18
8.159708E+03	8.460082E-18	1.261926E-18
8.169611E+03	8.511833E-18	1.270031E-18
8.179514E+03	8.564302E-18	1.278236E-18
8.189416E+03	8.617721E-18	1.286576E-18
8.199319E+03	8.671641E-18	1.294986E-18
8.209221E+03	8.726525E-18	1.303536E-18
8.219124E+03	8.781907E-18	1.312156E-18
8.229026E+03	8.838026E-18	1.320885E-18
8.238929E+03	8.894893E-18	1.329725E-18
8.248831E+03	8.952262E-18	1.338639E-18
8.258734E+03	9.010384E-18	1.347668E-18
8.268637E+03	9.069001E-18	1.356773E-18
8.278539E+03	9.128382E-18	1.365997E-18
8.288442E+03	9.188521E-18	1.375340E-18
8.298344E+03	9.248908E-18	1.384726E-18
8.308247E+03	9.310056E-18	1.394235E-18
8.318149E+03	9.371705E-18	1.403829E-18
8.328052E+03	9.433855E-18	1.413510E-18
8.337955E+03	9.496499E-18	1.423278E-18
8.347857E+03	9.559627E-18	1.433134E-18
8.357760E+03	9.623259E-18	1.443082E-18
8.367662E+03	9.687086E-18	1.453078E-18
8.377565E+03	9.751397E-18	1.463168E-18
8.387467E+03	9.815892E-18	1.473309E-18
8.397370E+03	9.880853E-18	1.483544E-18
8.407272E+03	9.946280E-18	1.493877E-18
8.417175E+03	1.001158E-17	1.504219E-18
8.427078E+03	1.007732E-17	1.514660E-18
8.436980E+03	1.014288E-17	1.525109E-18
8.446883E+03	1.020888E-17	1.535659E-18
8.456785E+03	1.027469E-17	1.546219E-18
8.466688E+03	1.034058E-17	1.556835E-18
8.476590E+03	1.040655E-17	1.567506E-18
8.486493E+03	1.047228E-17	1.578187E-18
8.496395E+03	1.053804E-17	1.588924E-18
8.506298E+03	1.060319E-17	1.599621E-18
8.516201E+03	1.066836E-17	1.610375E-18
8.526103E+03	1.073318E-17	1.621135E-18
8.536006E+03	1.079762E-17	1.631901E-18
8.545908E+03	1.086135E-17	1.642622E-18
8.555811E+03	1.092500E-17	1.653398E-18
8.565713E+03	1.098751E-17	1.664074E-18
8.575616E+03	1.104956E-17	1.674752E-18
8.585518E+03	1.111075E-17	1.685376E-18
8.595421E+03	1.117070E-17	1.695893E-18
8.605324E+03	1.123007E-17	1.706405E-18
8.615226E+03	1.128813E-17	1.716802E-18
8.625129E+03	1.134517E-17	1.727134E-18
8.635031E+03	1.140081E-17	1.737345E-18
8.644934E+03	1.145499E-17	1.747429E-18
8.654836E+03	1.150767E-17	1.757381E-18
8.664739E+03	1.155880E-17	1.767199E-18
8.674642E+03	1.160794E-17	1.776817E-18
8.684544E+03	1.165543E-17	1.786289E-18
8.694447E+03	1.170083E-17	1.795549E-18
8.704349E+03	1.174446E-17	1.804652E-18
8.714252E+03	1.178550E-17	1.813471E-18
8.724154E+03	1.182426E-17	1.822057E-18
8.734057E+03	1.186070E-17	1.830403E-18
8.743959E+03	1.189474E-17	1.838503E-18
8.753862E+03	1.192592E-17	1.846283E-18
8.763765E+03	1.195497E-17	1.853860E-18
8.773667E+03	1.198144E-17	1.861165E-18
8.783570E+03	1.200528E-17	1.868190E-18
8.793472E+03	1.202641E-17	1.874923E-18
8.803375E+03	1.204519E-17	1.881423E-18
8.813277E+03	1.206116E-17	1.887616E-18
8.823180E+03	1.207510E-17	1.893626E-18
8.833082E+03	1.208612E-17	1.899306E-18
8.842985E+03	1.209546E-17	1.904851E-18
8.852888E+03	1.210222E-17	1.910113E-18
8.862790E+03	1.210682E-17	1.915154E-18
8.872693E+03	1.210920E-17	1.919962E-18
8.882595E+03	1.210978E-17	1.924600E-18
8.892498E+03	1.210855E-17	1.929059E-18
8.902400E+03	1.210550E-17	1.933335E-18
8.912303E+03	1.210011E-17	1.937342E-18
8.951913E+03	1.206380E-17	1.951965E-18
8.991523E+03	1.200311E-17	1.964013E-18
9.031134E+03	1.192291E-17	1.974004E-18
9.070744E+03	1.182566E-17	1.982086E-18
9.110354E+03	1.171510E-17	1.988630E-18
9.149964E+03	1.159133E-17	1.993421E-18
9.189575E+03	1.145851E-17	1.996950E-18
9.229185E+03	1.131754E-17	1.999173E-18
9.268795E+03	1.116989E-17	2.000169E-18
9.308405E+03	1.101715E-17	2.000061E-18
9.348016E+03	1.086103E-17	1.999012E-18
9.387626E+03	1.070204E-17	1.996997E-18
9.427236E+03	1.054134E-17	1.994119E-18
9.466846E+03	1.038072E-17	1.990632E-18
9.506456E+03	1.021943E-17	1.986317E-18
9.546067E+03	1.005858E-17	1.981326E-18
9.585677E+03	9.899290E-18	1.975830E-18
9.625287E+03	9.741280E-18	1.969739E-18
9.664897E+03	9.585601E-18	1.963237E-18
9.704508E+03	9.431859E-18	1.956228E-18
9.744118E+03	9.281016E-18	1.948898E-18
9.783728E+03	9.133287E-18	1.941294E-18
9.823338E+03	8.988828E-18	1.933454E-18
9.862949E+03	8.846988E-18	1.925245E-18
9.902559E+03	8.707787E-18	1.916683E-18
9.942169E+03	8.572731E-18	1.908113E-18
9.981779E+03	8.441002E-18	1.899378E-18
1.002139E+04	8.312483E-18	1.890472E-18
1.006100E+04	8.187005E-18	1.881381E-18
1.010061E+04	8.065149E-18	1.872261E-18
1.014022E+04	7.946667E-18	1.863085E-18
1.017983E+04	7.831264E-18	1.853809E-18
1.021944E+04	7.719418E-18	1.844576E-18
