#wls	flux	fluxerr
1.584409E+03	4.828357E-18	1.832545E-18
1.624020E+03	5.019300E-18	1.901783E-18
1.663630E+03	5.208903E-18	1.970160E-18
1.703240E+03	5.395807E-18	2.037149E-18
1.742850E+03	5.578824E-18	2.102292E-18
1.782461E+03	5.755012E-18	2.164478E-18
1.822071E+03	5.917541E-18	2.221141E-18
1.861681E+03	6.060446E-18	2.270064E-18
1.901291E+03	6.175136E-18	2.308068E-18
1.940902E+03	6.253303E-18	2.332111E-18
1.980512E+03	6.290009E-18	2.340435E-18
2.020122E+03	6.290932E-18	2.335250E-18
2.059732E+03	6.278612E-18	2.324991E-18
2.099342E+03	6.295341E-18	2.325314E-18
2.138953E+03	6.394589E-18	2.355831E-18
2.178563E+03	6.615371E-18	2.430627E-18
2.218173E+03	6.964984E-18	2.551993E-18
2.257783E+03	7.419442E-18	2.710736E-18
2.297394E+03	7.939715E-18	2.892264E-18
2.337004E+03	8.489289E-18	3.083051E-18
2.376614E+03	9.042194E-18	3.273542E-18
2.416224E+03	9.583380E-18	3.458236E-18
2.455835E+03	1.010720E-17	3.635085E-18
2.495445E+03	1.061173E-17	3.803407E-18
2.535055E+03	1.109844E-17	3.963738E-18
2.574665E+03	1.156852E-17	4.116516E-18
2.614276E+03	1.202379E-17	4.262396E-18
2.653886E+03	1.246499E-17	4.401642E-18
2.693496E+03	1.289252E-17	4.534396E-18
2.733106E+03	1.330630E-17	4.660641E-18
2.772716E+03	1.370550E-17	4.780090E-18
2.812327E+03	1.408893E-17	4.892343E-18
2.851937E+03	1.445590E-17	4.997185E-18
2.891547E+03	1.480470E-17	5.094051E-18
2.931157E+03	1.513527E-17	5.182964E-18
2.970768E+03	1.544618E-17	5.263481E-18
2.980670E+03	1.552118E-17	5.282422E-18
2.990573E+03	1.559467E-17	5.300743E-18
3.000475E+03	1.566658E-17	5.318432E-18
3.010378E+03	1.573760E-17	5.335711E-18
3.020280E+03	1.580730E-17	5.352445E-18
3.030183E+03	1.587563E-17	5.368614E-18
3.040086E+03	1.594308E-17	5.384383E-18
3.049988E+03	1.600988E-17	5.399837E-18
3.059891E+03	1.607665E-17	5.415175E-18
3.069793E+03	1.614378E-17	5.430536E-18
3.079696E+03	1.621034E-17	5.445605E-18
3.089598E+03	1.627645E-17	5.460419E-18
3.099501E+03	1.634155E-17	5.474793E-18
3.109403E+03	1.640641E-17	5.488986E-18
3.119306E+03	1.646988E-17	5.502610E-18
3.129209E+03	1.653208E-17	5.515713E-18
3.139111E+03	1.659320E-17	5.528350E-18
3.149014E+03	1.665305E-17	5.540467E-18
3.158916E+03	1.671087E-17	5.551810E-18
3.168819E+03	1.676745E-17	5.562644E-18
3.178721E+03	1.682206E-17	5.572728E-18
3.188624E+03	1.687489E-17	5.582126E-18
3.198526E+03	1.692552E-17	5.590702E-18
3.208429E+03	1.697416E-17	5.598527E-18
3.218332E+03	1.702071E-17	5.605575E-18
3.228234E+03	1.706509E-17	5.611818E-18
3.238137E+03	1.710693E-17	5.617138E-18
3.248039E+03	1.714645E-17	5.621613E-18
3.257942E+03	1.718359E-17	5.625221E-18
3.267844E+03	1.721799E-17	5.627856E-18
3.277747E+03	1.724991E-17	5.629596E-18
3.287650E+03	1.727900E-17	5.630341E-18
3.297552E+03	1.730551E-17	5.630169E-18
3.307455E+03	1.732913E-17	5.628985E-18
3.317357E+03	1.734982E-17	5.626783E-18
3.327260E+03	1.736758E-17	5.623564E-18
3.337162E+03	1.738236E-17	5.619320E-18
3.347065E+03	1.739418E-17	5.614056E-18
3.356967E+03	1.740275E-17	5.607688E-18
3.366870E+03	1.740833E-17	5.600304E-18
3.376773E+03	1.741042E-17	5.591745E-18
3.386675E+03	1.740952E-17	5.582183E-18
3.396578E+03	1.740515E-17	5.571463E-18
3.406480E+03	1.739734E-17	5.559600E-18
3.416383E+03	1.738609E-17	5.546606E-18
3.426285E+03	1.737121E-17	5.532423E-18
3.436188E+03	1.735296E-17	5.517137E-18
3.446090E+03	1.733115E-17	5.500696E-18
3.455993E+03	1.730558E-17	5.483043E-18
3.465896E+03	1.727631E-17	5.464204E-18
3.475798E+03	1.724317E-17	5.444130E-18
3.485701E+03	1.720644E-17	5.422916E-18
3.495603E+03	1.716554E-17	5.400385E-18
3.505506E+03	1.712074E-17	5.376634E-18
3.515408E+03	1.707193E-17	5.351631E-18
3.525311E+03	1.701919E-17	5.325407E-18
3.535213E+03	1.696218E-17	5.297869E-18
3.545116E+03	1.690082E-17	5.268994E-18
3.555019E+03	1.683540E-17	5.238886E-18
3.564921E+03	1.676545E-17	5.207404E-18
3.574824E+03	1.669129E-17	5.174652E-18
3.584726E+03	1.661285E-17	5.140621E-18
3.594629E+03	1.652987E-17	5.105239E-18
3.604531E+03	1.644232E-17	5.068504E-18
3.614434E+03	1.635035E-17	5.030470E-18
3.624337E+03	1.625375E-17	4.991082E-18
3.634239E+03	1.615285E-17	4.950453E-18
3.644142E+03	1.604730E-17	4.908479E-18
3.654044E+03	1.593727E-17	4.865226E-18
3.663947E+03	1.582275E-17	4.820702E-18
3.673849E+03	1.570395E-17	4.774973E-18
3.683752E+03	1.558071E-17	4.728004E-18
3.693654E+03	1.545321E-17	4.679859E-18
3.703557E+03	1.532150E-17	4.630557E-18
3.713460E+03	1.518576E-17	4.580168E-18
3.723362E+03	1.504604E-17	4.528711E-18
3.733265E+03	1.490252E-17	4.476251E-18
3.743167E+03	1.475525E-17	4.422813E-18
3.753070E+03	1.460430E-17	4.368420E-18
3.762972E+03	1.445013E-17	4.313224E-18
3.772875E+03	1.429252E-17	4.257163E-18
3.782777E+03	1.413180E-17	4.200346E-18
3.792680E+03	1.396830E-17	4.142874E-18
3.802583E+03	1.380193E-17	4.084731E-18
3.812485E+03	1.363289E-17	4.025979E-18
3.822388E+03	1.346149E-17	3.966718E-18
3.832290E+03	1.328790E-17	3.907006E-18
3.842193E+03	1.311229E-17	3.846898E-18
3.852095E+03	1.293472E-17	3.786414E-18
3.861998E+03	1.275548E-17	3.725644E-18
3.871900E+03	1.257473E-17	3.664642E-18
3.881803E+03	1.239262E-17	3.603456E-18
3.891706E+03	1.220932E-17	3.542135E-18
3.901608E+03	1.202497E-17	3.480728E-18
3.911511E+03	1.183983E-17	3.419313E-18
3.921413E+03	1.165404E-17	3.357931E-18
3.931316E+03	1.146762E-17	3.296594E-18
3.941218E+03	1.128093E-17	3.235405E-18
3.951121E+03	1.109398E-17	3.174369E-18
3.961024E+03	1.090700E-17	3.113552E-18
3.970926E+03	1.072009E-17	3.052989E-18
3.980829E+03	1.053328E-17	2.992687E-18
3.990731E+03	1.034688E-17	2.932732E-18
4.000634E+03	1.016088E-17	2.873126E-18
4.010536E+03	9.975476E-18	2.813924E-18
4.020439E+03	9.790775E-18	2.755154E-18
4.030341E+03	9.606855E-18	2.696839E-18
4.040244E+03	9.423812E-18	2.639006E-18
4.050147E+03	9.241810E-18	2.581700E-18
4.060049E+03	9.060844E-18	2.524919E-18
4.069952E+03	8.881000E-18	2.468684E-18
4.079854E+03	8.702507E-18	2.413059E-18
4.089757E+03	8.525277E-18	2.358018E-18
4.099659E+03	8.349450E-18	2.303598E-18
4.109562E+03	8.175105E-18	2.249819E-18
4.119464E+03	8.002288E-18	2.196690E-18
4.129367E+03	7.831066E-18	2.144229E-18
4.139270E+03	7.661497E-18	2.092449E-18
4.149172E+03	7.493627E-18	2.041360E-18
4.159075E+03	7.327520E-18	1.990975E-18
4.168977E+03	7.163217E-18	1.941305E-18
4.178880E+03	7.000768E-18	1.892358E-18
4.188782E+03	6.840155E-18	1.844128E-18
4.198685E+03	6.681429E-18	1.796624E-18
4.208587E+03	6.524687E-18	1.749870E-18
4.218490E+03	6.369969E-18	1.703873E-18
4.228393E+03	6.217196E-18	1.658607E-18
4.238295E+03	6.066469E-18	1.614097E-18
4.248198E+03	5.917813E-18	1.570346E-18
4.258100E+03	5.771270E-18	1.527359E-18
4.268003E+03	5.626863E-18	1.485142E-18
4.277905E+03	5.484570E-18	1.443682E-18
4.287808E+03	5.344521E-18	1.403010E-18
4.297711E+03	5.206636E-18	1.363101E-18
4.307613E+03	5.071031E-18	1.323981E-18
4.317516E+03	4.937722E-18	1.285650E-18
4.327418E+03	4.806764E-18	1.248118E-18
4.337321E+03	4.678166E-18	1.211382E-18
4.347223E+03	4.551975E-18	1.175449E-18
4.357126E+03	4.428192E-18	1.140315E-18
4.367028E+03	4.306895E-18	1.105994E-18
4.376931E+03	4.188077E-18	1.072480E-18
4.386834E+03	4.071726E-18	1.039764E-18
4.396736E+03	3.957905E-18	1.007858E-18
4.406639E+03	3.846595E-18	9.767505E-19
4.416541E+03	3.737811E-18	9.464410E-19
4.426444E+03	3.631596E-18	9.169350E-19
4.436346E+03	3.527888E-18	8.882112E-19
4.446249E+03	3.426722E-18	8.602736E-19
4.456151E+03	3.328096E-18	8.331158E-19
4.466054E+03	3.231971E-18	8.067233E-19
4.475957E+03	3.138340E-18	7.810887E-19
4.485859E+03	3.047189E-18	7.562037E-19
4.495762E+03	2.958504E-18	7.320593E-19
4.505664E+03	2.872267E-18	7.086458E-19
4.515567E+03	2.788429E-18	6.859461E-19
4.525469E+03	2.706941E-18	6.639432E-19
4.535372E+03	2.627831E-18	6.426391E-19
4.545274E+03	2.551021E-18	6.220096E-19
4.555177E+03	2.476459E-18	6.020370E-19
4.565080E+03	2.404140E-18	5.827157E-19
4.574982E+03	2.334032E-18	5.640329E-19
4.584885E+03	2.266035E-18	5.459602E-19
4.594787E+03	2.200185E-18	5.285011E-19
4.604690E+03	2.136359E-18	5.116223E-19
4.614592E+03	2.074568E-18	4.953218E-19
4.624495E+03	2.014756E-18	4.795818E-19
4.634398E+03	1.956868E-18	4.643853E-19
4.644300E+03	1.900851E-18	4.497154E-19
4.654203E+03	1.846650E-18	4.355555E-19
4.664105E+03	1.794251E-18	4.218981E-19
4.674008E+03	1.743583E-18	4.087227E-19
4.683910E+03	1.694594E-18	3.960136E-19
4.693813E+03	1.647252E-18	3.837597E-19
4.703715E+03	1.601474E-18	3.719382E-19
4.713618E+03	1.557262E-18	3.605462E-19
4.723521E+03	1.514521E-18	3.495583E-19
4.733423E+03	1.473237E-18	3.389682E-19
4.743326E+03	1.433364E-18	3.287624E-19
4.753228E+03	1.394830E-18	3.189213E-19
4.763131E+03	1.357610E-18	3.094360E-19
4.773033E+03	1.321675E-18	3.002975E-19
4.782936E+03	1.286959E-18	2.914879E-19
4.792838E+03	1.253436E-18	2.829989E-19
4.802741E+03	1.221071E-18	2.748197E-19
4.812644E+03	1.189814E-18	2.669369E-19
4.822546E+03	1.159630E-18	2.593404E-19
4.832449E+03	1.130500E-18	2.520231E-19
4.842351E+03	1.102376E-18	2.449726E-19
4.852254E+03	1.075239E-18	2.381824E-19
4.862156E+03	1.049037E-18	2.316387E-19
4.872059E+03	1.023751E-18	2.253356E-19
4.881961E+03	9.993522E-19	2.192645E-19
4.891864E+03	9.758031E-19	2.134156E-19
4.901767E+03	9.530863E-19	2.077831E-19
4.911669E+03	9.311675E-19	2.023577E-19
4.921572E+03	9.100311E-19	1.971345E-19
4.931474E+03	8.896426E-19	1.921044E-19
4.941377E+03	8.699799E-19	1.872608E-19
4.951279E+03	8.510119E-19	1.825957E-19
4.961182E+03	8.327343E-19	1.781066E-19
4.971085E+03	8.151092E-19	1.737841E-19
4.980987E+03	7.981167E-19	1.696224E-19
4.990890E+03	7.817472E-19	1.656182E-19
5.000792E+03	7.659721E-19	1.617641E-19
5.010695E+03	7.507751E-19	1.580556E-19
5.020597E+03	7.361390E-19	1.544877E-19
5.030500E+03	7.220473E-19	1.510558E-19
5.040402E+03	7.084769E-19	1.477540E-19
5.050305E+03	6.954127E-19	1.445781E-19
5.060208E+03	6.828480E-19	1.415257E-19
5.070110E+03	6.707549E-19	1.385898E-19
5.080013E+03	6.591334E-19	1.357697E-19
5.089915E+03	6.479515E-19	1.330577E-19
5.099818E+03	6.372099E-19	1.304531E-19
5.109720E+03	6.268902E-19	1.279513E-19
5.119623E+03	6.169828E-19	1.255494E-19
5.129525E+03	6.074757E-19	1.232443E-19
5.139428E+03	5.983536E-19	1.210320E-19
5.149331E+03	5.896072E-19	1.189100E-19
5.159233E+03	5.812211E-19	1.168743E-19
5.169136E+03	5.731989E-19	1.149251E-19
5.179038E+03	5.655148E-19	1.130565E-19
5.188941E+03	5.581672E-19	1.112675E-19
5.198843E+03	5.511489E-19	1.095560E-19
5.208746E+03	5.444527E-19	1.079202E-19
5.218648E+03	5.380614E-19	1.063559E-19
5.228551E+03	5.319743E-19	1.048624E-19
5.238454E+03	5.261805E-19	1.034372E-19
5.248356E+03	5.206746E-19	1.020787E-19
5.258259E+03	5.154463E-19	1.007843E-19
5.268161E+03	5.104963E-19	9.955366E-20
5.278064E+03	5.058098E-19	9.838356E-20
5.287966E+03	5.013829E-19	9.727276E-20
5.297869E+03	4.972068E-19	9.621917E-20
5.307772E+03	4.932831E-19	9.522269E-20
5.317674E+03	4.895937E-19	9.427949E-20
5.327577E+03	4.861407E-19	9.338961E-20
5.337479E+03	4.829165E-19	9.255127E-20
5.347382E+03	4.799137E-19	9.176275E-20
5.357284E+03	4.771159E-19	9.102061E-20
5.367187E+03	4.745162E-19	9.032329E-20
5.377089E+03	4.721082E-19	8.966932E-20
5.386992E+03	4.698666E-19	8.905369E-20
5.396895E+03	4.677851E-19	8.847499E-20
5.406797E+03	4.658430E-19	8.792918E-20
5.416700E+03	4.640293E-19	8.741398E-20
5.426602E+03	4.623556E-19	8.693137E-20
5.436505E+03	4.608150E-19	8.647978E-20
5.446407E+03	4.594189E-19	8.606113E-20
5.456310E+03	4.581694E-19	8.567555E-20
5.466212E+03	4.570822E-19	8.532575E-20
5.476115E+03	4.561500E-19	8.501015E-20
5.486018E+03	4.553793E-19	8.472969E-20
5.495920E+03	4.547671E-19	8.448366E-20
5.505823E+03	4.543247E-19	8.427389E-20
5.515725E+03	4.540448E-19	8.409883E-20
5.525628E+03	4.539291E-19	8.395864E-20
5.535530E+03	4.539752E-19	8.385265E-20
5.545433E+03	4.541897E-19	8.378192E-20
5.555335E+03	4.545655E-19	8.374497E-20
5.565238E+03	4.551049E-19	8.374205E-20
5.575141E+03	4.558100E-19	8.377344E-20
5.585043E+03	4.566788E-19	8.383857E-20
5.594946E+03	4.577137E-19	8.393781E-20
5.604848E+03	4.589080E-19	8.406976E-20
5.614751E+03	4.602643E-19	8.423481E-20
5.624653E+03	4.617857E-19	8.443340E-20
5.634556E+03	4.634703E-19	8.466509E-20
5.644459E+03	4.653164E-19	8.492947E-20
5.654361E+03	4.673224E-19	8.522618E-20
5.664264E+03	4.694967E-19	8.555666E-20
5.674166E+03	4.718280E-19	8.591877E-20
5.684069E+03	4.743249E-19	8.631403E-20
5.693971E+03	4.769863E-19	8.674218E-20
5.703874E+03	4.798058E-19	8.720201E-20
5.713776E+03	4.827876E-19	8.769424E-20
5.723679E+03	4.859358E-19	8.821958E-20
5.733582E+03	4.892446E-19	8.877693E-20
5.743484E+03	4.927127E-19	8.936605E-20
5.753387E+03	4.963503E-19	8.998879E-20
5.763289E+03	5.001459E-19	9.064303E-20
5.773192E+03	5.041043E-19	9.132963E-20
5.783094E+03	5.082248E-19	9.204848E-20
5.792997E+03	5.125068E-19	9.279949E-20
5.802899E+03	5.169554E-19	9.358360E-20
5.812802E+03	5.215589E-19	9.439868E-20
5.822705E+03	5.263281E-19	9.524675E-20
5.832607E+03	5.312567E-19	9.612668E-20
5.842510E+03	5.363442E-19	9.703843E-20
5.852412E+03	5.415899E-19	9.798193E-20
5.862315E+03	5.469933E-19	9.895711E-20
5.872217E+03	5.525601E-19	9.996507E-20
5.882120E+03	5.582771E-19	1.010035E-19
5.892022E+03	5.641432E-19	1.020722E-19
5.901925E+03	5.701641E-19	1.031724E-19
5.911828E+03	5.763389E-19	1.043039E-19
5.921730E+03	5.826534E-19	1.054643E-19
5.931633E+03	5.891195E-19	1.066558E-19
5.941535E+03	5.957156E-19	1.078745E-19
5.951438E+03	6.024607E-19	1.091241E-19
5.961340E+03	6.093322E-19	1.104005E-19
5.971243E+03	6.163279E-19	1.117035E-19
5.981146E+03	6.234529E-19	1.130340E-19
5.991048E+03	6.306972E-19	1.143904E-19
6.000951E+03	6.380585E-19	1.157723E-19
6.010853E+03	6.455184E-19	1.171766E-19
6.020756E+03	6.530889E-19	1.186055E-19
6.030658E+03	6.607431E-19	1.200544E-19
6.040561E+03	6.684928E-19	1.215254E-19
6.050463E+03	6.763260E-19	1.230165E-19
6.060366E+03	6.842298E-19	1.245255E-19
6.070269E+03	6.921992E-19	1.260516E-19
6.080171E+03	7.002381E-19	1.275956E-19
6.090074E+03	7.083322E-19	1.291552E-19
6.099976E+03	7.164764E-19	1.307295E-19
6.109879E+03	7.246828E-19	1.323208E-19
6.119781E+03	7.329281E-19	1.339250E-19
6.129684E+03	7.412154E-19	1.355429E-19
6.139586E+03	7.495485E-19	1.371752E-19
6.149489E+03	7.579313E-19	1.388229E-19
6.159392E+03	7.663489E-19	1.404833E-19
6.169294E+03	7.747954E-19	1.421556E-19
6.179197E+03	7.832747E-19	1.438405E-19
6.189099E+03	7.917710E-19	1.455354E-19
6.199002E+03	8.002883E-19	1.472411E-19
6.208904E+03	8.088206E-19	1.489566E-19
6.218807E+03	8.173730E-19	1.506831E-19
6.228709E+03	8.259401E-19	1.524198E-19
6.238612E+03	8.345170E-19	1.541657E-19
6.248515E+03	8.431108E-19	1.559223E-19
6.258417E+03	8.517291E-19	1.576909E-19
6.268320E+03	8.603564E-19	1.594686E-19
6.278222E+03	8.690006E-19	1.612567E-19
6.288125E+03	8.776703E-19	1.630569E-19
6.298027E+03	8.863500E-19	1.648662E-19
6.307930E+03	8.950613E-19	1.666885E-19
6.317833E+03	9.038015E-19	1.685233E-19
6.327735E+03	9.125687E-19	1.703701E-19
6.337638E+03	9.213597E-19	1.722284E-19
6.347540E+03	9.301987E-19	1.741024E-19
6.357443E+03	9.390710E-19	1.759895E-19
6.367345E+03	9.480029E-19	1.778944E-19
6.377248E+03	9.569932E-19	1.798169E-19
6.387150E+03	9.660420E-19	1.817570E-19
6.397053E+03	9.751621E-19	1.837168E-19
6.406956E+03	9.843563E-19	1.856970E-19
6.416858E+03	9.936376E-19	1.876998E-19
6.426761E+03	1.002977E-18	1.897199E-19
6.436663E+03	1.012406E-18	1.917629E-19
6.446566E+03	1.021926E-18	1.938291E-19
6.456468E+03	1.031521E-18	1.959154E-19
6.466371E+03	1.041208E-18	1.980250E-19
6.476273E+03	1.050990E-18	2.001584E-19
6.486176E+03	1.060868E-18	2.023155E-19
6.496079E+03	1.070842E-18	2.044964E-19
6.505981E+03	1.080933E-18	2.067051E-19
6.515884E+03	1.091124E-18	2.089382E-19
6.525786E+03	1.101419E-18	2.111962E-19
6.535689E+03	1.111838E-18	2.134829E-19
6.545591E+03	1.122383E-18	2.157988E-19
6.555494E+03	1.133038E-18	2.181406E-19
6.565396E+03	1.143826E-18	2.205127E-19
6.575299E+03	1.154729E-18	2.229114E-19
6.585202E+03	1.165789E-18	2.253449E-19
6.595104E+03	1.176972E-18	2.278064E-19
6.605007E+03	1.188279E-18	2.302961E-19
6.614909E+03	1.199735E-18	2.328186E-19
6.624812E+03	1.211343E-18	2.353744E-19
6.634714E+03	1.223085E-18	2.379600E-19
6.644617E+03	1.234965E-18	2.405762E-19
6.654520E+03	1.247009E-18	2.432275E-19
6.664422E+03	1.259197E-18	2.459104E-19
6.674325E+03	1.271556E-18	2.486296E-19
6.684227E+03	1.284047E-18	2.513775E-19
6.694130E+03	1.296715E-18	2.541630E-19
6.704032E+03	1.309521E-18	2.569780E-19
6.713935E+03	1.322515E-18	2.598324E-19
6.723837E+03	1.335652E-18	2.627173E-19
6.733740E+03	1.348962E-18	2.656380E-19
6.743643E+03	1.362448E-18	2.685954E-19
6.753545E+03	1.376090E-18	2.715853E-19
6.763448E+03	1.389916E-18	2.746127E-19
6.773350E+03	1.403905E-18	2.776740E-19
6.783253E+03	1.418088E-18	2.807743E-19
6.793155E+03	1.432415E-18	2.839043E-19
6.803058E+03	1.446945E-18	2.870749E-19
6.812960E+03	1.461653E-18	2.902813E-19
6.822863E+03	1.476545E-18	2.935245E-19
6.832766E+03	1.491597E-18	2.967993E-19
6.842668E+03	1.506868E-18	3.001175E-19
6.852571E+03	1.522277E-18	3.034627E-19
6.862473E+03	1.537917E-18	3.068528E-19
6.872376E+03	1.553730E-18	3.102767E-19
6.882278E+03	1.569723E-18	3.137349E-19
6.892181E+03	1.585930E-18	3.172342E-19
6.902083E+03	1.602322E-18	3.207688E-19
6.911986E+03	1.618906E-18	3.243394E-19
6.921889E+03	1.635685E-18	3.279467E-19
6.931791E+03	1.652662E-18	3.315909E-19
6.941694E+03	1.669842E-18	3.352727E-19
6.951596E+03	1.687197E-18	3.389862E-19
6.961499E+03	1.704797E-18	3.427451E-19
6.971401E+03	1.722544E-18	3.465296E-19
6.981304E+03	1.740544E-18	3.503604E-19
6.991207E+03	1.758699E-18	3.542178E-19
7.001109E+03	1.777082E-18	3.581158E-19
7.011012E+03	1.795662E-18	3.620481E-19
7.020914E+03	1.814441E-18	3.660148E-19
7.030817E+03	1.833461E-18	3.700237E-19
7.040719E+03	1.852653E-18	3.740606E-19
7.050622E+03	1.872054E-18	3.781330E-19
7.060524E+03	1.891634E-18	3.822338E-19
7.070427E+03	1.911431E-18	3.863710E-19
7.080330E+03	1.931451E-18	3.905447E-19
7.090232E+03	1.951658E-18	3.947477E-19
7.100135E+03	1.972094E-18	3.989879E-19
7.110037E+03	1.992683E-18	4.032498E-19
7.119940E+03	2.013509E-18	4.075494E-19
7.129842E+03	2.034533E-18	4.118788E-19
7.139745E+03	2.055718E-18	4.162299E-19
7.149647E+03	2.077109E-18	4.206113E-19
7.159550E+03	2.098706E-18	4.250226E-19
7.169453E+03	2.120469E-18	4.294555E-19
7.179355E+03	2.142403E-18	4.339100E-19
7.189258E+03	2.164507E-18	4.383857E-19
7.199160E+03	2.186782E-18	4.428825E-19
7.209063E+03	2.209233E-18	4.474005E-19
7.218965E+03	2.231767E-18	4.519205E-19
7.228868E+03	2.254477E-18	4.564608E-19
7.238770E+03	2.277317E-18	4.610118E-19
7.248673E+03	2.300240E-18	4.655631E-19
7.258576E+03	2.323292E-18	4.701239E-19
7.268478E+03	2.346377E-18	4.746740E-19
7.278381E+03	2.369491E-18	4.792118E-19
7.288283E+03	2.392630E-18	4.837365E-19
7.298186E+03	2.415741E-18	4.882365E-19
7.308088E+03	2.438871E-18	4.927210E-19
7.317991E+03	2.461859E-18	4.971570E-19
7.327894E+03	2.484803E-18	5.015635E-19
7.337796E+03	2.507592E-18	5.059177E-19
7.347699E+03	2.530269E-18	5.102280E-19
7.357601E+03	2.552773E-18	5.144817E-19
7.367504E+03	2.575095E-18	5.186764E-19
7.377406E+03	2.597282E-18	5.228211E-19
7.387309E+03	2.619270E-18	5.269025E-19
7.397211E+03	2.641221E-18	5.309528E-19
7.407114E+03	2.663013E-18	5.349471E-19
7.417017E+03	2.684756E-18	5.389072E-19
7.426919E+03	2.706388E-18	5.428200E-19
7.436822E+03	2.728080E-18	5.467194E-19
7.446724E+03	2.749772E-18	5.505929E-19
7.456627E+03	2.771461E-18	5.544395E-19
7.466529E+03	2.793206E-18	5.582706E-19
7.476432E+03	2.815007E-18	5.620858E-19
7.486334E+03	2.836988E-18	5.659091E-19
7.496237E+03	2.859027E-18	5.697157E-19
7.506140E+03	2.881186E-18	5.735179E-19
7.516042E+03	2.903533E-18	5.773281E-19
7.525945E+03	2.926004E-18	5.811336E-19
7.535847E+03	2.948668E-18	5.849472E-19
7.545750E+03	2.971461E-18	5.887558E-19
7.555652E+03	2.994523E-18	5.925864E-19
7.565555E+03	3.017718E-18	5.964119E-19
7.575457E+03	3.041189E-18	6.002598E-19
7.585360E+03	3.064800E-18	6.041025E-19
7.595263E+03	3.088696E-18	6.079681E-19
7.605165E+03	3.112737E-18	6.118286E-19
7.615068E+03	3.137070E-18	6.157120E-19
7.624970E+03	3.161628E-18	6.196046E-19
7.634873E+03	3.186414E-18	6.235066E-19
7.644775E+03	3.211432E-18	6.274179E-19
7.654678E+03	3.236685E-18	6.313386E-19
7.664581E+03	3.262177E-18	6.352689E-19
7.674483E+03	3.287837E-18	6.391942E-19
7.684386E+03	3.313819E-18	6.431439E-19
7.694288E+03	3.339974E-18	6.470885E-19
7.704191E+03	3.366304E-18	6.510278E-19
7.714093E+03	3.392888E-18	6.549766E-19
7.723996E+03	3.419651E-18	6.589196E-19
7.733898E+03	3.446594E-18	6.628567E-19
7.743801E+03	3.473638E-18	6.667720E-19
7.753704E+03	3.500863E-18	6.706805E-19
7.763606E+03	3.528187E-18	6.745661E-19
7.773509E+03	3.555526E-18	6.784121E-19
7.783411E+03	3.582962E-18	6.822339E-19
7.793314E+03	3.610320E-18	6.859979E-19
7.803216E+03	3.637681E-18	6.897194E-19
7.813119E+03	3.664953E-18	6.933807E-19
7.823021E+03	3.692042E-18	6.969639E-19
7.832924E+03	3.718939E-18	7.004675E-19
7.842827E+03	3.745453E-18	7.038552E-19
7.852729E+03	3.771569E-18	7.071252E-19
7.862632E+03	3.797366E-18	7.102922E-19
7.872534E+03	3.822550E-18	7.133019E-19
7.882437E+03	3.847290E-18	7.161864E-19
7.892339E+03	3.871379E-18	7.189081E-19
7.902242E+03	3.894989E-18	7.214993E-19
7.912144E+03	3.918104E-18	7.239581E-19
7.922047E+03	3.940707E-18	7.262820E-19
7.931950E+03	3.962880E-18	7.284870E-19
7.941852E+03	3.984808E-18	7.306077E-19
7.951755E+03	4.006384E-18	7.326248E-19
7.961657E+03	4.027697E-18	7.345557E-19
7.971560E+03	4.048841E-18	7.364178E-19
7.981462E+03	4.069913E-18	7.382293E-19
7.991365E+03	4.090911E-18	7.399901E-19
8.001268E+03	4.111831E-18	7.417001E-19
8.011170E+03	4.132777E-18	7.433782E-19
8.021073E+03	4.153641E-18	7.450058E-19
8.030975E+03	4.174636E-18	7.466211E-19
8.040878E+03	4.195765E-18	7.482252E-19
8.050780E+03	4.216921E-18	7.497991E-19
8.060683E+03	4.238216E-18	7.513631E-19
8.070585E+03	4.259652E-18	7.529180E-19
8.080488E+03	4.281231E-18	7.544647E-19
8.090391E+03	4.302957E-18	7.560039E-19
8.100293E+03	4.324834E-18	7.575369E-19
8.110196E+03	4.346863E-18	7.590645E-19
8.120098E+03	4.369166E-18	7.606081E-19
8.130001E+03	4.391511E-18	7.621280E-19
8.139903E+03	4.414139E-18	7.636666E-19
8.149806E+03	4.436935E-18	7.652045E-19
8.159708E+03	4.460024E-18	7.667637E-19
8.169611E+03	4.483165E-18	7.683036E-19
8.179514E+03	4.506485E-18	7.698466E-19
8.189416E+03	4.530112E-18	7.714154E-19
8.199319E+03	4.553800E-18	7.729687E-19
8.209221E+03	4.577802E-18	7.745507E-19
8.219124E+03	4.601872E-18	7.761202E-19
8.229026E+03	4.626137E-18	7.777000E-19
8.238929E+03	4.650600E-18	7.792917E-19
8.248831E+03	4.675135E-18	7.808749E-19
8.258734E+03	4.699875E-18	7.824735E-19
8.268637E+03	4.724689E-18	7.840669E-19
8.278539E+03	4.749713E-18	7.856788E-19
8.288442E+03	4.774950E-18	7.873113E-19
8.298344E+03	4.800130E-18	7.889214E-19
8.308247E+03	4.825529E-18	7.905558E-19
8.318149E+03	4.851007E-18	7.921937E-19
8.328052E+03	4.876568E-18	7.938371E-19
8.337955E+03	4.902211E-18	7.954879E-19
8.347857E+03	4.927937E-18	7.971483E-19
8.357760E+03	4.953747E-18	7.988204E-19
8.367662E+03	4.979495E-18	8.004827E-19
8.377565E+03	5.005325E-18	8.021608E-19
8.387467E+03	5.031091E-18	8.038337E-19
8.397370E+03	5.056938E-18	8.055268E-19
8.407272E+03	5.082867E-18	8.072428E-19
8.417175E+03	5.108575E-18	8.089362E-19
8.427078E+03	5.134361E-18	8.106574E-19
8.436980E+03	5.159919E-18	8.123604E-19
8.446883E+03	5.185550E-18	8.140960E-19
8.456785E+03	5.210945E-18	8.158185E-19
8.466688E+03	5.236254E-18	8.175544E-19
8.476590E+03	5.261473E-18	8.193067E-19
8.486493E+03	5.286439E-18	8.210529E-19
8.496395E+03	5.311308E-18	8.228208E-19
8.506298E+03	5.335750E-18	8.245627E-19
8.516201E+03	5.360083E-18	8.263316E-19
8.526103E+03	5.384138E-18	8.281050E-19
8.536006E+03	5.407909E-18	8.298855E-19
8.545908E+03	5.431222E-18	8.316503E-19
8.555811E+03	5.454403E-18	8.334534E-19
8.565713E+03	5.476937E-18	8.352199E-19
8.575616E+03	5.499156E-18	8.370043E-19
8.585518E+03	5.520877E-18	8.387831E-19
8.595421E+03	5.541915E-18	8.405322E-19
8.605324E+03	5.562608E-18	8.423069E-19
8.615226E+03	5.582595E-18	8.440566E-19
8.625129E+03	5.602037E-18	8.458100E-19
8.635031E+03	5.620746E-18	8.475427E-19
8.644934E+03	5.638707E-18	8.492565E-19
8.654836E+03	5.655904E-18	8.509532E-19
8.664739E+03	5.672321E-18	8.526346E-19
8.674642E+03	5.687759E-18	8.542744E-19
8.684544E+03	5.702387E-18	8.559021E-19
8.694447E+03	5.715999E-18	8.574905E-19
8.704349E+03	5.728766E-18	8.590692E-19
8.714252E+03	5.740293E-18	8.605822E-19
8.724154E+03	5.750747E-18	8.620581E-19
8.734057E+03	5.760109E-18	8.634972E-19
8.743959E+03	5.768361E-18	8.648999E-19
8.753862E+03	5.775285E-18	8.662365E-19
8.763765E+03	5.781255E-18	8.675655E-19
8.773667E+03	5.786054E-18	8.688570E-19
8.783570E+03	5.789663E-18	8.701104E-19
8.793472E+03	5.792064E-18	8.713247E-19
8.803375E+03	5.793439E-18	8.725290E-19
8.813277E+03	5.793568E-18	8.736897E-19
8.823180E+03	5.792840E-18	8.748631E-19
8.833082E+03	5.790828E-18	8.759824E-19
8.842985E+03	5.788134E-18	8.771356E-19
8.852888E+03	5.784332E-18	8.782555E-19
8.862790E+03	5.779616E-18	8.793682E-19
8.872693E+03	5.773971E-18	8.804684E-19
8.882595E+03	5.767597E-18	8.815833E-19
8.892498E+03	5.760489E-18	8.827082E-19
8.902400E+03	5.752634E-18	8.838382E-19
8.912303E+03	5.743809E-18	8.849351E-19
8.951913E+03	5.702790E-18	8.895277E-19
8.991523E+03	5.652317E-18	8.942167E-19
9.031134E+03	5.594704E-18	8.991129E-19
9.070744E+03	5.531100E-18	9.041510E-19
9.110354E+03	5.463204E-18	9.093694E-19
9.149964E+03	5.391028E-18	9.145441E-19
9.189575E+03	5.316444E-18	9.197822E-19
9.229185E+03	5.239778E-18	9.249534E-19
9.268795E+03	5.161641E-18	9.299968E-19
9.308405E+03	5.082687E-18	9.348807E-19
9.348016E+03	5.003605E-18	9.396048E-19
9.387626E+03	4.924548E-18	9.440895E-19
9.427236E+03	4.845956E-18	9.483264E-19
9.466846E+03	4.768569E-18	9.523865E-19
9.506456E+03	4.691952E-18	9.561243E-19
9.546067E+03	4.616532E-18	9.595765E-19
9.585677E+03	4.542743E-18	9.627971E-19
9.625287E+03	4.470387E-18	9.657192E-19
9.664897E+03	4.399869E-18	9.684123E-19
9.704508E+03	4.330945E-18	9.708130E-19
9.744118E+03	4.263989E-18	9.730013E-19
9.783728E+03	4.199043E-18	9.749901E-19
9.823338E+03	4.136123E-18	9.767914E-19
9.862949E+03	4.074880E-18	9.783328E-19
9.902559E+03	4.015271E-18	9.796150E-19
9.942169E+03	3.957950E-18	9.808125E-19
9.981779E+03	3.902499E-18	9.818422E-19
1.002139E+04	3.848826E-18	9.827003E-19
1.006100E+04	3.796819E-18	9.833773E-19
1.010061E+04	3.746717E-18	9.839556E-19
1.014022E+04	3.698377E-18	9.844201E-19
1.017983E+04	3.651634E-18	9.847492E-19
1.021944E+04	3.606690E-18	9.850188E-19
