#wls	flux	fluxerr
1.584409E+03	1.428411E-16	3.559183E-17
1.624020E+03	1.480644E-16	3.681492E-17
1.663630E+03	1.529370E-16	3.794323E-17
1.703240E+03	1.574444E-16	3.897344E-17
1.742850E+03	1.614918E-16	3.988254E-17
1.782461E+03	1.649528E-16	4.063989E-17
1.822071E+03	1.676658E-16	4.120665E-17
1.861681E+03	1.694098E-16	4.152974E-17
1.901291E+03	1.699625E-16	4.155654E-17
1.940902E+03	1.691325E-16	4.124253E-17
1.980512E+03	1.668312E-16	4.056890E-17
2.020122E+03	1.632921E-16	3.959530E-17
2.059732E+03	1.591391E-16	3.847527E-17
2.099342E+03	1.554592E-16	3.747227E-17
2.138953E+03	1.534769E-16	3.687971E-17
2.178563E+03	1.539303E-16	3.687061E-17
2.218173E+03	1.566755E-16	3.740492E-17
2.257783E+03	1.608999E-16	3.828366E-17
2.297394E+03	1.655054E-16	3.924258E-17
2.337004E+03	1.696145E-16	4.007305E-17
2.376614E+03	1.726807E-16	4.064740E-17
2.416224E+03	1.744561E-16	4.090992E-17
2.455835E+03	1.749030E-16	4.085510E-17
2.495445E+03	1.740674E-16	4.049717E-17
2.535055E+03	1.720782E-16	3.986958E-17
2.574665E+03	1.690485E-16	3.900182E-17
2.614276E+03	1.651033E-16	3.792584E-17
2.653886E+03	1.603544E-16	3.667012E-17
2.693496E+03	1.549161E-16	3.526350E-17
2.733106E+03	1.488898E-16	3.373144E-17
2.772716E+03	1.423718E-16	3.209797E-17
2.812327E+03	1.354666E-16	3.038857E-17
2.851937E+03	1.282720E-16	2.862684E-17
2.891547E+03	1.208918E-16	2.683739E-17
2.931157E+03	1.134281E-16	2.504390E-17
2.970768E+03	1.059769E-16	2.326834E-17
2.980670E+03	1.041260E-16	2.282947E-17
2.990573E+03	1.022828E-16	2.239331E-17
3.000475E+03	1.004486E-16	2.196007E-17
3.010378E+03	9.862609E-17	2.153039E-17
3.020280E+03	9.681409E-17	2.110399E-17
3.030183E+03	9.501364E-17	2.068109E-17
3.040086E+03	9.323060E-17	2.026298E-17
3.049988E+03	9.146552E-17	1.984975E-17
3.059891E+03	8.972637E-17	1.944313E-17
3.069793E+03	8.801022E-17	1.904248E-17
3.079696E+03	8.631637E-17	1.864761E-17
3.089598E+03	8.464777E-17	1.825916E-17
3.099501E+03	8.300057E-17	1.787628E-17
3.109403E+03	8.137635E-17	1.749929E-17
3.119306E+03	7.977498E-17	1.712816E-17
3.129209E+03	7.819816E-17	1.676323E-17
3.139111E+03	7.664473E-17	1.640424E-17
3.149014E+03	7.511667E-17	1.605159E-17
3.158916E+03	7.361449E-17	1.570538E-17
3.168819E+03	7.213771E-17	1.536548E-17
3.178721E+03	7.068855E-17	1.503235E-17
3.188624E+03	6.926916E-17	1.470642E-17
3.198526E+03	6.787808E-17	1.438736E-17
3.208429E+03	6.651872E-17	1.407587E-17
3.218332E+03	6.518975E-17	1.377164E-17
3.228234E+03	6.389538E-17	1.347553E-17
3.238137E+03	6.263322E-17	1.318701E-17
3.248039E+03	6.140509E-17	1.290644E-17
3.257942E+03	6.021261E-17	1.263412E-17
3.267844E+03	5.905530E-17	1.236992E-17
3.277747E+03	5.793451E-17	1.211410E-17
3.287650E+03	5.684875E-17	1.186630E-17
3.297552E+03	5.579920E-17	1.162674E-17
3.307455E+03	5.478601E-17	1.139542E-17
3.317357E+03	5.380927E-17	1.117232E-17
3.327260E+03	5.286899E-17	1.095740E-17
3.337162E+03	5.196439E-17	1.075048E-17
3.347065E+03	5.109541E-17	1.055149E-17
3.356967E+03	5.026197E-17	1.036040E-17
3.366870E+03	4.946390E-17	1.017713E-17
3.376773E+03	4.870036E-17	1.000147E-17
3.386675E+03	4.797116E-17	9.833339E-18
3.396578E+03	4.727606E-17	9.672665E-18
3.406480E+03	4.661421E-17	9.519232E-18
3.416383E+03	4.598536E-17	9.372955E-18
3.426285E+03	4.538923E-17	9.233744E-18
3.436188E+03	4.482441E-17	9.101276E-18
3.446090E+03	4.429121E-17	8.975578E-18
3.455993E+03	4.378879E-17	8.856450E-18
3.465896E+03	4.331636E-17	8.743694E-18
3.475798E+03	4.287365E-17	8.637226E-18
3.485701E+03	4.245938E-17	8.536755E-18
3.495603E+03	4.207333E-17	8.442204E-18
3.505506E+03	4.171479E-17	8.353399E-18
3.515408E+03	4.138304E-17	8.270164E-18
3.525311E+03	4.107743E-17	8.192340E-18
3.535213E+03	4.079730E-17	8.119765E-18
3.545116E+03	4.054157E-17	8.052194E-18
3.555019E+03	4.031011E-17	7.989572E-18
3.564921E+03	4.010188E-17	7.931668E-18
3.574824E+03	3.991677E-17	7.878429E-18
3.584726E+03	3.975338E-17	7.829554E-18
3.594629E+03	3.961204E-17	7.785081E-18
3.604531E+03	3.949102E-17	7.744641E-18
3.614434E+03	3.939026E-17	7.708201E-18
3.624337E+03	3.930890E-17	7.675565E-18
3.634239E+03	3.924689E-17	7.646702E-18
3.644142E+03	3.920301E-17	7.621350E-18
3.654044E+03	3.917726E-17	7.599483E-18
3.663947E+03	3.916882E-17	7.580923E-18
3.673849E+03	3.917767E-17	7.565642E-18
3.683752E+03	3.920302E-17	7.553468E-18
3.693654E+03	3.924523E-17	7.544444E-18
3.703557E+03	3.930312E-17	7.538325E-18
3.713460E+03	3.937702E-17	7.535153E-18
3.723362E+03	3.946648E-17	7.534821E-18
3.733265E+03	3.957143E-17	7.537295E-18
3.743167E+03	3.969142E-17	7.542467E-18
3.753070E+03	3.982670E-17	7.550365E-18
3.762972E+03	3.997642E-17	7.560808E-18
3.772875E+03	4.014082E-17	7.573821E-18
3.782777E+03	4.031974E-17	7.589354E-18
3.792680E+03	4.051305E-17	7.607361E-18
3.802583E+03	4.072058E-17	7.627791E-18
3.812485E+03	4.094179E-17	7.650523E-18
3.822388E+03	4.117722E-17	7.675639E-18
3.832290E+03	4.142668E-17	7.703081E-18
3.842193E+03	4.168959E-17	7.732724E-18
3.852095E+03	4.196610E-17	7.764576E-18
3.861998E+03	4.225597E-17	7.798571E-18
3.871900E+03	4.255932E-17	7.834713E-18
3.881803E+03	4.287552E-17	7.872866E-18
3.891706E+03	4.320501E-17	7.913094E-18
3.901608E+03	4.354714E-17	7.955254E-18
3.911511E+03	4.390230E-17	7.999402E-18
3.921413E+03	4.426981E-17	8.045395E-18
3.931316E+03	4.464929E-17	8.093142E-18
3.941218E+03	4.504110E-17	8.142694E-18
3.951121E+03	4.544446E-17	8.193890E-18
3.961024E+03	4.585930E-17	8.246699E-18
3.970926E+03	4.628515E-17	8.301022E-18
3.980829E+03	4.672191E-17	8.356821E-18
3.990731E+03	4.716908E-17	8.413990E-18
4.000634E+03	4.762610E-17	8.472415E-18
4.010536E+03	4.809280E-17	8.532051E-18
4.020439E+03	4.856902E-17	8.592852E-18
4.030341E+03	4.905332E-17	8.654552E-18
4.040244E+03	4.954628E-17	8.717236E-18
4.050147E+03	5.004640E-17	8.780632E-18
4.060049E+03	5.055380E-17	8.844747E-18
4.069952E+03	5.106733E-17	8.909367E-18
4.079854E+03	5.158660E-17	8.974419E-18
4.089757E+03	5.211077E-17	9.039744E-18
4.099659E+03	5.263897E-17	9.105185E-18
4.109562E+03	5.317025E-17	9.170569E-18
4.119464E+03	5.370360E-17	9.235720E-18
4.129367E+03	5.423840E-17	9.300528E-18
4.139270E+03	5.477353E-17	9.364798E-18
4.149172E+03	5.530736E-17	9.428250E-18
4.159075E+03	5.583860E-17	9.490669E-18
4.168977E+03	5.636594E-17	9.551834E-18
4.178880E+03	5.688843E-17	9.611592E-18
4.188782E+03	5.740414E-17	9.669622E-18
4.198685E+03	5.791151E-17	9.725678E-18
4.208587E+03	5.840848E-17	9.779425E-18
4.218490E+03	5.889386E-17	9.830680E-18
4.228393E+03	5.936545E-17	9.879094E-18
4.238295E+03	5.982148E-17	9.924396E-18
4.248198E+03	6.026015E-17	9.966316E-18
4.258100E+03	6.067865E-17	1.000441E-17
4.268003E+03	6.107611E-17	1.003858E-17
4.277905E+03	6.144972E-17	1.006839E-17
4.287808E+03	6.179765E-17	1.009358E-17
4.297711E+03	6.211764E-17	1.011382E-17
4.307613E+03	6.240904E-17	1.012905E-17
4.317516E+03	6.266879E-17	1.013883E-17
4.327418E+03	6.289655E-17	1.014314E-17
4.337321E+03	6.309128E-17	1.014188E-17
4.347223E+03	6.325284E-17	1.013508E-17
4.357126E+03	6.338207E-17	1.012291E-17
4.367028E+03	6.347978E-17	1.010557E-17
4.376931E+03	6.354828E-17	1.008347E-17
4.386834E+03	6.358802E-17	1.005673E-17
4.396736E+03	6.360184E-17	1.002584E-17
4.406639E+03	6.359114E-17	9.991067E-18
4.416541E+03	6.355802E-17	9.952771E-18
4.426444E+03	6.350572E-17	9.911496E-18
4.436346E+03	6.343482E-17	9.867361E-18
4.446249E+03	6.334919E-17	9.820998E-18
4.456151E+03	6.324941E-17	9.772520E-18
4.466054E+03	6.313881E-17	9.722459E-18
4.475957E+03	6.301901E-17	9.671085E-18
4.485859E+03	6.289215E-17	9.618739E-18
4.495762E+03	6.276030E-17	9.565747E-18
4.505664E+03	6.262433E-17	9.512252E-18
4.515567E+03	6.248729E-17	9.458722E-18
4.525469E+03	6.234989E-17	9.405266E-18
4.535372E+03	6.221387E-17	9.352148E-18
4.545274E+03	6.208090E-17	9.299616E-18
4.555177E+03	6.195253E-17	9.247899E-18
4.565080E+03	6.182966E-17	9.197125E-18
4.574982E+03	6.171311E-17	9.147406E-18
4.584885E+03	6.160414E-17	9.098921E-18
4.594787E+03	6.150398E-17	9.051839E-18
4.604690E+03	6.141373E-17	9.006310E-18
4.614592E+03	6.133333E-17	8.962311E-18
4.624495E+03	6.126432E-17	8.920051E-18
4.634398E+03	6.120707E-17	8.879569E-18
4.644300E+03	6.116191E-17	8.840893E-18
4.654203E+03	6.112964E-17	8.804124E-18
4.664105E+03	6.111051E-17	8.769278E-18
4.674008E+03	6.110469E-17	8.736359E-18
4.683910E+03	6.111232E-17	8.705370E-18
4.693813E+03	6.113352E-17	8.676306E-18
4.703715E+03	6.116832E-17	8.649155E-18
4.713618E+03	6.121677E-17	8.623900E-18
4.723521E+03	6.127884E-17	8.600518E-18
4.733423E+03	6.135386E-17	8.578895E-18
4.743326E+03	6.144230E-17	8.559076E-18
4.753228E+03	6.154279E-17	8.540851E-18
4.763131E+03	6.165628E-17	8.524333E-18
4.773033E+03	6.178127E-17	8.509297E-18
4.782936E+03	6.191799E-17	8.495758E-18
4.792838E+03	6.206602E-17	8.483642E-18
4.802741E+03	6.222370E-17	8.472703E-18
4.812644E+03	6.239171E-17	8.463024E-18
4.822546E+03	6.256894E-17	8.454439E-18
4.832449E+03	6.275545E-17	8.446942E-18
4.842351E+03	6.294885E-17	8.440203E-18
4.852254E+03	6.315042E-17	8.434381E-18
4.862156E+03	6.335838E-17	8.429231E-18
4.872059E+03	6.357280E-17	8.424753E-18
4.881961E+03	6.379250E-17	8.420784E-18
4.891864E+03	6.401757E-17	8.417332E-18
4.901767E+03	6.424621E-17	8.414153E-18
4.911669E+03	6.447854E-17	8.411261E-18
4.921572E+03	6.471469E-17	8.408671E-18
4.931474E+03	6.495292E-17	8.406153E-18
4.941377E+03	6.519278E-17	8.403651E-18
4.951279E+03	6.543450E-17	8.401194E-18
4.961182E+03	6.567771E-17	8.398737E-18
4.971085E+03	6.592076E-17	8.396070E-18
4.980987E+03	6.616394E-17	8.393236E-18
4.990890E+03	6.640696E-17	8.390199E-18
5.000792E+03	6.664950E-17	8.386925E-18
5.010695E+03	6.689056E-17	8.383294E-18
5.020597E+03	6.712982E-17	8.379273E-18
5.030500E+03	6.736761E-17	8.374909E-18
5.040402E+03	6.760220E-17	8.369998E-18
5.050305E+03	6.783389E-17	8.364584E-18
5.060208E+03	6.806157E-17	8.358541E-18
5.070110E+03	6.828477E-17	8.351824E-18
5.080013E+03	6.850300E-17	8.344385E-18
5.089915E+03	6.871570E-17	8.336168E-18
5.099818E+03	6.892157E-17	8.327033E-18
5.109720E+03	6.912063E-17	8.316995E-18
5.119623E+03	6.931075E-17	8.305818E-18
5.129525E+03	6.949181E-17	8.293506E-18
5.139428E+03	6.966222E-17	8.279890E-18
5.149331E+03	6.982101E-17	8.264877E-18
5.159233E+03	6.996708E-17	8.248362E-18
5.169136E+03	7.009932E-17	8.230238E-18
5.179038E+03	7.021508E-17	8.210222E-18
5.188941E+03	7.031444E-17	8.188357E-18
5.198843E+03	7.039393E-17	8.164267E-18
5.208746E+03	7.045350E-17	8.137984E-18
5.218648E+03	7.049024E-17	8.109207E-18
5.228551E+03	7.050331E-17	8.077880E-18
5.238454E+03	7.049046E-17	8.043784E-18
5.248356E+03	7.044942E-17	8.006706E-18
5.258259E+03	7.037940E-17	7.966600E-18
5.268161E+03	7.027753E-17	7.923189E-18
5.278064E+03	7.014315E-17	7.876449E-18
5.287966E+03	6.997436E-17	7.826216E-18
5.297869E+03	6.976940E-17	7.772348E-18
5.307772E+03	6.952743E-17	7.714802E-18
5.317674E+03	6.924789E-17	7.653571E-18
5.327577E+03	6.893045E-17	7.588672E-18
5.337479E+03	6.857378E-17	7.520012E-18
5.347382E+03	6.817897E-17	7.447764E-18
5.357284E+03	6.774615E-17	7.371993E-18
5.367187E+03	6.727721E-17	7.292954E-18
5.377089E+03	6.677251E-17	7.210732E-18
5.386992E+03	6.623616E-17	7.125813E-18
5.396895E+03	6.567132E-17	7.038578E-18
5.406797E+03	6.508483E-17	6.949788E-18
5.416700E+03	6.447856E-17	6.859667E-18
5.426602E+03	6.385156E-17	6.768137E-18
5.436505E+03	6.320458E-17	6.675300E-18
5.446407E+03	6.254049E-17	6.581473E-18
5.456310E+03	6.186489E-17	6.487249E-18
5.466212E+03	6.118035E-17	6.392896E-18
5.476115E+03	6.049328E-17	6.299080E-18
5.486018E+03	5.980709E-17	6.206142E-18
5.495920E+03	5.912704E-17	6.114613E-18
5.505823E+03	5.845835E-17	6.025011E-18
5.515725E+03	5.780617E-17	5.937840E-18
5.525628E+03	5.717435E-17	5.853465E-18
5.535530E+03	5.656776E-17	5.772351E-18
5.545433E+03	5.599107E-17	5.694935E-18
5.555335E+03	5.544806E-17	5.621561E-18
5.565238E+03	5.494221E-17	5.552537E-18
5.575141E+03	5.447770E-17	5.488237E-18
5.585043E+03	5.405653E-17	5.428815E-18
5.594946E+03	5.368130E-17	5.374482E-18
5.604848E+03	5.335346E-17	5.325334E-18
5.614751E+03	5.307444E-17	5.281459E-18
5.624653E+03	5.284450E-17	5.242836E-18
5.634556E+03	5.266334E-17	5.209386E-18
5.644459E+03	5.253072E-17	5.181036E-18
5.654361E+03	5.244595E-17	5.157672E-18
5.664264E+03	5.240691E-17	5.139044E-18
5.674166E+03	5.241231E-17	5.124983E-18
5.684069E+03	5.246022E-17	5.115260E-18
5.693971E+03	5.254861E-17	5.109644E-18
5.703874E+03	5.267664E-17	5.108019E-18
5.713776E+03	5.284134E-17	5.110064E-18
5.723679E+03	5.304218E-17	5.115700E-18
5.733582E+03	5.327709E-17	5.124701E-18
5.743484E+03	5.354541E-17	5.136978E-18
5.753387E+03	5.384611E-17	5.152407E-18
5.763289E+03	5.417833E-17	5.170887E-18
5.773192E+03	5.454203E-17	5.192390E-18
5.783094E+03	5.493612E-17	5.216794E-18
5.792997E+03	5.536082E-17	5.244100E-18
5.802899E+03	5.581587E-17	5.274267E-18
5.812802E+03	5.630047E-17	5.307203E-18
5.822705E+03	5.681579E-17	5.343000E-18
5.832607E+03	5.736054E-17	5.381522E-18
5.842510E+03	5.793598E-17	5.422874E-18
5.852412E+03	5.854153E-17	5.466985E-18
5.862315E+03	5.917717E-17	5.513843E-18
5.872217E+03	5.984352E-17	5.563492E-18
5.882120E+03	6.053908E-17	5.615780E-18
5.892022E+03	6.126426E-17	5.670735E-18
5.901925E+03	6.201940E-17	5.728380E-18
5.911828E+03	6.280260E-17	5.788529E-18
5.921730E+03	6.361395E-17	5.851185E-18
5.931633E+03	6.445275E-17	5.916276E-18
5.941535E+03	6.531743E-17	5.983653E-18
5.951438E+03	6.620707E-17	6.053230E-18
5.961340E+03	6.712064E-17	6.124909E-18
5.971243E+03	6.805630E-17	6.198521E-18
5.981146E+03	6.901283E-17	6.273958E-18
5.991048E+03	6.998979E-17	6.351182E-18
6.000951E+03	7.098341E-17	6.429853E-18
6.010853E+03	7.199389E-17	6.509995E-18
6.020756E+03	7.301711E-17	6.591244E-18
6.030658E+03	7.405306E-17	6.673608E-18
6.040561E+03	7.509726E-17	6.756692E-18
6.050463E+03	7.614850E-17	6.840400E-18
6.060366E+03	7.720265E-17	6.924376E-18
6.070269E+03	7.825810E-17	7.008490E-18
6.080171E+03	7.931023E-17	7.092346E-18
6.090074E+03	8.035505E-17	7.175606E-18
6.099976E+03	8.139036E-17	7.258093E-18
6.109879E+03	8.241090E-17	7.339362E-18
6.119781E+03	8.341450E-17	7.419242E-18
6.129684E+03	8.439830E-17	7.497504E-18
6.139586E+03	8.536001E-17	7.573969E-18
6.149489E+03	8.629804E-17	7.648521E-18
6.159392E+03	8.721337E-17	7.721273E-18
6.169294E+03	8.810548E-17	7.792204E-18
6.179197E+03	8.897507E-17	7.861400E-18
6.189099E+03	8.982303E-17	7.928965E-18
6.199002E+03	9.065275E-17	7.995220E-18
6.208904E+03	9.146313E-17	8.060093E-18
6.218807E+03	9.225543E-17	8.123712E-18
6.228709E+03	9.303219E-17	8.186305E-18
6.238612E+03	9.379497E-17	8.248009E-18
6.248515E+03	9.454404E-17	8.308842E-18
6.258417E+03	9.527968E-17	8.368826E-18
6.268320E+03	9.600458E-17	8.428193E-18
6.278222E+03	9.671758E-17	8.486834E-18
6.288125E+03	9.742009E-17	8.544867E-18
6.298027E+03	9.811205E-17	8.602281E-18
6.307930E+03	9.879353E-17	8.659073E-18
6.317833E+03	9.946422E-17	8.715208E-18
6.327735E+03	1.001237E-16	8.770644E-18
6.337638E+03	1.007717E-16	8.825341E-18
6.347540E+03	1.014060E-16	8.879104E-18
6.357443E+03	1.020275E-16	8.931990E-18
6.367345E+03	1.026350E-16	8.983904E-18
6.377248E+03	1.032294E-16	9.034896E-18
6.387150E+03	1.038111E-16	9.085000E-18
6.397053E+03	1.043777E-16	9.133993E-18
6.406956E+03	1.049313E-16	9.182046E-18
6.416858E+03	1.054711E-16	9.229087E-18
6.426761E+03	1.059979E-16	9.275167E-18
6.436663E+03	1.065095E-16	9.320079E-18
6.446566E+03	1.070085E-16	9.364049E-18
6.456468E+03	1.074930E-16	9.406891E-18
6.466371E+03	1.079642E-16	9.448696E-18
6.476273E+03	1.084201E-16	9.489296E-18
6.486176E+03	1.088625E-16	9.528811E-18
6.496079E+03	1.092929E-16	9.567385E-18
6.505981E+03	1.097081E-16	9.604715E-18
6.515884E+03	1.101099E-16	9.640953E-18
6.525786E+03	1.105005E-16	9.676274E-18
6.535689E+03	1.108766E-16	9.710384E-18
6.545591E+03	1.112422E-16	9.743627E-18
6.555494E+03	1.115941E-16	9.775701E-18
6.565396E+03	1.119361E-16	9.806942E-18
6.575299E+03	1.122649E-16	9.837043E-18
6.585202E+03	1.125826E-16	9.866184E-18
6.595104E+03	1.128890E-16	9.894336E-18
6.605007E+03	1.131824E-16	9.921341E-18
6.614909E+03	1.134644E-16	9.947332E-18
6.624812E+03	1.137329E-16	9.972119E-18
6.634714E+03	1.139875E-16	9.995666E-18
6.644617E+03	1.142301E-16	1.001811E-17
6.654520E+03	1.144582E-16	1.003926E-17
6.664422E+03	1.146698E-16	1.005891E-17
6.674325E+03	1.148685E-16	1.007738E-17
6.684227E+03	1.150502E-16	1.009430E-17
6.694130E+03	1.152167E-16	1.010982E-17
6.704032E+03	1.153680E-16	1.012395E-17
6.713935E+03	1.155019E-16	1.013648E-17
6.723837E+03	1.156182E-16	1.014740E-17
6.733740E+03	1.157167E-16	1.015668E-17
6.743643E+03	1.157994E-16	1.016450E-17
6.753545E+03	1.158640E-16	1.017067E-17
6.763448E+03	1.159084E-16	1.017497E-17
6.773350E+03	1.159342E-16	1.017758E-17
6.783253E+03	1.159416E-16	1.017848E-17
6.793155E+03	1.159304E-16	1.017769E-17
6.803058E+03	1.158983E-16	1.017499E-17
6.812960E+03	1.158453E-16	1.017037E-17
6.822863E+03	1.157737E-16	1.016406E-17
6.832766E+03	1.156811E-16	1.015584E-17
6.842668E+03	1.155677E-16	1.014573E-17
6.852571E+03	1.154335E-16	1.013374E-17
6.862473E+03	1.152788E-16	1.011989E-17
6.872376E+03	1.151034E-16	1.010418E-17
6.882278E+03	1.149075E-16	1.008663E-17
6.892181E+03	1.146891E-16	1.006707E-17
6.902083E+03	1.144483E-16	1.004552E-17
6.911986E+03	1.141874E-16	1.002218E-17
6.921889E+03	1.139066E-16	9.997084E-18
6.931791E+03	1.136020E-16	9.969888E-18
6.941694E+03	1.132783E-16	9.941020E-18
6.951596E+03	1.129338E-16	9.910337E-18
6.961499E+03	1.125689E-16	9.877885E-18
6.971401E+03	1.121821E-16	9.843538E-18
6.981304E+03	1.117762E-16	9.807557E-18
6.991207E+03	1.113520E-16	9.770018E-18
7.001109E+03	1.109101E-16	9.730988E-18
7.011012E+03	1.104490E-16	9.690348E-18
7.020914E+03	1.099697E-16	9.648188E-18
7.030817E+03	1.094750E-16	9.604767E-18
7.040719E+03	1.089638E-16	9.559996E-18
7.050622E+03	1.084345E-16	9.513757E-18
7.060524E+03	1.078926E-16	9.466535E-18
7.070427E+03	1.073369E-16	9.418234E-18
7.080330E+03	1.067685E-16	9.368975E-18
7.090232E+03	1.061865E-16	9.318666E-18
7.100135E+03	1.055942E-16	9.267629E-18
7.110037E+03	1.049931E-16	9.215996E-18
7.119940E+03	1.043826E-16	9.163724E-18
7.129842E+03	1.037642E-16	9.110961E-18
7.139745E+03	1.031417E-16	9.058056E-18
7.149647E+03	1.025150E-16	9.004991E-18
7.159550E+03	1.018855E-16	8.951925E-18
7.169453E+03	1.012553E-16	8.899036E-18
7.179355E+03	1.006261E-16	8.846486E-18
7.189258E+03	9.999727E-17	8.794227E-18
7.199160E+03	9.937456E-17	8.742785E-18
7.209063E+03	9.875710E-17	8.692087E-18
7.218965E+03	9.814185E-17	8.641876E-18
7.228868E+03	9.753594E-17	8.592792E-18
7.238770E+03	9.693396E-17	8.544366E-18
7.248673E+03	9.634051E-17	8.497015E-18
7.258576E+03	9.575396E-17	8.450603E-18
7.268478E+03	9.517440E-17	8.405151E-18
7.278381E+03	9.460006E-17	8.360509E-18
7.288283E+03	9.403104E-17	8.316696E-18
7.298186E+03	9.346737E-17	8.273724E-18
7.308088E+03	9.290907E-17	8.231603E-18
7.317991E+03	9.235243E-17	8.190012E-18
7.327894E+03	9.179958E-17	8.149148E-18
7.337796E+03	9.124699E-17	8.108703E-18
7.347699E+03	9.069321E-17	8.068555E-18
7.357601E+03	9.013690E-17	8.028589E-18
7.367504E+03	8.958089E-17	7.989063E-18
7.377406E+03	8.902599E-17	7.950051E-18
7.387309E+03	8.847711E-17	7.911994E-18
7.397211E+03	8.793901E-17	7.875300E-18
7.407114E+03	8.741063E-17	7.839858E-18
7.417017E+03	8.689482E-17	7.805904E-18
7.426919E+03	8.639612E-17	7.773831E-18
7.436822E+03	8.591151E-17	7.743352E-18
7.446724E+03	8.544544E-17	7.714854E-18
7.456627E+03	8.499835E-17	7.688366E-18
7.466529E+03	8.457090E-17	7.663938E-18
7.476432E+03	8.416333E-17	7.641579E-18
7.486334E+03	8.377621E-17	7.621335E-18
7.496237E+03	8.341160E-17	7.603385E-18
7.506140E+03	8.306788E-17	7.587576E-18
7.516042E+03	8.274702E-17	7.574082E-18
7.525945E+03	8.244711E-17	7.562725E-18
7.535847E+03	8.216982E-17	7.553654E-18
7.545750E+03	8.191483E-17	7.546837E-18
7.555652E+03	8.167971E-17	7.542047E-18
7.565555E+03	8.146591E-17	7.539418E-18
7.575457E+03	8.127267E-17	7.538877E-18
7.585360E+03	8.109735E-17	7.540178E-18
7.595263E+03	8.094110E-17	7.543426E-18
7.605165E+03	8.080121E-17	7.548368E-18
7.615068E+03	8.068059E-17	7.555274E-18
7.624970E+03	8.057456E-17	7.563705E-18
7.634873E+03	8.048428E-17	7.573770E-18
7.644775E+03	8.040685E-17	7.585192E-18
7.654678E+03	8.034335E-17	7.598074E-18
7.664581E+03	8.029293E-17	7.612330E-18
7.674483E+03	8.025455E-17	7.627864E-18
7.684386E+03	8.022549E-17	7.644412E-18
7.694288E+03	8.020676E-17	7.662069E-18
7.704191E+03	8.019736E-17	7.680736E-18
7.714093E+03	8.019456E-17	7.700148E-18
7.723996E+03	8.019946E-17	7.720408E-18
7.733898E+03	8.020941E-17	7.741255E-18
7.743801E+03	8.022569E-17	7.762807E-18
7.753704E+03	8.024360E-17	7.784607E-18
7.763606E+03	8.026870E-17	7.807187E-18
7.773509E+03	8.029436E-17	7.829899E-18
7.783411E+03	8.032215E-17	7.852888E-18
7.793314E+03	8.034959E-17	7.875905E-18
7.803216E+03	8.037824E-17	7.899095E-18
7.813119E+03	8.040554E-17	7.922202E-18
7.823021E+03	8.042895E-17	7.944964E-18
7.832924E+03	8.044807E-17	7.967335E-18
7.842827E+03	8.046231E-17	7.989245E-18
7.852729E+03	8.046919E-17	8.010438E-18
7.862632E+03	8.046631E-17	8.030662E-18
7.872534E+03	8.045113E-17	8.049650E-18
7.882437E+03	8.042327E-17	8.067349E-18
7.892339E+03	8.037846E-17	8.083317E-18
7.902242E+03	8.032239E-17	8.098107E-18
7.912144E+03	8.025505E-17	8.111706E-18
7.922047E+03	8.017613E-17	8.124071E-18
7.931950E+03	8.008975E-17	8.135605E-18
7.941852E+03	7.999573E-17	8.146283E-18
7.951755E+03	7.989819E-17	8.156515E-18
7.961657E+03	7.979277E-17	8.165850E-18
7.971560E+03	7.968567E-17	8.174914E-18
7.981462E+03	7.957478E-17	8.183487E-18
7.991365E+03	7.945994E-17	8.191547E-18
8.001268E+03	7.934315E-17	8.199296E-18
8.011170E+03	7.922433E-17	8.206722E-18
8.021073E+03	7.910136E-17	8.213604E-18
8.030975E+03	7.897641E-17	8.220160E-18
8.040878E+03	7.884931E-17	8.226373E-18
8.050780E+03	7.872237E-17	8.232479E-18
8.060683E+03	7.859130E-17	8.238031E-18
8.070585E+03	7.845849E-17	8.243276E-18
8.080488E+03	7.832400E-17	8.248218E-18
8.090391E+03	7.818811E-17	8.252887E-18
8.100293E+03	7.805088E-17	8.257289E-18
8.110196E+03	7.791275E-17	8.261469E-18
8.120098E+03	7.777184E-17	8.265228E-18
8.130001E+03	7.763053E-17	8.268819E-18
8.139903E+03	7.748924E-17	8.272288E-18
8.149806E+03	7.734834E-17	8.275676E-18
8.159708E+03	7.720611E-17	8.278800E-18
8.169611E+03	7.706311E-17	8.281724E-18
8.179514E+03	7.692196E-17	8.284729E-18
8.189416E+03	7.678100E-17	8.287640E-18
8.199319E+03	7.664097E-17	8.290541E-18
8.209221E+03	7.650439E-17	8.293709E-18
8.219124E+03	7.636775E-17	8.296766E-18
8.229026E+03	7.623582E-17	8.300236E-18
8.238929E+03	7.610710E-17	8.303961E-18
8.248831E+03	7.597999E-17	8.307774E-18
8.258734E+03	7.585930E-17	8.312205E-18
8.268637E+03	7.574111E-17	8.316833E-18
8.278539E+03	7.562812E-17	8.321960E-18
8.288442E+03	7.552062E-17	8.327626E-18
8.298344E+03	7.541681E-17	8.333641E-18
8.308247E+03	7.531908E-17	8.340275E-18
8.318149E+03	7.522547E-17	8.347322E-18
8.328052E+03	7.513619E-17	8.354812E-18
8.337955E+03	7.505362E-17	8.363017E-18
8.347857E+03	7.497570E-17	8.371719E-18
8.357760E+03	7.490257E-17	8.380941E-18
8.367662E+03	7.483654E-17	8.390951E-18
8.377565E+03	7.477335E-17	8.401280E-18
8.387467E+03	7.471530E-17	8.412196E-18
8.397370E+03	7.466251E-17	8.423722E-18
8.407272E+03	7.461509E-17	8.435880E-18
8.417175E+03	7.457094E-17	8.448442E-18
8.427078E+03	7.453240E-17	8.461682E-18
8.436980E+03	7.449961E-17	8.475626E-18
8.446883E+03	7.447051E-17	8.490051E-18
8.456785E+03	7.444525E-17	8.504984E-18
8.466688E+03	7.442629E-17	8.520716E-18
8.476590E+03	7.441161E-17	8.537024E-18
8.486493E+03	7.440143E-17	8.553948E-18
8.496395E+03	7.439603E-17	8.571528E-18
8.506298E+03	7.439565E-17	8.589805E-18
8.516201E+03	7.439831E-17	8.608558E-18
8.526103E+03	7.440882E-17	8.628359E-18
8.536006E+03	7.442292E-17	8.648722E-18
8.545908E+03	7.444084E-17	8.669688E-18
8.555811E+03	7.446513E-17	8.691565E-18
8.565713E+03	7.449372E-17	8.714124E-18
8.575616E+03	7.452682E-17	8.737400E-18
8.585518E+03	7.456458E-17	8.761425E-18
8.595421E+03	7.460716E-17	8.786228E-18
8.605324E+03	7.465467E-17	8.811837E-18
8.615226E+03	7.470483E-17	8.837993E-18
8.625129E+03	7.475768E-17	8.864712E-18
8.635031E+03	7.481558E-17	8.892288E-18
8.644934E+03	7.487614E-17	8.920448E-18
8.654836E+03	7.493932E-17	8.949201E-18
8.664739E+03	7.500266E-17	8.978260E-18
8.674642E+03	7.506845E-17	9.007914E-18
8.684544E+03	7.513421E-17	9.037874E-18
8.694447E+03	7.519978E-17	9.068131E-18
8.704349E+03	7.526259E-17	9.098383E-18
8.714252E+03	7.532492E-17	9.128915E-18
8.724154E+03	7.538657E-17	9.159712E-18
8.734057E+03	7.544237E-17	9.190151E-18
8.743959E+03	7.549704E-17	9.220815E-18
8.753862E+03	7.554527E-17	9.251063E-18
8.763765E+03	7.558928E-17	9.281168E-18
8.773667E+03	7.562879E-17	9.311104E-18
8.783570E+03	7.566352E-17	9.340839E-18
8.793472E+03	7.569583E-17	9.370672E-18
8.803375E+03	7.572557E-17	9.400590E-18
8.813277E+03	7.575265E-17	9.430588E-18
8.823180E+03	7.577963E-17	9.460992E-18
8.833082E+03	7.580911E-17	9.492137E-18
8.842985E+03	7.583831E-17	9.523685E-18
8.852888E+03	7.586697E-17	9.555602E-18
8.862790E+03	7.590021E-17	9.588530E-18
8.872693E+03	7.593507E-17	9.622090E-18
8.882595E+03	7.597130E-17	9.656246E-18
8.892498E+03	7.601421E-17	9.691670E-18
8.902400E+03	7.605807E-17	9.727630E-18
8.912303E+03	7.610829E-17	9.764816E-18
8.951913E+03	7.635290E-17	9.923239E-18
8.991523E+03	7.668202E-17	1.009901E-17
9.031134E+03	7.711430E-17	1.029464E-17
9.070744E+03	7.765917E-17	1.051156E-17
9.110354E+03	7.833357E-17	1.075233E-17
9.149964E+03	7.912743E-17	1.101591E-17
9.189575E+03	8.004810E-17	1.130368E-17
9.229185E+03	8.108163E-17	1.161408E-17
9.268795E+03	8.221618E-17	1.194572E-17
9.308405E+03	8.341906E-17	1.229410E-17
9.348016E+03	8.466285E-17	1.265523E-17
9.387626E+03	8.592034E-17	1.302492E-17
9.427236E+03	8.715863E-17	1.339790E-17
9.466846E+03	8.836184E-17	1.377125E-17
9.506456E+03	8.951251E-17	1.414169E-17
9.546067E+03	9.059336E-17	1.450582E-17
9.585677E+03	9.160692E-17	1.486332E-17
9.625287E+03	9.254454E-17	1.521205E-17
9.664897E+03	9.339244E-17	1.554897E-17
9.704508E+03	9.415410E-17	1.587383E-17
9.744118E+03	9.482850E-17	1.618569E-17
9.783728E+03	9.541195E-17	1.648313E-17
9.823338E+03	9.589729E-17	1.676413E-17
9.862949E+03	9.627699E-17	1.702656E-17
9.902559E+03	9.654501E-17	1.726853E-17
9.942169E+03	9.669578E-17	1.748821E-17
9.981779E+03	9.673139E-17	1.768515E-17
1.002139E+04	9.664646E-17	1.785757E-17
1.006100E+04	9.642792E-17	1.800223E-17
1.010061E+04	9.608206E-17	1.811948E-17
1.014022E+04	9.561725E-17	1.821017E-17
1.017983E+04	9.502399E-17	1.827175E-17
1.021944E+04	9.431254E-17	1.830553E-17
