#wls	flux	fluxerr
1.584409E+03	1.129070E-16	1.210748E-17
1.624020E+03	1.163109E-16	1.244696E-17
1.663630E+03	1.194463E-16	1.275574E-17
1.703240E+03	1.222658E-16	1.302887E-17
1.742850E+03	1.247284E-16	1.326218E-17
1.782461E+03	1.267362E-16	1.344550E-17
1.822071E+03	1.281779E-16	1.356732E-17
1.861681E+03	1.289091E-16	1.361280E-17
1.901291E+03	1.287660E-16	1.356517E-17
1.940902E+03	1.276109E-16	1.341063E-17
1.980512E+03	1.254040E-16	1.314579E-17
2.020122E+03	1.223264E-16	1.279046E-17
2.059732E+03	1.188490E-16	1.239448E-17
2.099342E+03	1.158031E-16	1.204470E-17
2.138953E+03	1.140901E-16	1.183428E-17
2.178563E+03	1.142407E-16	1.181703E-17
2.218173E+03	1.161852E-16	1.198414E-17
2.257783E+03	1.192996E-16	1.226984E-17
2.297394E+03	1.227996E-16	1.259258E-17
2.337004E+03	1.260280E-16	1.288478E-17
2.376614E+03	1.285778E-16	1.310514E-17
2.416224E+03	1.302771E-16	1.323683E-17
2.455835E+03	1.310782E-16	1.327578E-17
2.495445E+03	1.310318E-16	1.322798E-17
2.535055E+03	1.302191E-16	1.310244E-17
2.574665E+03	1.287181E-16	1.290777E-17
2.614276E+03	1.266128E-16	1.265308E-17
2.653886E+03	1.239743E-16	1.234613E-17
2.693496E+03	1.208738E-16	1.199458E-17
2.733106E+03	1.173709E-16	1.160486E-17
2.772716E+03	1.135236E-16	1.118320E-17
2.812327E+03	1.093867E-16	1.073540E-17
2.851937E+03	1.050278E-16	1.026847E-17
2.891547E+03	1.005107E-16	9.788929E-18
2.931157E+03	9.590000E-17	9.303308E-18
2.970768E+03	9.127288E-17	8.819239E-18
2.980670E+03	9.012285E-17	8.699375E-18
2.990573E+03	8.897692E-17	8.580106E-18
3.000475E+03	8.783606E-17	8.461528E-18
3.010378E+03	8.670308E-17	8.343910E-18
3.020280E+03	8.557888E-17	8.227337E-18
3.030183E+03	8.446437E-17	8.111896E-18
3.040086E+03	8.336139E-17	7.997759E-18
3.049988E+03	8.227423E-17	7.885338E-18
3.059891E+03	8.120689E-17	7.775011E-18
3.069793E+03	8.016052E-17	7.666882E-18
3.079696E+03	7.913472E-17	7.560908E-18
3.089598E+03	7.812775E-17	7.456920E-18
3.099501E+03	7.714276E-17	7.355210E-18
3.109403E+03	7.617670E-17	7.255485E-18
3.119306E+03	7.523138E-17	7.157910E-18
3.129209E+03	7.430855E-17	7.062649E-18
3.139111E+03	7.340720E-17	6.969596E-18
3.149014E+03	7.252922E-17	6.878927E-18
3.158916E+03	7.167372E-17	6.790552E-18
3.168819E+03	7.084272E-17	6.704654E-18
3.178721E+03	7.003684E-17	6.621288E-18
3.188624E+03	6.925554E-17	6.540393E-18
3.198526E+03	6.850086E-17	6.462156E-18
3.208429E+03	6.777356E-17	6.386641E-18
3.218332E+03	6.707440E-17	6.313912E-18
3.228234E+03	6.640417E-17	6.244036E-18
3.238137E+03	6.576376E-17	6.177086E-18
3.248039E+03	6.515399E-17	6.113133E-18
3.257942E+03	6.457467E-17	6.052150E-18
3.267844E+03	6.402875E-17	5.994403E-18
3.277747E+03	6.351500E-17	5.939768E-18
3.287650E+03	6.303539E-17	5.888419E-18
3.297552E+03	6.258976E-17	5.840331E-18
3.307455E+03	6.217998E-17	5.795670E-18
3.317357E+03	6.180688E-17	5.754501E-18
3.327260E+03	6.146957E-17	5.716730E-18
3.337162E+03	6.117070E-17	5.682594E-18
3.347065E+03	6.090944E-17	5.652004E-18
3.356967E+03	6.068756E-17	5.625111E-18
3.366870E+03	6.050598E-17	5.601991E-18
3.376773E+03	6.036392E-17	5.582558E-18
3.386675E+03	6.026400E-17	5.567043E-18
3.396578E+03	6.020552E-17	5.555367E-18
3.406480E+03	6.018947E-17	5.547610E-18
3.416383E+03	6.021684E-17	5.543851E-18
3.426285E+03	6.028780E-17	5.544090E-18
3.436188E+03	6.040419E-17	5.548485E-18
3.446090E+03	6.056548E-17	5.556972E-18
3.455993E+03	6.077273E-17	5.569636E-18
3.465896E+03	6.102623E-17	5.586488E-18
3.475798E+03	6.132783E-17	5.607683E-18
3.485701E+03	6.167707E-17	5.633166E-18
3.495603E+03	6.207441E-17	5.662963E-18
3.505506E+03	6.252160E-17	5.697219E-18
3.515408E+03	6.301758E-17	5.735823E-18
3.525311E+03	6.356342E-17	5.778856E-18
3.535213E+03	6.416027E-17	5.826408E-18
3.545116E+03	6.480766E-17	5.878421E-18
3.555019E+03	6.550669E-17	5.934980E-18
3.564921E+03	6.625692E-17	5.996028E-18
3.574824E+03	6.705851E-17	6.061565E-18
3.584726E+03	6.791243E-17	6.131663E-18
3.594629E+03	6.881728E-17	6.206180E-18
3.604531E+03	6.977453E-17	6.285234E-18
3.614434E+03	7.078344E-17	6.368742E-18
3.624337E+03	7.184376E-17	6.456665E-18
3.634239E+03	7.295446E-17	6.548897E-18
3.644142E+03	7.411585E-17	6.645451E-18
3.654044E+03	7.532725E-17	6.746250E-18
3.663947E+03	7.658723E-17	6.851153E-18
3.673849E+03	7.789552E-17	6.960122E-18
3.683752E+03	7.925105E-17	7.073046E-18
3.693654E+03	8.065167E-17	7.189721E-18
3.703557E+03	8.209817E-17	7.310205E-18
3.713460E+03	8.358726E-17	7.434192E-18
3.723362E+03	8.511763E-17	7.561555E-18
3.733265E+03	8.668881E-17	7.692240E-18
3.743167E+03	8.829660E-17	7.825865E-18
3.753070E+03	8.994079E-17	7.962401E-18
3.762972E+03	9.161760E-17	8.101504E-18
3.772875E+03	9.332558E-17	8.243040E-18
3.782777E+03	9.506219E-17	8.386775E-18
3.792680E+03	9.682370E-17	8.532376E-18
3.802583E+03	9.860712E-17	8.679574E-18
3.812485E+03	1.004102E-16	8.828168E-18
3.822388E+03	1.022287E-16	8.977772E-18
3.832290E+03	1.040598E-16	9.128157E-18
3.842193E+03	1.058990E-16	9.278908E-18
3.852095E+03	1.077433E-16	9.429772E-18
3.861998E+03	1.095886E-16	9.580393E-18
3.871900E+03	1.114309E-16	9.730417E-18
3.881803E+03	1.132668E-16	9.879564E-18
3.891706E+03	1.150912E-16	1.002738E-17
3.901608E+03	1.169006E-16	1.017358E-17
3.911511E+03	1.186917E-16	1.031787E-17
3.921413E+03	1.204580E-16	1.045971E-17
3.931316E+03	1.221983E-16	1.059899E-17
3.941218E+03	1.239071E-16	1.073527E-17
3.951121E+03	1.255802E-16	1.086817E-17
3.961024E+03	1.272144E-16	1.099745E-17
3.970926E+03	1.288045E-16	1.112266E-17
3.980829E+03	1.303487E-16	1.124367E-17
3.990731E+03	1.318431E-16	1.136015E-17
4.000634E+03	1.332840E-16	1.147182E-17
4.010536E+03	1.346667E-16	1.157827E-17
4.020439E+03	1.359901E-16	1.167945E-17
4.030341E+03	1.372510E-16	1.177509E-17
4.040244E+03	1.384466E-16	1.186497E-17
4.050147E+03	1.395741E-16	1.194888E-17
4.060049E+03	1.406310E-16	1.202662E-17
4.069952E+03	1.416165E-16	1.209815E-17
4.079854E+03	1.425273E-16	1.216322E-17
4.089757E+03	1.433631E-16	1.222181E-17
4.099659E+03	1.441226E-16	1.227384E-17
4.109562E+03	1.448048E-16	1.231926E-17
4.119464E+03	1.454092E-16	1.235802E-17
4.129367E+03	1.459353E-16	1.239014E-17
4.139270E+03	1.463844E-16	1.241573E-17
4.149172E+03	1.467546E-16	1.243465E-17
4.159075E+03	1.470476E-16	1.244708E-17
4.168977E+03	1.472658E-16	1.245325E-17
4.178880E+03	1.474082E-16	1.245307E-17
4.188782E+03	1.474776E-16	1.244682E-17
4.198685E+03	1.474748E-16	1.243458E-17
4.208587E+03	1.474034E-16	1.241666E-17
4.218490E+03	1.472645E-16	1.239320E-17
4.228393E+03	1.470597E-16	1.236434E-17
4.238295E+03	1.467944E-16	1.233054E-17
4.248198E+03	1.464679E-16	1.229176E-17
4.258100E+03	1.460857E-16	1.224849E-17
4.268003E+03	1.456499E-16	1.220091E-17
4.277905E+03	1.451634E-16	1.214928E-17
4.287808E+03	1.446283E-16	1.209377E-17
4.297711E+03	1.440485E-16	1.203475E-17
4.307613E+03	1.434271E-16	1.197246E-17
4.317516E+03	1.427651E-16	1.190702E-17
4.327418E+03	1.420690E-16	1.183895E-17
4.337321E+03	1.413397E-16	1.176835E-17
4.347223E+03	1.405819E-16	1.169562E-17
4.357126E+03	1.397981E-16	1.162095E-17
4.367028E+03	1.389927E-16	1.154473E-17
4.376931E+03	1.381668E-16	1.146704E-17
4.386834E+03	1.373261E-16	1.138835E-17
4.396736E+03	1.364724E-16	1.130881E-17
4.406639E+03	1.356073E-16	1.122856E-17
4.416541E+03	1.347359E-16	1.114801E-17
4.426444E+03	1.338596E-16	1.106729E-17
4.436346E+03	1.329809E-16	1.098657E-17
4.446249E+03	1.321020E-16	1.090606E-17
4.456151E+03	1.312252E-16	1.082594E-17
4.466054E+03	1.303517E-16	1.074630E-17
4.475957E+03	1.294850E-16	1.066742E-17
4.485859E+03	1.286272E-16	1.058947E-17
4.495762E+03	1.277795E-16	1.051256E-17
4.505664E+03	1.269433E-16	1.043678E-17
4.515567E+03	1.261218E-16	1.036239E-17
4.525469E+03	1.253176E-16	1.028961E-17
4.535372E+03	1.245309E-16	1.021844E-17
4.545274E+03	1.237663E-16	1.014927E-17
4.555177E+03	1.230231E-16	1.008200E-17
4.565080E+03	1.223048E-16	1.001694E-17
4.574982E+03	1.216140E-16	9.954298E-18
4.584885E+03	1.209523E-16	9.894181E-18
4.594787E+03	1.203223E-16	9.836799E-18
4.604690E+03	1.197244E-16	9.782180E-18
4.614592E+03	1.191635E-16	9.730722E-18
4.624495E+03	1.186390E-16	9.682367E-18
4.634398E+03	1.181548E-16	9.637422E-18
4.644300E+03	1.177124E-16	9.596004E-18
4.654203E+03	1.173145E-16	9.558315E-18
4.664105E+03	1.169610E-16	9.524356E-18
4.674008E+03	1.166539E-16	9.494279E-18
4.683910E+03	1.163926E-16	9.468018E-18
4.693813E+03	1.161794E-16	9.445755E-18
4.703715E+03	1.160116E-16	9.427264E-18
4.713618E+03	1.158898E-16	9.412581E-18
4.723521E+03	1.158130E-16	9.401629E-18
4.733423E+03	1.157793E-16	9.394239E-18
4.743326E+03	1.157890E-16	9.390425E-18
4.753228E+03	1.158399E-16	9.390008E-18
4.763131E+03	1.159312E-16	9.392917E-18
4.773033E+03	1.160619E-16	9.399066E-18
4.782936E+03	1.162312E-16	9.408380E-18
4.792838E+03	1.164370E-16	9.420682E-18
4.802741E+03	1.166807E-16	9.436084E-18
4.812644E+03	1.169578E-16	9.454220E-18
4.822546E+03	1.172696E-16	9.475187E-18
4.832449E+03	1.176140E-16	9.498805E-18
4.842351E+03	1.179910E-16	9.525072E-18
4.852254E+03	1.183970E-16	9.553706E-18
4.862156E+03	1.188322E-16	9.584697E-18
4.872059E+03	1.192951E-16	9.617941E-18
4.881961E+03	1.197834E-16	9.653232E-18
4.891864E+03	1.202969E-16	9.690560E-18
4.901767E+03	1.208330E-16	9.729713E-18
4.911669E+03	1.213916E-16	9.770678E-18
4.921572E+03	1.219689E-16	9.813140E-18
4.931474E+03	1.225658E-16	9.857181E-18
4.941377E+03	1.231786E-16	9.902489E-18
4.951279E+03	1.238071E-16	9.949050E-18
4.961182E+03	1.244486E-16	9.996652E-18
4.971085E+03	1.251031E-16	1.004528E-17
4.980987E+03	1.257692E-16	1.009483E-17
4.990890E+03	1.264431E-16	1.014498E-17
5.000792E+03	1.271246E-16	1.019573E-17
5.010695E+03	1.278124E-16	1.024697E-17
5.020597E+03	1.285052E-16	1.029860E-17
5.030500E+03	1.291991E-16	1.035029E-17
5.040402E+03	1.298953E-16	1.040214E-17
5.050305E+03	1.305923E-16	1.045403E-17
5.060208E+03	1.312848E-16	1.050554E-17
5.070110E+03	1.319750E-16	1.055686E-17
5.080013E+03	1.326589E-16	1.060763E-17
5.089915E+03	1.333344E-16	1.065772E-17
5.099818E+03	1.339999E-16	1.070698E-17
5.109720E+03	1.346519E-16	1.075514E-17
5.119623E+03	1.352896E-16	1.080213E-17
5.129525E+03	1.359094E-16	1.084767E-17
5.139428E+03	1.365087E-16	1.089155E-17
5.149331E+03	1.370849E-16	1.093356E-17
5.159233E+03	1.376324E-16	1.097326E-17
5.169136E+03	1.381510E-16	1.101064E-17
5.179038E+03	1.386363E-16	1.104534E-17
5.188941E+03	1.390837E-16	1.107700E-17
5.198843E+03	1.394897E-16	1.110535E-17
5.208746E+03	1.398511E-16	1.113013E-17
5.218648E+03	1.401630E-16	1.115096E-17
5.228551E+03	1.404237E-16	1.116770E-17
5.238454E+03	1.406268E-16	1.117985E-17
5.248356E+03	1.407708E-16	1.118729E-17
5.258259E+03	1.408498E-16	1.118957E-17
5.268161E+03	1.408626E-16	1.118658E-17
5.278064E+03	1.408054E-16	1.117804E-17
5.287966E+03	1.406764E-16	1.116380E-17
5.297869E+03	1.404739E-16	1.114374E-17
5.307772E+03	1.401940E-16	1.111756E-17
5.317674E+03	1.398380E-16	1.108534E-17
5.327577E+03	1.394043E-16	1.104700E-17
5.337479E+03	1.388939E-16	1.100260E-17
5.347382E+03	1.383055E-16	1.095205E-17
5.357284E+03	1.376440E-16	1.089574E-17
5.367187E+03	1.369083E-16	1.083360E-17
5.377089E+03	1.361019E-16	1.076590E-17
5.386992E+03	1.352293E-16	1.069300E-17
5.396895E+03	1.342887E-16	1.061478E-17
5.406797E+03	1.332793E-16	1.053116E-17
5.416700E+03	1.322009E-16	1.044216E-17
5.426602E+03	1.310663E-16	1.034877E-17
5.436505E+03	1.298870E-16	1.025191E-17
5.446407E+03	1.286722E-16	1.015231E-17
5.456310E+03	1.274317E-16	1.005075E-17
5.466212E+03	1.261751E-16	9.947981E-18
5.476115E+03	1.249096E-16	9.844581E-18
5.486018E+03	1.236475E-16	9.741510E-18
5.495920E+03	1.223957E-16	9.639313E-18
5.505823E+03	1.211619E-16	9.538601E-18
5.515725E+03	1.199561E-16	9.440151E-18
5.525628E+03	1.187838E-16	9.344402E-18
5.535530E+03	1.176525E-16	9.251941E-18
5.545433E+03	1.165691E-16	9.163300E-18
5.555335E+03	1.155385E-16	9.078859E-18
5.565238E+03	1.145661E-16	8.999039E-18
5.575141E+03	1.136553E-16	8.924107E-18
5.585043E+03	1.128089E-16	8.854277E-18
5.594946E+03	1.120302E-16	8.789797E-18
5.604848E+03	1.113194E-16	8.730677E-18
5.614751E+03	1.106805E-16	8.677233E-18
5.624653E+03	1.101114E-16	8.629283E-18
5.634556E+03	1.096138E-16	8.586961E-18
5.644459E+03	1.091866E-16	8.550163E-18
5.654361E+03	1.088269E-16	8.518676E-18
5.664264E+03	1.085350E-16	8.492501E-18
5.674166E+03	1.083073E-16	8.471357E-18
5.684069E+03	1.081421E-16	8.455098E-18
5.693971E+03	1.080361E-16	8.443475E-18
5.703874E+03	1.079873E-16	8.436314E-18
5.713776E+03	1.079909E-16	8.433236E-18
5.723679E+03	1.080455E-16	8.434134E-18
5.733582E+03	1.081451E-16	8.438525E-18
5.743484E+03	1.082871E-16	8.446208E-18
5.753387E+03	1.084688E-16	8.456976E-18
5.763289E+03	1.086866E-16	8.470533E-18
5.773192E+03	1.089358E-16	8.486511E-18
5.783094E+03	1.092140E-16	8.504726E-18
5.792997E+03	1.095193E-16	8.525019E-18
5.802899E+03	1.098459E-16	8.546954E-18
5.812802E+03	1.101925E-16	8.570405E-18
5.822705E+03	1.105574E-16	8.595254E-18
5.832607E+03	1.109359E-16	8.621128E-18
5.842510E+03	1.113281E-16	8.648040E-18
5.852412E+03	1.117323E-16	8.675849E-18
5.862315E+03	1.121443E-16	8.704233E-18
5.872217E+03	1.125639E-16	8.733171E-18
5.882120E+03	1.129912E-16	8.762680E-18
5.892022E+03	1.134229E-16	8.792495E-18
5.901925E+03	1.138595E-16	8.822655E-18
5.911828E+03	1.143006E-16	8.853139E-18
5.921730E+03	1.147449E-16	8.883828E-18
5.931633E+03	1.151922E-16	8.914726E-18
5.941535E+03	1.156430E-16	8.945867E-18
5.951438E+03	1.160964E-16	8.977177E-18
5.961340E+03	1.165546E-16	9.008826E-18
5.971243E+03	1.170173E-16	9.040786E-18
5.981146E+03	1.174855E-16	9.073151E-18
5.991048E+03	1.179580E-16	9.105815E-18
6.000951E+03	1.184391E-16	9.139119E-18
6.010853E+03	1.189266E-16	9.172883E-18
6.020756E+03	1.194252E-16	9.207481E-18
6.030658E+03	1.199330E-16	9.242756E-18
6.040561E+03	1.204552E-16	9.279113E-18
6.050463E+03	1.209900E-16	9.316416E-18
6.060366E+03	1.215416E-16	9.354985E-18
6.070269E+03	1.221128E-16	9.395033E-18
6.080171E+03	1.227051E-16	9.436674E-18
6.090074E+03	1.233197E-16	9.480004E-18
6.099976E+03	1.239609E-16	9.525346E-18
6.109879E+03	1.246310E-16	9.572883E-18
6.119781E+03	1.253319E-16	9.622755E-18
6.129684E+03	1.260646E-16	9.675035E-18
6.139586E+03	1.268323E-16	9.729969E-18
6.149489E+03	1.276357E-16	9.787607E-18
6.159392E+03	1.284695E-16	9.847548E-18
6.169294E+03	1.293344E-16	9.909836E-18
6.179197E+03	1.302255E-16	9.974093E-18
6.189099E+03	1.311391E-16	1.004004E-17
6.199002E+03	1.320749E-16	1.010765E-17
6.208904E+03	1.330289E-16	1.017661E-17
6.218807E+03	1.339992E-16	1.024678E-17
6.228709E+03	1.349819E-16	1.031785E-17
6.238612E+03	1.359732E-16	1.038952E-17
6.248515E+03	1.369747E-16	1.046194E-17
6.258417E+03	1.379793E-16	1.053455E-17
6.268320E+03	1.389871E-16	1.060735E-17
6.278222E+03	1.399930E-16	1.067995E-17
6.288125E+03	1.409974E-16	1.075239E-17
6.298027E+03	1.419952E-16	1.082428E-17
6.307930E+03	1.429853E-16	1.089554E-17
6.317833E+03	1.439670E-16	1.096610E-17
6.327735E+03	1.449332E-16	1.103543E-17
6.337638E+03	1.458855E-16	1.110365E-17
6.347540E+03	1.468212E-16	1.117056E-17
6.357443E+03	1.477380E-16	1.123598E-17
6.367345E+03	1.486356E-16	1.129990E-17
6.377248E+03	1.495143E-16	1.136232E-17
6.387150E+03	1.503742E-16	1.142327E-17
6.397053E+03	1.512137E-16	1.148261E-17
6.406956E+03	1.520310E-16	1.154023E-17
6.416858E+03	1.528271E-16	1.159619E-17
6.426761E+03	1.535959E-16	1.165003E-17
6.436663E+03	1.543408E-16	1.170201E-17
6.446566E+03	1.550607E-16	1.175206E-17
6.456468E+03	1.557545E-16	1.180008E-17
6.466371E+03	1.564216E-16	1.184604E-17
6.476273E+03	1.570611E-16	1.188986E-17
6.486176E+03	1.576748E-16	1.193169E-17
6.496079E+03	1.582597E-16	1.197130E-17
6.505981E+03	1.588179E-16	1.200885E-17
6.515884E+03	1.593492E-16	1.204434E-17
6.525786E+03	1.598508E-16	1.207753E-17
6.535689E+03	1.603249E-16	1.210862E-17
6.545591E+03	1.607717E-16	1.213761E-17
6.555494E+03	1.611910E-16	1.216450E-17
6.565396E+03	1.615830E-16	1.218929E-17
6.575299E+03	1.619477E-16	1.221199E-17
6.585202E+03	1.622853E-16	1.223262E-17
6.595104E+03	1.625932E-16	1.225098E-17
6.605007E+03	1.628743E-16	1.226730E-17
6.614909E+03	1.631260E-16	1.228138E-17
6.624812E+03	1.633512E-16	1.229345E-17
6.634714E+03	1.635503E-16	1.230352E-17
6.644617E+03	1.637205E-16	1.231141E-17
6.654520E+03	1.638621E-16	1.231712E-17
6.664422E+03	1.639781E-16	1.232090E-17
6.674325E+03	1.640630E-16	1.232233E-17
6.684227E+03	1.641227E-16	1.232185E-17
6.694130E+03	1.641545E-16	1.231927E-17
6.704032E+03	1.641558E-16	1.231438E-17
6.713935E+03	1.641295E-16	1.230742E-17
6.723837E+03	1.640759E-16	1.229841E-17
6.733740E+03	1.639923E-16	1.228715E-17
6.743643E+03	1.638819E-16	1.227388E-17
6.753545E+03	1.637418E-16	1.225839E-17
6.763448E+03	1.635754E-16	1.224093E-17
6.773350E+03	1.633769E-16	1.222109E-17
6.783253E+03	1.631528E-16	1.219932E-17
6.793155E+03	1.628972E-16	1.217522E-17
6.803058E+03	1.626167E-16	1.214927E-17
6.812960E+03	1.623056E-16	1.212105E-17
6.822863E+03	1.619674E-16	1.209083E-17
6.832766E+03	1.615997E-16	1.205842E-17
6.842668E+03	1.612059E-16	1.202409E-17
6.852571E+03	1.607837E-16	1.198767E-17
6.862473E+03	1.603369E-16	1.194943E-17
6.872376E+03	1.598598E-16	1.190898E-17
6.882278E+03	1.593595E-16	1.186682E-17
6.892181E+03	1.588337E-16	1.182281E-17
6.902083E+03	1.582801E-16	1.177676E-17
6.911986E+03	1.577057E-16	1.172921E-17
6.921889E+03	1.571055E-16	1.167978E-17
6.931791E+03	1.564834E-16	1.162876E-17
6.941694E+03	1.558374E-16	1.157602E-17
6.951596E+03	1.551715E-16	1.152186E-17
6.961499E+03	1.544840E-16	1.146613E-17
6.971401E+03	1.537789E-16	1.140916E-17
6.981304E+03	1.530514E-16	1.135058E-17
6.991207E+03	1.523088E-16	1.129094E-17
7.001109E+03	1.515462E-16	1.122988E-17
7.011012E+03	1.507711E-16	1.116795E-17
7.020914E+03	1.499787E-16	1.110481E-17
7.030817E+03	1.491734E-16	1.104078E-17
7.040719E+03	1.483535E-16	1.097574E-17
7.050622E+03	1.475235E-16	1.091002E-17
7.060524E+03	1.466847E-16	1.084373E-17
7.070427E+03	1.458327E-16	1.077652E-17
7.080330E+03	1.449747E-16	1.070896E-17
7.090232E+03	1.441123E-16	1.064114E-17
7.100135E+03	1.432408E-16	1.057273E-17
7.110037E+03	1.423647E-16	1.050406E-17
7.119940E+03	1.414854E-16	1.043524E-17
7.129842E+03	1.406014E-16	1.036615E-17
7.139745E+03	1.397197E-16	1.029731E-17
7.149647E+03	1.388359E-16	1.022840E-17
7.159550E+03	1.379514E-16	1.015952E-17
7.169453E+03	1.370701E-16	1.009097E-17
7.179355E+03	1.361878E-16	1.002243E-17
7.189258E+03	1.353111E-16	9.954390E-18
7.199160E+03	1.344386E-16	9.886741E-18
7.209063E+03	1.335713E-16	9.819566E-18
7.218965E+03	1.327075E-16	9.752740E-18
7.228868E+03	1.318485E-16	9.686350E-18
7.238770E+03	1.309981E-16	9.620685E-18
7.248673E+03	1.301546E-16	9.555620E-18
7.258576E+03	1.293166E-16	9.491044E-18
7.268478E+03	1.284851E-16	9.427046E-18
7.278381E+03	1.276617E-16	9.363722E-18
7.288283E+03	1.268474E-16	9.301164E-18
7.298186E+03	1.260410E-16	9.239283E-18
7.308088E+03	1.252415E-16	9.177992E-18
7.317991E+03	1.244503E-16	9.117404E-18
7.327894E+03	1.236639E-16	9.057265E-18
7.337796E+03	1.228894E-16	8.998093E-18
7.347699E+03	1.221209E-16	8.939448E-18
7.357601E+03	1.213604E-16	8.881487E-18
7.367504E+03	1.206127E-16	8.824555E-18
7.377406E+03	1.198826E-16	8.769004E-18
7.387309E+03	1.191695E-16	8.714797E-18
7.397211E+03	1.184810E-16	8.662477E-18
7.407114E+03	1.178189E-16	8.612179E-18
7.417017E+03	1.171902E-16	8.564410E-18
7.426919E+03	1.165937E-16	8.519076E-18
7.436822E+03	1.160353E-16	8.476610E-18
7.446724E+03	1.155152E-16	8.437020E-18
7.456627E+03	1.150330E-16	8.400273E-18
7.466529E+03	1.145902E-16	8.366473E-18
7.476432E+03	1.141830E-16	8.335338E-18
7.486334E+03	1.138147E-16	8.307117E-18
7.496237E+03	1.134814E-16	8.281511E-18
7.506140E+03	1.131813E-16	8.258388E-18
7.516042E+03	1.129153E-16	8.237820E-18
7.525945E+03	1.126820E-16	8.219695E-18
7.535847E+03	1.124800E-16	8.203907E-18
7.545750E+03	1.123054E-16	8.190169E-18
7.555652E+03	1.121620E-16	8.178761E-18
7.565555E+03	1.120435E-16	8.169227E-18
7.575457E+03	1.119541E-16	8.161856E-18
7.585360E+03	1.118874E-16	8.156194E-18
7.595263E+03	1.118477E-16	8.152550E-18
7.605165E+03	1.118290E-16	8.150475E-18
7.615068E+03	1.118354E-16	8.150281E-18
7.624970E+03	1.118635E-16	8.151711E-18
7.634873E+03	1.119124E-16	8.154707E-18
7.644775E+03	1.119788E-16	8.159013E-18
7.654678E+03	1.120671E-16	8.164956E-18
7.664581E+03	1.121737E-16	8.172279E-18
7.674483E+03	1.122979E-16	8.180927E-18
7.684386E+03	1.124363E-16	8.190648E-18
7.694288E+03	1.125935E-16	8.201771E-18
7.704191E+03	1.127632E-16	8.213852E-18
7.714093E+03	1.129447E-16	8.226833E-18
7.723996E+03	1.131428E-16	8.241053E-18
7.733898E+03	1.133484E-16	8.255866E-18
7.743801E+03	1.135663E-16	8.271614E-18
7.753704E+03	1.137905E-16	8.287851E-18
7.763606E+03	1.140255E-16	8.304919E-18
7.773509E+03	1.142654E-16	8.322378E-18
7.783411E+03	1.145093E-16	8.340175E-18
7.793314E+03	1.147568E-16	8.358262E-18
7.803216E+03	1.150043E-16	8.376392E-18
7.813119E+03	1.152513E-16	8.394524E-18
7.823021E+03	1.154944E-16	8.412404E-18
7.832924E+03	1.157357E-16	8.430202E-18
7.842827E+03	1.159663E-16	8.447252E-18
7.852729E+03	1.161856E-16	8.463513E-18
7.862632E+03	1.163900E-16	8.478731E-18
7.872534E+03	1.165789E-16	8.492867E-18
7.882437E+03	1.167491E-16	8.505668E-18
7.892339E+03	1.168968E-16	8.516876E-18
7.902242E+03	1.170275E-16	8.526879E-18
7.912144E+03	1.171435E-16	8.535855E-18
7.922047E+03	1.172416E-16	8.543556E-18
7.931950E+03	1.173300E-16	8.550602E-18
7.941852E+03	1.174086E-16	8.556966E-18
7.951755E+03	1.174770E-16	8.562629E-18
7.961657E+03	1.175410E-16	8.568008E-18
7.971560E+03	1.176002E-16	8.573084E-18
7.981462E+03	1.176546E-16	8.577848E-18
7.991365E+03	1.177070E-16	8.582508E-18
8.001268E+03	1.177573E-16	8.587053E-18
8.011170E+03	1.178053E-16	8.591475E-18
8.021073E+03	1.178540E-16	8.595994E-18
8.030975E+03	1.179003E-16	8.600375E-18
8.040878E+03	1.179502E-16	8.605068E-18
8.050780E+03	1.179976E-16	8.609618E-18
8.060683E+03	1.180486E-16	8.614480E-18
8.070585E+03	1.180970E-16	8.619196E-18
8.080488E+03	1.181491E-16	8.624227E-18
8.090391E+03	1.182017E-16	8.629349E-18
8.100293E+03	1.182550E-16	8.634566E-18
8.110196E+03	1.183091E-16	8.639887E-18
8.120098E+03	1.183639E-16	8.645316E-18
8.130001E+03	1.184197E-16	8.650869E-18
8.139903E+03	1.184767E-16	8.656556E-18
8.149806E+03	1.185349E-16	8.662390E-18
8.159708E+03	1.185946E-16	8.668391E-18
8.169611E+03	1.186561E-16	8.674570E-18
8.179514E+03	1.187195E-16	8.680950E-18
8.189416E+03	1.187851E-16	8.687550E-18
8.199319E+03	1.188498E-16	8.694143E-18
8.209221E+03	1.189173E-16	8.700996E-18
8.219124E+03	1.189843E-16	8.707881E-18
8.229026E+03	1.190545E-16	8.715065E-18
8.238929E+03	1.191248E-16	8.722318E-18
8.248831E+03	1.191988E-16	8.729903E-18
8.258734E+03	1.192732E-16	8.737592E-18
8.268637E+03	1.193482E-16	8.745394E-18
8.278539E+03	1.194240E-16	8.753325E-18
8.288442E+03	1.195041E-16	8.761638E-18
8.298344E+03	1.195817E-16	8.769843E-18
8.308247E+03	1.196601E-16	8.778189E-18
8.318149E+03	1.197394E-16	8.786677E-18
8.328052E+03	1.198196E-16	8.795304E-18
8.337955E+03	1.198969E-16	8.803803E-18
8.347857E+03	1.199747E-16	8.812423E-18
8.357760E+03	1.200529E-16	8.821150E-18
8.367662E+03	1.201275E-16	8.829706E-18
8.377565E+03	1.201983E-16	8.838070E-18
8.387467E+03	1.202650E-16	8.846221E-18
8.397370E+03	1.203308E-16	8.854391E-18
8.407272E+03	1.203916E-16	8.862297E-18
8.417175E+03	1.204437E-16	8.869646E-18
8.427078E+03	1.204936E-16	8.876934E-18
8.436980E+03	1.205337E-16	8.883602E-18
8.446883E+03	1.205710E-16	8.890160E-18
8.456785E+03	1.205942E-16	8.895780E-18
8.466688E+03	1.206139E-16	8.901241E-18
8.476590E+03	1.206189E-16	8.905718E-18
8.486493E+03	1.206161E-16	8.909730E-18
8.496395E+03	1.206055E-16	8.913270E-18
8.506298E+03	1.205796E-16	8.915791E-18
8.516201E+03	1.205421E-16	8.917563E-18
8.526103E+03	1.204932E-16	8.918599E-18
8.536006E+03	1.204331E-16	8.918912E-18
8.545908E+03	1.203620E-16	8.918529E-18
8.555811E+03	1.202768E-16	8.917213E-18
8.565713E+03	1.201781E-16	8.915008E-18
8.575616E+03	1.200703E-16	8.912245E-18
8.585518E+03	1.199469E-16	8.908437E-18
8.595421E+03	1.198163E-16	8.904215E-18
8.605324E+03	1.196724E-16	8.899116E-18
8.615226E+03	1.195201E-16	8.893516E-18
8.625129E+03	1.193573E-16	8.887246E-18
8.635031E+03	1.191854E-16	8.880425E-18
8.644934E+03	1.190102E-16	8.873471E-18
8.654836E+03	1.188258E-16	8.865959E-18
8.664739E+03	1.186381E-16	8.858324E-18
8.674642E+03	1.184454E-16	8.850438E-18
8.684544E+03	1.182537E-16	8.842748E-18
8.694447E+03	1.180577E-16	8.834860E-18
8.704349E+03	1.178671E-16	8.827514E-18
8.714252E+03	1.176768E-16	8.820314E-18
8.724154E+03	1.174891E-16	8.813438E-18
8.734057E+03	1.173100E-16	8.807348E-18
8.743959E+03	1.171419E-16	8.802217E-18
8.753862E+03	1.169791E-16	8.797622E-18
8.763765E+03	1.168314E-16	8.794307E-18
8.773667E+03	1.167007E-16	8.792417E-18
8.783570E+03	1.165847E-16	8.791783E-18
8.793472E+03	1.164886E-16	8.792808E-18
8.803375E+03	1.164177E-16	8.795893E-18
8.813277E+03	1.163688E-16	8.800798E-18
8.823180E+03	1.163420E-16	8.807550E-18
8.833082E+03	1.163457E-16	8.816781E-18
8.842985E+03	1.163794E-16	8.828467E-18
8.852888E+03	1.164384E-16	8.842240E-18
8.862790E+03	1.165256E-16	8.858333E-18
8.872693E+03	1.166396E-16	8.876645E-18
8.882595E+03	1.167828E-16	8.897363E-18
8.892498E+03	1.169533E-16	8.920349E-18
8.902400E+03	1.171446E-16	8.945105E-18
8.912303E+03	1.173631E-16	8.972131E-18
8.951913E+03	1.184343E-16	9.097278E-18
8.991523E+03	1.197482E-16	9.244258E-18
9.031134E+03	1.212008E-16	9.405186E-18
9.070744E+03	1.226946E-16	9.572535E-18
9.110354E+03	1.241902E-16	9.743182E-18
9.149964E+03	1.256052E-16	9.910538E-18
9.189575E+03	1.269185E-16	1.007270E-17
9.229185E+03	1.281005E-16	1.022707E-17
9.268795E+03	1.291156E-16	1.037050E-17
9.308405E+03	1.299534E-16	1.050176E-17
9.348016E+03	1.305754E-16	1.061737E-17
9.387626E+03	1.309705E-16	1.071597E-17
9.427236E+03	1.311373E-16	1.079696E-17
9.466846E+03	1.310613E-16	1.085869E-17
9.506456E+03	1.307528E-16	1.090149E-17
9.546067E+03	1.302229E-16	1.092583E-17
9.585677E+03	1.294891E-16	1.093274E-17
9.625287E+03	1.285831E-16	1.092446E-17
9.664897E+03	1.275304E-16	1.090281E-17
9.704508E+03	1.263567E-16	1.086968E-17
9.744118E+03	1.250765E-16	1.082605E-17
9.783728E+03	1.237204E-16	1.077434E-17
9.823338E+03	1.223055E-16	1.071586E-17
9.862949E+03	1.208449E-16	1.065162E-17
9.902559E+03	1.193478E-16	1.058231E-17
9.942169E+03	1.178200E-16	1.050836E-17
9.981779E+03	1.162647E-16	1.042995E-17
1.002139E+04	1.146939E-16	1.034810E-17
1.006100E+04	1.130968E-16	1.026179E-17
1.010061E+04	1.114832E-16	1.017186E-17
1.014022E+04	1.098624E-16	1.007912E-17
1.017983E+04	1.082100E-16	9.981288E-18
1.021944E+04	1.065565E-16	9.881162E-18
