#wls	flux	fluxerr
1.584409E+03	1.092925E-16	3.555193E-17
1.624020E+03	1.134914E-16	3.685780E-17
1.663630E+03	1.173820E-16	3.805709E-17
1.703240E+03	1.209186E-16	3.913520E-17
1.742850E+03	1.240156E-16	4.006490E-17
1.782461E+03	1.265755E-16	4.081522E-17
1.822071E+03	1.284424E-16	4.133680E-17
1.861681E+03	1.294616E-16	4.158105E-17
1.901291E+03	1.294599E-16	4.149396E-17
1.940902E+03	1.282931E-16	4.103145E-17
1.980512E+03	1.259026E-16	4.017722E-17
2.020122E+03	1.224709E-16	3.899210E-17
2.059732E+03	1.185068E-16	3.764016E-17
2.099342E+03	1.148229E-16	3.638032E-17
2.138953E+03	1.123009E-16	3.549073E-17
2.178563E+03	1.114323E-16	3.512368E-17
2.218173E+03	1.120575E-16	3.522490E-17
2.257783E+03	1.135140E-16	3.558273E-17
2.297394E+03	1.149881E-16	3.594053E-17
2.337004E+03	1.158717E-16	3.610862E-17
2.376614E+03	1.158085E-16	3.597776E-17
2.416224E+03	1.146649E-16	3.550932E-17
2.455835E+03	1.124687E-16	3.471510E-17
2.495445E+03	1.093137E-16	3.362731E-17
2.535055E+03	1.053228E-16	3.228685E-17
2.574665E+03	1.006451E-16	3.074224E-17
2.614276E+03	9.540997E-17	2.903549E-17
2.653886E+03	8.975197E-17	2.720973E-17
2.693496E+03	8.378820E-17	2.530224E-17
2.733106E+03	7.764023E-17	2.335119E-17
2.772716E+03	7.141317E-17	2.138926E-17
2.812327E+03	6.521088E-17	1.944829E-17
2.851937E+03	5.912981E-17	1.755736E-17
2.891547E+03	5.325728E-17	1.574236E-17
2.931157E+03	4.766947E-17	1.402539E-17
2.970768E+03	4.242827E-17	1.242393E-17
2.980670E+03	4.117744E-17	1.204306E-17
2.990573E+03	3.995215E-17	1.167045E-17
3.000475E+03	3.875177E-17	1.130591E-17
3.010378E+03	3.757828E-17	1.095000E-17
3.020280E+03	3.643096E-17	1.060248E-17
3.030183E+03	3.530996E-17	1.026337E-17
3.040086E+03	3.421583E-17	9.932818E-18
3.049988E+03	3.315131E-17	9.611586E-18
3.059891E+03	3.211609E-17	9.299563E-18
3.069793E+03	3.111077E-17	8.996892E-18
3.079696E+03	3.013398E-17	8.703151E-18
3.089598E+03	2.918571E-17	8.418313E-18
3.099501E+03	2.826539E-17	8.142183E-18
3.109403E+03	2.737248E-17	7.874584E-18
3.119306E+03	2.650653E-17	7.615358E-18
3.129209E+03	2.566759E-17	7.364493E-18
3.139111E+03	2.485474E-17	7.121699E-18
3.149014E+03	2.406801E-17	6.886963E-18
3.158916E+03	2.330699E-17	6.660136E-18
3.168819E+03	2.257123E-17	6.441071E-18
3.178721E+03	2.186069E-17	6.229726E-18
3.188624E+03	2.117416E-17	6.025731E-18
3.198526E+03	2.051228E-17	5.829247E-18
3.208429E+03	1.987355E-17	5.639817E-18
3.218332E+03	1.925848E-17	5.457570E-18
3.228234E+03	1.866595E-17	5.282157E-18
3.238137E+03	1.809577E-17	5.113503E-18
3.248039E+03	1.754744E-17	4.951442E-18
3.257942E+03	1.702017E-17	4.795730E-18
3.267844E+03	1.651398E-17	4.646349E-18
3.277747E+03	1.602782E-17	4.502982E-18
3.287650E+03	1.556121E-17	4.365470E-18
3.297552E+03	1.511408E-17	4.233774E-18
3.307455E+03	1.468545E-17	4.107595E-18
3.317357E+03	1.427482E-17	3.986776E-18
3.327260E+03	1.388168E-17	3.871155E-18
3.337162E+03	1.350573E-17	3.760625E-18
3.347065E+03	1.314607E-17	3.654920E-18
3.356967E+03	1.280224E-17	3.553890E-18
3.366870E+03	1.247391E-17	3.457430E-18
3.376773E+03	1.216046E-17	3.365344E-18
3.386675E+03	1.186139E-17	3.277482E-18
3.396578E+03	1.157595E-17	3.193618E-18
3.406480E+03	1.130386E-17	3.113661E-18
3.416383E+03	1.104470E-17	3.037474E-18
3.426285E+03	1.079775E-17	2.964852E-18
3.436188E+03	1.056266E-17	2.895676E-18
3.446090E+03	1.033891E-17	2.829795E-18
3.455993E+03	1.012628E-17	2.767133E-18
3.465896E+03	9.924063E-18	2.707484E-18
3.475798E+03	9.732065E-18	2.650783E-18
3.485701E+03	9.549757E-18	2.596873E-18
3.495603E+03	9.376764E-18	2.545640E-18
3.505506E+03	9.212710E-18	2.496971E-18
3.515408E+03	9.057163E-18	2.450738E-18
3.525311E+03	8.909885E-18	2.406866E-18
3.535213E+03	8.770383E-18	2.365212E-18
3.545116E+03	8.638380E-18	2.325690E-18
3.555019E+03	8.513681E-18	2.288241E-18
3.564921E+03	8.395948E-18	2.252762E-18
3.574824E+03	8.284932E-18	2.219179E-18
3.584726E+03	8.180311E-18	2.187398E-18
3.594629E+03	8.081786E-18	2.157329E-18
3.604531E+03	7.989163E-18	2.128914E-18
3.614434E+03	7.902095E-18	2.102053E-18
3.624337E+03	7.820475E-18	2.076709E-18
3.634239E+03	7.743995E-18	2.052795E-18
3.644142E+03	7.672501E-18	2.030262E-18
3.654044E+03	7.605919E-18	2.009085E-18
3.663947E+03	7.543958E-18	1.989180E-18
3.673849E+03	7.486486E-18	1.970507E-18
3.683752E+03	7.433519E-18	1.953064E-18
3.693654E+03	7.384853E-18	1.936791E-18
3.703557E+03	7.340358E-18	1.921649E-18
3.713460E+03	7.300042E-18	1.907634E-18
3.723362E+03	7.263711E-18	1.894690E-18
3.733265E+03	7.231302E-18	1.882796E-18
3.743167E+03	7.202817E-18	1.871945E-18
3.753070E+03	7.178131E-18	1.862102E-18
3.762972E+03	7.157177E-18	1.853242E-18
3.772875E+03	7.139888E-18	1.845345E-18
3.782777E+03	7.126213E-18	1.838391E-18
3.792680E+03	7.116149E-18	1.832375E-18
3.802583E+03	7.109578E-18	1.827262E-18
3.812485E+03	7.106495E-18	1.823046E-18
3.822388E+03	7.106918E-18	1.819726E-18
3.832290E+03	7.110720E-18	1.817266E-18
3.842193E+03	7.117854E-18	1.815648E-18
3.852095E+03	7.128387E-18	1.814886E-18
3.861998E+03	7.142256E-18	1.814958E-18
3.871900E+03	7.159352E-18	1.815832E-18
3.881803E+03	7.179737E-18	1.817520E-18
3.891706E+03	7.203414E-18	1.820017E-18
3.901608E+03	7.230199E-18	1.823274E-18
3.911511E+03	7.260149E-18	1.827300E-18
3.921413E+03	7.293258E-18	1.832089E-18
3.931316E+03	7.329456E-18	1.837619E-18
3.941218E+03	7.368613E-18	1.843854E-18
3.951121E+03	7.410831E-18	1.850815E-18
3.961024E+03	7.455972E-18	1.858464E-18
3.970926E+03	7.503954E-18	1.866776E-18
3.980829E+03	7.554806E-18	1.875755E-18
3.990731E+03	7.608389E-18	1.885363E-18
4.000634E+03	7.664738E-18	1.895604E-18
4.010536E+03	7.723634E-18	1.906421E-18
4.020439E+03	7.785176E-18	1.917836E-18
4.030341E+03	7.849206E-18	1.929805E-18
4.040244E+03	7.915646E-18	1.942307E-18
4.050147E+03	7.984526E-18	1.955346E-18
4.060049E+03	8.055630E-18	1.968867E-18
4.069952E+03	8.129068E-18	1.982892E-18
4.079854E+03	8.204619E-18	1.997367E-18
4.089757E+03	8.282266E-18	2.012284E-18
4.099659E+03	8.361997E-18	2.027637E-18
4.109562E+03	8.443656E-18	2.043388E-18
4.119464E+03	8.527232E-18	2.059531E-18
4.129367E+03	8.612643E-18	2.076044E-18
4.139270E+03	8.699750E-18	2.092892E-18
4.149172E+03	8.788607E-18	2.110087E-18
4.159075E+03	8.879000E-18	2.127575E-18
4.168977E+03	8.970998E-18	2.145371E-18
4.178880E+03	9.064382E-18	2.163423E-18
4.188782E+03	9.159142E-18	2.181726E-18
4.198685E+03	9.255203E-18	2.200262E-18
4.208587E+03	9.352331E-18	2.218974E-18
4.218490E+03	9.450600E-18	2.237880E-18
4.228393E+03	9.549852E-18	2.256942E-18
4.238295E+03	9.649916E-18	2.276118E-18
4.248198E+03	9.750636E-18	2.295373E-18
4.258100E+03	9.851997E-18	2.314703E-18
4.268003E+03	9.953915E-18	2.334088E-18
4.277905E+03	1.005606E-17	2.353453E-18
4.287808E+03	1.015851E-17	2.372816E-18
4.297711E+03	1.026093E-17	2.392099E-18
4.307613E+03	1.036340E-17	2.411323E-18
4.317516E+03	1.046567E-17	2.430433E-18
4.327418E+03	1.056776E-17	2.449432E-18
4.337321E+03	1.066967E-17	2.468324E-18
4.347223E+03	1.077145E-17	2.487120E-18
4.357126E+03	1.087311E-17	2.505826E-18
4.367028E+03	1.097475E-17	2.524468E-18
4.376931E+03	1.107650E-17	2.543074E-18
4.386834E+03	1.117840E-17	2.561655E-18
4.396736E+03	1.128058E-17	2.580246E-18
4.406639E+03	1.138301E-17	2.598839E-18
4.416541E+03	1.148595E-17	2.617492E-18
4.426444E+03	1.158936E-17	2.636201E-18
4.436346E+03	1.169330E-17	2.654982E-18
4.446249E+03	1.179786E-17	2.673851E-18
4.456151E+03	1.190311E-17	2.692827E-18
4.466054E+03	1.200910E-17	2.711923E-18
4.475957E+03	1.211591E-17	2.731156E-18
4.485859E+03	1.222342E-17	2.750497E-18
4.495762E+03	1.233188E-17	2.770003E-18
4.505664E+03	1.244118E-17	2.789648E-18
4.515567E+03	1.255138E-17	2.809446E-18
4.525469E+03	1.266244E-17	2.829388E-18
4.535372E+03	1.277456E-17	2.849516E-18
4.545274E+03	1.288770E-17	2.869822E-18
4.555177E+03	1.300170E-17	2.890269E-18
4.565080E+03	1.311687E-17	2.910927E-18
4.574982E+03	1.323305E-17	2.931759E-18
4.584885E+03	1.335020E-17	2.952753E-18
4.594787E+03	1.346850E-17	2.973952E-18
4.604690E+03	1.358804E-17	2.995370E-18
4.614592E+03	1.370851E-17	3.016944E-18
4.624495E+03	1.383025E-17	3.038743E-18
4.634398E+03	1.395319E-17	3.060756E-18
4.644300E+03	1.407731E-17	3.082972E-18
4.654203E+03	1.420269E-17	3.105413E-18
4.664105E+03	1.432931E-17	3.128068E-18
4.674008E+03	1.445727E-17	3.150963E-18
4.683910E+03	1.458631E-17	3.174039E-18
4.693813E+03	1.471659E-17	3.197328E-18
4.703715E+03	1.484827E-17	3.220869E-18
4.713618E+03	1.498099E-17	3.244578E-18
4.723521E+03	1.511507E-17	3.268525E-18
4.733423E+03	1.525042E-17	3.292689E-18
4.743326E+03	1.538693E-17	3.317048E-18
4.753228E+03	1.552492E-17	3.341669E-18
4.763131E+03	1.566400E-17	3.366465E-18
4.773033E+03	1.580461E-17	3.391533E-18
4.782936E+03	1.594632E-17	3.416781E-18
4.792838E+03	1.608944E-17	3.442269E-18
4.802741E+03	1.623366E-17	3.467933E-18
4.812644E+03	1.637928E-17	3.493838E-18
4.822546E+03	1.652597E-17	3.519911E-18
4.832449E+03	1.667389E-17	3.546187E-18
4.842351E+03	1.682302E-17	3.572659E-18
4.852254E+03	1.697319E-17	3.599291E-18
4.862156E+03	1.712439E-17	3.626079E-18
4.872059E+03	1.727659E-17	3.653019E-18
4.881961E+03	1.742996E-17	3.680145E-18
4.891864E+03	1.758414E-17	3.707382E-18
4.901767E+03	1.773948E-17	3.734800E-18
4.911669E+03	1.789561E-17	3.762324E-18
4.921572E+03	1.805270E-17	3.789988E-18
4.931474E+03	1.821055E-17	3.817749E-18
4.941377E+03	1.836913E-17	3.845603E-18
4.951279E+03	1.852839E-17	3.873536E-18
4.961182E+03	1.868845E-17	3.901576E-18
4.971085E+03	1.884885E-17	3.929627E-18
4.980987E+03	1.900968E-17	3.957706E-18
4.990890E+03	1.917063E-17	3.985749E-18
5.000792E+03	1.933172E-17	4.013764E-18
5.010695E+03	1.949261E-17	4.041677E-18
5.020597E+03	1.965292E-17	4.069410E-18
5.030500E+03	1.981261E-17	4.096960E-18
5.040402E+03	1.997146E-17	4.124279E-18
5.050305E+03	2.012901E-17	4.151273E-18
5.060208E+03	2.028478E-17	4.177849E-18
5.070110E+03	2.043885E-17	4.204024E-18
5.080013E+03	2.059052E-17	4.229653E-18
5.089915E+03	2.073943E-17	4.254669E-18
5.099818E+03	2.088524E-17	4.279004E-18
5.109720E+03	2.102759E-17	4.302587E-18
5.119623E+03	2.116591E-17	4.325306E-18
5.129525E+03	2.130006E-17	4.347134E-18
5.139428E+03	2.142925E-17	4.367916E-18
5.149331E+03	2.155333E-17	4.387626E-18
5.159233E+03	2.167150E-17	4.406106E-18
5.169136E+03	2.178381E-17	4.423372E-18
5.179038E+03	2.188944E-17	4.439262E-18
5.188941E+03	2.198819E-17	4.453741E-18
5.198843E+03	2.207920E-17	4.466642E-18
5.208746E+03	2.216221E-17	4.477920E-18
5.218648E+03	2.223677E-17	4.487489E-18
5.228551E+03	2.230194E-17	4.495165E-18
5.238454E+03	2.235721E-17	4.500856E-18
5.248356E+03	2.240228E-17	4.504510E-18
5.258259E+03	2.243645E-17	4.505992E-18
5.268161E+03	2.245899E-17	4.505166E-18
5.278064E+03	2.246943E-17	4.501944E-18
5.287966E+03	2.246734E-17	4.496251E-18
5.297869E+03	2.245233E-17	4.488018E-18
5.307772E+03	2.242384E-17	4.477143E-18
5.317674E+03	2.238183E-17	4.463629E-18
5.327577E+03	2.232593E-17	4.447407E-18
5.337479E+03	2.225628E-17	4.428519E-18
5.347382E+03	2.217272E-17	4.406943E-18
5.357284E+03	2.207590E-17	4.382814E-18
5.367187E+03	2.196639E-17	4.356257E-18
5.377089E+03	2.184447E-17	4.327334E-18
5.386992E+03	2.171146E-17	4.296316E-18
5.396895E+03	2.156821E-17	4.263375E-18
5.406797E+03	2.141483E-17	4.228540E-18
5.416700E+03	2.125308E-17	4.192166E-18
5.426602E+03	2.108380E-17	4.154422E-18
5.436505E+03	2.090793E-17	4.115497E-18
5.446407E+03	2.072670E-17	4.075636E-18
5.456310E+03	2.054116E-17	4.035050E-18
5.466212E+03	2.035241E-17	3.993957E-18
5.476115E+03	2.016201E-17	3.952659E-18
5.486018E+03	1.997114E-17	3.911387E-18
5.495920E+03	1.978156E-17	3.870485E-18
5.505823E+03	1.959484E-17	3.830256E-18
5.515725E+03	1.941233E-17	3.790956E-18
5.525628E+03	1.923570E-17	3.752911E-18
5.535530E+03	1.906640E-17	3.716394E-18
5.545433E+03	1.890576E-17	3.681658E-18
5.555335E+03	1.875520E-17	3.648977E-18
5.565238E+03	1.861583E-17	3.618553E-18
5.575141E+03	1.848860E-17	3.590567E-18
5.585043E+03	1.837448E-17	3.565197E-18
5.594946E+03	1.827409E-17	3.542556E-18
5.604848E+03	1.818806E-17	3.522754E-18
5.614751E+03	1.811664E-17	3.505835E-18
5.624653E+03	1.805992E-17	3.491805E-18
5.634556E+03	1.801803E-17	3.480680E-18
5.644459E+03	1.799074E-17	3.472409E-18
5.654361E+03	1.797774E-17	3.466922E-18
5.664264E+03	1.797879E-17	3.464164E-18
5.674166E+03	1.799339E-17	3.464030E-18
5.684069E+03	1.802118E-17	3.466448E-18
5.693971E+03	1.806145E-17	3.471269E-18
5.703874E+03	1.811405E-17	3.478459E-18
5.713776E+03	1.817832E-17	3.487885E-18
5.723679E+03	1.825387E-17	3.499466E-18
5.733582E+03	1.834076E-17	3.513206E-18
5.743484E+03	1.843839E-17	3.528985E-18
5.753387E+03	1.854699E-17	3.546842E-18
5.763289E+03	1.866649E-17	3.566755E-18
5.773192E+03	1.879686E-17	3.588714E-18
5.783094E+03	1.893791E-17	3.612679E-18
5.792997E+03	1.909010E-17	3.638729E-18
5.802899E+03	1.925329E-17	3.666831E-18
5.812802E+03	1.942776E-17	3.697035E-18
5.822705E+03	1.961357E-17	3.729348E-18
5.832607E+03	1.981060E-17	3.763736E-18
5.842510E+03	2.001913E-17	3.800249E-18
5.852412E+03	2.023942E-17	3.838931E-18
5.862315E+03	2.047105E-17	3.879698E-18
5.872217E+03	2.071426E-17	3.922586E-18
5.882120E+03	2.096902E-17	3.967584E-18
5.892022E+03	2.123550E-17	4.014719E-18
5.901925E+03	2.151313E-17	4.063878E-18
5.911828E+03	2.180226E-17	4.115119E-18
5.921730E+03	2.210222E-17	4.168314E-18
5.931633E+03	2.241307E-17	4.223464E-18
5.941535E+03	2.273457E-17	4.280519E-18
5.951438E+03	2.306617E-17	4.339372E-18
5.961340E+03	2.340784E-17	4.400011E-18
5.971243E+03	2.375868E-17	4.462262E-18
5.981146E+03	2.411884E-17	4.526149E-18
5.991048E+03	2.448706E-17	4.591428E-18
6.000951E+03	2.486341E-17	4.658110E-18
6.010853E+03	2.524680E-17	4.725986E-18
6.020756E+03	2.563695E-17	4.795000E-18
6.030658E+03	2.603263E-17	4.864918E-18
6.040561E+03	2.643315E-17	4.935610E-18
6.050463E+03	2.683746E-17	5.006875E-18
6.060366E+03	2.724477E-17	5.078564E-18
6.070269E+03	2.765356E-17	5.150393E-18
6.080171E+03	2.806259E-17	5.222128E-18
6.090074E+03	2.847088E-17	5.293589E-18
6.099976E+03	2.887711E-17	5.364529E-18
6.109879E+03	2.927920E-17	5.434564E-18
6.119781E+03	2.967613E-17	5.503506E-18
6.129684E+03	3.006656E-17	5.571108E-18
6.139586E+03	3.044961E-17	5.637211E-18
6.149489E+03	3.082488E-17	5.701745E-18
6.159392E+03	3.119212E-17	5.764668E-18
6.169294E+03	3.155160E-17	5.826032E-18
6.179197E+03	3.190450E-17	5.886060E-18
6.189099E+03	3.225095E-17	5.944779E-18
6.199002E+03	3.259073E-17	6.002151E-18
6.208904E+03	3.292535E-17	6.058459E-18
6.218807E+03	3.325517E-17	6.113772E-18
6.228709E+03	3.357971E-17	6.168004E-18
6.238612E+03	3.390074E-17	6.221482E-18
6.248515E+03	3.421742E-17	6.274053E-18
6.258417E+03	3.453116E-17	6.325978E-18
6.268320E+03	3.484162E-17	6.377192E-18
6.278222E+03	3.514937E-17	6.427798E-18
6.288125E+03	3.545452E-17	6.477818E-18
6.298027E+03	3.575720E-17	6.527274E-18
6.307930E+03	3.605751E-17	6.576186E-18
6.317833E+03	3.635506E-17	6.624482E-18
6.327735E+03	3.664944E-17	6.672084E-18
6.337638E+03	3.694121E-17	6.719099E-18
6.347540E+03	3.722941E-17	6.765348E-18
6.357443E+03	3.751459E-17	6.810935E-18
6.367345E+03	3.779627E-17	6.855769E-18
6.377248E+03	3.807447E-17	6.899857E-18
6.387150E+03	3.834979E-17	6.943307E-18
6.397053E+03	3.862346E-17	6.986340E-18
6.406956E+03	3.889559E-17	7.028980E-18
6.416858E+03	3.916692E-17	7.071356E-18
6.426761E+03	3.943823E-17	7.113609E-18
6.436663E+03	3.970911E-17	7.155667E-18
6.446566E+03	3.998099E-17	7.197783E-18
6.456468E+03	4.025410E-17	7.239998E-18
6.466371E+03	4.052805E-17	7.282240E-18
6.476273E+03	4.080431E-17	7.324774E-18
6.486176E+03	4.108248E-17	7.367525E-18
6.496079E+03	4.136214E-17	7.410416E-18
6.505981E+03	4.164478E-17	7.453712E-18
6.515884E+03	4.192997E-17	7.497336E-18
6.525786E+03	4.221791E-17	7.541319E-18
6.535689E+03	4.250946E-17	7.585816E-18
6.545591E+03	4.280345E-17	7.630613E-18
6.555494E+03	4.310000E-17	7.675733E-18
6.565396E+03	4.340067E-17	7.721450E-18
6.575299E+03	4.370414E-17	7.767529E-18
6.585202E+03	4.401048E-17	7.813981E-18
6.595104E+03	4.432047E-17	7.860942E-18
6.605007E+03	4.463340E-17	7.908285E-18
6.614909E+03	4.494924E-17	7.956005E-18
6.624812E+03	4.526872E-17	8.004230E-18
6.634714E+03	4.559026E-17	8.052677E-18
6.644617E+03	4.591371E-17	8.101325E-18
6.654520E+03	4.624057E-17	8.150432E-18
6.664422E+03	4.656910E-17	8.199697E-18
6.674325E+03	4.689915E-17	8.249090E-18
6.684227E+03	4.723132E-17	8.298720E-18
6.694130E+03	4.756462E-17	8.348411E-18
6.704032E+03	4.789880E-17	8.398125E-18
6.713935E+03	4.823362E-17	8.447818E-18
6.723837E+03	4.856884E-17	8.497451E-18
6.733740E+03	4.890330E-17	8.546823E-18
6.743643E+03	4.923758E-17	8.596042E-18
6.753545E+03	4.957142E-17	8.645061E-18
6.763448E+03	4.990361E-17	8.693676E-18
6.773350E+03	5.023477E-17	8.741997E-18
6.783253E+03	5.056367E-17	8.789815E-18
6.793155E+03	5.089000E-17	8.837084E-18
6.803058E+03	5.121348E-17	8.883756E-18
6.812960E+03	5.153284E-17	8.929623E-18
6.822863E+03	5.184973E-17	8.974972E-18
6.832766E+03	5.216294E-17	9.019601E-18
6.842668E+03	5.247122E-17	9.063305E-18
6.852571E+03	5.277533E-17	9.106217E-18
6.862473E+03	5.307401E-17	9.148134E-18
6.872376E+03	5.336703E-17	9.189020E-18
6.882278E+03	5.365517E-17	9.229020E-18
6.892181E+03	5.393718E-17	9.267928E-18
6.902083E+03	5.421285E-17	9.305716E-18
6.911986E+03	5.448194E-17	9.342357E-18
6.921889E+03	5.474428E-17	9.377830E-18
6.931791E+03	5.499863E-17	9.411931E-18
6.941694E+03	5.524698E-17	9.445014E-18
6.951596E+03	5.548707E-17	9.476704E-18
6.961499E+03	5.571879E-17	9.506994E-18
6.971401E+03	5.594318E-17	9.536073E-18
6.981304E+03	5.615913E-17	9.563762E-18
6.991207E+03	5.636664E-17	9.590077E-18
7.001109E+03	5.656578E-17	9.615038E-18
7.011012E+03	5.675664E-17	9.638677E-18
7.020914E+03	5.694053E-17	9.661227E-18
7.030817E+03	5.711539E-17	9.682352E-18
7.040719E+03	5.728149E-17	9.702109E-18
7.050622E+03	5.744029E-17	9.720761E-18
7.060524E+03	5.759220E-17	9.738387E-18
7.070427E+03	5.773651E-17	9.754881E-18
7.080330E+03	5.787487E-17	9.770537E-18
7.090232E+03	5.800548E-17	9.785059E-18
7.100135E+03	5.813129E-17	9.798960E-18
7.110037E+03	5.825173E-17	9.812156E-18
7.119940E+03	5.836747E-17	9.824771E-18
7.129842E+03	5.847796E-17	9.836727E-18
7.139745E+03	5.858633E-17	9.848559E-18
7.149647E+03	5.869084E-17	9.859987E-18
7.159550E+03	5.879337E-17	9.871341E-18
7.169453E+03	5.889332E-17	9.882527E-18
7.179355E+03	5.899248E-17	9.893863E-18
7.189258E+03	5.909008E-17	9.905227E-18
7.199160E+03	5.918649E-17	9.916696E-18
7.209063E+03	5.928320E-17	9.928528E-18
7.218965E+03	5.937911E-17	9.940550E-18
7.228868E+03	5.947543E-17	9.952980E-18
7.238770E+03	5.956952E-17	9.965386E-18
7.248673E+03	5.966239E-17	9.977949E-18
7.258576E+03	5.975498E-17	9.990839E-18
7.268478E+03	5.984432E-17	1.000357E-17
7.278381E+03	5.993124E-17	1.001629E-17
7.288283E+03	6.001396E-17	1.002873E-17
7.298186E+03	6.009330E-17	1.004102E-17
7.308088E+03	6.016752E-17	1.005289E-17
7.317991E+03	6.023625E-17	1.006429E-17
7.327894E+03	6.029917E-17	1.007517E-17
7.337796E+03	6.035473E-17	1.008530E-17
7.347699E+03	6.040282E-17	1.009466E-17
7.357601E+03	6.044343E-17	1.010326E-17
7.367504E+03	6.047667E-17	1.011114E-17
7.377406E+03	6.050414E-17	1.011857E-17
7.387309E+03	6.052484E-17	1.012538E-17
7.397211E+03	6.054192E-17	1.013213E-17
7.407114E+03	6.055595E-17	1.013891E-17
7.417017E+03	6.056753E-17	1.014584E-17
7.426919E+03	6.057728E-17	1.015302E-17
7.436822E+03	6.058582E-17	1.016058E-17
7.446724E+03	6.059626E-17	1.016904E-17
7.456627E+03	6.060582E-17	1.017793E-17
7.466529E+03	6.061577E-17	1.018747E-17
7.476432E+03	6.062596E-17	1.019760E-17
7.486334E+03	6.063764E-17	1.020855E-17
7.496237E+03	6.064782E-17	1.021979E-17
7.506140E+03	6.065779E-17	1.023154E-17
7.516042E+03	6.066749E-17	1.024377E-17
7.525945E+03	6.067831E-17	1.025672E-17
7.535847E+03	6.068744E-17	1.026990E-17
7.545750E+03	6.069781E-17	1.028379E-17
7.555652E+03	6.070811E-17	1.029817E-17
7.565555E+03	6.071705E-17	1.031281E-17
7.575457E+03	6.072773E-17	1.032822E-17
7.585360E+03	6.073892E-17	1.034419E-17
7.595263E+03	6.075084E-17	1.036075E-17
7.605165E+03	6.076374E-17	1.037793E-17
7.615068E+03	6.077785E-17	1.039577E-17
7.624970E+03	6.079336E-17	1.041428E-17
7.634873E+03	6.081190E-17	1.043374E-17
7.644775E+03	6.083062E-17	1.045366E-17
7.654678E+03	6.085252E-17	1.047453E-17
7.664581E+03	6.087613E-17	1.049611E-17
7.674483E+03	6.090136E-17	1.051837E-17
7.684386E+03	6.092807E-17	1.054128E-17
7.694288E+03	6.095762E-17	1.056507E-17
7.704191E+03	6.098825E-17	1.058942E-17
7.714093E+03	6.101971E-17	1.061429E-17
7.723996E+03	6.105166E-17	1.063961E-17
7.733898E+03	6.108530E-17	1.066557E-17
7.743801E+03	6.111872E-17	1.069185E-17
7.753704E+03	6.115153E-17	1.071837E-17
7.763606E+03	6.118486E-17	1.074530E-17
7.773509E+03	6.121517E-17	1.077204E-17
7.783411E+03	6.124513E-17	1.079902E-17
7.793314E+03	6.127273E-17	1.082590E-17
7.803216E+03	6.129755E-17	1.085258E-17
7.813119E+03	6.131914E-17	1.087898E-17
7.823021E+03	6.133710E-17	1.090501E-17
7.832924E+03	6.134944E-17	1.093031E-17
7.842827E+03	6.135581E-17	1.095480E-17
7.852729E+03	6.135746E-17	1.097869E-17
7.862632E+03	6.135090E-17	1.100135E-17
7.872534E+03	6.133588E-17	1.102270E-17
7.882437E+03	6.131380E-17	1.104299E-17
7.892339E+03	6.128291E-17	1.106189E-17
7.902242E+03	6.124145E-17	1.107905E-17
7.912144E+03	6.119424E-17	1.109534E-17
7.922047E+03	6.113967E-17	1.111044E-17
7.931950E+03	6.107778E-17	1.112435E-17
7.941852E+03	6.101030E-17	1.113737E-17
7.951755E+03	6.093901E-17	1.114981E-17
7.961657E+03	6.086081E-17	1.116108E-17
7.971560E+03	6.078081E-17	1.117212E-17
7.981462E+03	6.069434E-17	1.118206E-17
7.991365E+03	6.060654E-17	1.119182E-17
8.001268E+03	6.051442E-17	1.120085E-17
8.011170E+03	6.042153E-17	1.120980E-17
8.021073E+03	6.032487E-17	1.121810E-17
8.030975E+03	6.022473E-17	1.122579E-17
8.040878E+03	6.012469E-17	1.123353E-17
8.050780E+03	6.002176E-17	1.124077E-17
8.060683E+03	5.991789E-17	1.124785E-17
8.070585E+03	5.981176E-17	1.125451E-17
8.080488E+03	5.970531E-17	1.126113E-17
8.090391E+03	5.959721E-17	1.126744E-17
8.100293E+03	5.948946E-17	1.127381E-17
8.110196E+03	5.938072E-17	1.127999E-17
8.120098E+03	5.927132E-17	1.128604E-17
8.130001E+03	5.916329E-17	1.129232E-17
8.139903E+03	5.905364E-17	1.129828E-17
8.149806E+03	5.894606E-17	1.130461E-17
8.159708E+03	5.883759E-17	1.131075E-17
8.169611E+03	5.873191E-17	1.131739E-17
8.179514E+03	5.862606E-17	1.132397E-17
8.189416E+03	5.852375E-17	1.133120E-17
8.199319E+03	5.842200E-17	1.133851E-17
8.209221E+03	5.832115E-17	1.134595E-17
8.219124E+03	5.822322E-17	1.135393E-17
8.229026E+03	5.812854E-17	1.136250E-17
8.238929E+03	5.803574E-17	1.137140E-17
8.248831E+03	5.794677E-17	1.138102E-17
8.258734E+03	5.786024E-17	1.139108E-17
8.268637E+03	5.777637E-17	1.140163E-17
8.278539E+03	5.769704E-17	1.141304E-17
8.288442E+03	5.762078E-17	1.142503E-17
8.298344E+03	5.754774E-17	1.143762E-17
8.308247E+03	5.747803E-17	1.145084E-17
8.318149E+03	5.741009E-17	1.146439E-17
8.328052E+03	5.734737E-17	1.147896E-17
8.337955E+03	5.728826E-17	1.149422E-17
8.347857E+03	5.723280E-17	1.151019E-17
8.357760E+03	5.717937E-17	1.152655E-17
8.367662E+03	5.712969E-17	1.154365E-17
8.377565E+03	5.708210E-17	1.156116E-17
8.387467E+03	5.703833E-17	1.157942E-17
8.397370E+03	5.699844E-17	1.159846E-17
8.407272E+03	5.696079E-17	1.161795E-17
8.417175E+03	5.692544E-17	1.163789E-17
8.427078E+03	5.689417E-17	1.165867E-17
8.436980E+03	5.686368E-17	1.167961E-17
8.446883E+03	5.683745E-17	1.170142E-17
8.456785E+03	5.681391E-17	1.172378E-17
8.466688E+03	5.679319E-17	1.174673E-17
8.476590E+03	5.677540E-17	1.177030E-17
8.486493E+03	5.676070E-17	1.179452E-17
8.496395E+03	5.674750E-17	1.181906E-17
8.506298E+03	5.673767E-17	1.184432E-17
8.516201E+03	5.673135E-17	1.187033E-17
8.526103E+03	5.672698E-17	1.189677E-17
8.536006E+03	5.672470E-17	1.192368E-17
8.545908E+03	5.672638E-17	1.195144E-17
8.555811E+03	5.673046E-17	1.197974E-17
8.565713E+03	5.673705E-17	1.200861E-17
8.575616E+03	5.674630E-17	1.203808E-17
8.585518E+03	5.675836E-17	1.206819E-17
8.595421E+03	5.677157E-17	1.209859E-17
8.605324E+03	5.678962E-17	1.213006E-17
8.615226E+03	5.680729E-17	1.216151E-17
8.625129E+03	5.683003E-17	1.219410E-17
8.635031E+03	5.685259E-17	1.222670E-17
8.644934E+03	5.687682E-17	1.225973E-17
8.654836E+03	5.690463E-17	1.229359E-17
8.664739E+03	5.693244E-17	1.232752E-17
8.674642E+03	5.696210E-17	1.236191E-17
8.684544E+03	5.699182E-17	1.239640E-17
8.694447E+03	5.702157E-17	1.243095E-17
8.704349E+03	5.705131E-17	1.246559E-17
8.714252E+03	5.707912E-17	1.249987E-17
8.724154E+03	5.710679E-17	1.253421E-17
8.734057E+03	5.713234E-17	1.256815E-17
8.743959E+03	5.715562E-17	1.260166E-17
8.753862E+03	5.717455E-17	1.263429E-17
8.763765E+03	5.718894E-17	1.266599E-17
8.773667E+03	5.720047E-17	1.269713E-17
8.783570E+03	5.720897E-17	1.272765E-17
8.793472E+03	5.721614E-17	1.275795E-17
8.803375E+03	5.722182E-17	1.278798E-17
8.813277E+03	5.722779E-17	1.281815E-17
8.823180E+03	5.723389E-17	1.284842E-17
8.833082E+03	5.723996E-17	1.287875E-17
8.842985E+03	5.724583E-17	1.290911E-17
8.852888E+03	5.725544E-17	1.294038E-17
8.862790E+03	5.726457E-17	1.297163E-17
8.872693E+03	5.727721E-17	1.300374E-17
8.882595E+03	5.729330E-17	1.303671E-17
8.892498E+03	5.731277E-17	1.307053E-17
8.902400E+03	5.733344E-17	1.310469E-17
8.912303E+03	5.735952E-17	1.314017E-17
8.951913E+03	5.750214E-17	1.329162E-17
8.991523E+03	5.772511E-17	1.346297E-17
9.031134E+03	5.803813E-17	1.365680E-17
9.070744E+03	5.845239E-17	1.387616E-17
9.110354E+03	5.898511E-17	1.412564E-17
9.149964E+03	5.962259E-17	1.440249E-17
9.189575E+03	6.037596E-17	1.470992E-17
9.229185E+03	6.123475E-17	1.504591E-17
9.268795E+03	6.219538E-17	1.541005E-17
9.308405E+03	6.324489E-17	1.579958E-17
9.348016E+03	6.437717E-17	1.621331E-17
9.387626E+03	6.557938E-17	1.664832E-17
9.427236E+03	6.683355E-17	1.710026E-17
9.466846E+03	6.813284E-17	1.756749E-17
9.506456E+03	6.945561E-17	1.804448E-17
9.546067E+03	7.078401E-17	1.852651E-17
9.585677E+03	7.210941E-17	1.901116E-17
9.625287E+03	7.341423E-17	1.949356E-17
9.664897E+03	7.467490E-17	1.996711E-17
9.704508E+03	7.587779E-17	2.042774E-17
9.744118E+03	7.699895E-17	2.086847E-17
9.783728E+03	7.803193E-17	2.128696E-17
9.823338E+03	7.895344E-17	2.167619E-17
9.862949E+03	7.974643E-17	2.203076E-17
9.902559E+03	8.040206E-17	2.234744E-17
9.942169E+03	8.090036E-17	2.261986E-17
9.981779E+03	8.123064E-17	2.284416E-17
1.002139E+04	8.140043E-17	2.302160E-17
1.006100E+04	8.139075E-17	2.314598E-17
1.010061E+04	8.120720E-17	2.321807E-17
1.014022E+04	8.085797E-17	2.323942E-17
1.017983E+04	8.034536E-17	2.320999E-17
1.021944E+04	7.967309E-17	2.313020E-17
