#wls	flux	fluxerr
1.584409E+03	1.001171E-16	8.025370E-18
1.624020E+03	1.018311E-16	8.123727E-18
1.663630E+03	1.032502E-16	8.196350E-18
1.703240E+03	1.043444E-16	8.241161E-18
1.742850E+03	1.050916E-16	8.256756E-18
1.782461E+03	1.054238E-16	8.238212E-18
1.822071E+03	1.052657E-16	8.180180E-18
1.861681E+03	1.045199E-16	8.075750E-18
1.901291E+03	1.030785E-16	7.917434E-18
1.940902E+03	1.008605E-16	7.700021E-18
1.980512E+03	9.786606E-17	7.424663E-18
2.020122E+03	9.426586E-17	7.105425E-18
2.059732E+03	9.044309E-17	6.771995E-18
2.099342E+03	8.703306E-17	6.472066E-18
2.138953E+03	8.469167E-17	6.253543E-18
2.178563E+03	8.377110E-17	6.140629E-18
2.218173E+03	8.417127E-17	6.123776E-18
2.257783E+03	8.540023E-17	6.165265E-18
2.297394E+03	8.687577E-17	6.221946E-18
2.337004E+03	8.813225E-17	6.260248E-18
2.376614E+03	8.889826E-17	6.261381E-18
2.416224E+03	8.907583E-17	6.219344E-18
2.455835E+03	8.865493E-17	6.134507E-18
2.495445E+03	8.769182E-17	6.011854E-18
2.535055E+03	8.626040E-17	5.857473E-18
2.574665E+03	8.442907E-17	5.676927E-18
2.614276E+03	8.226705E-17	5.475689E-18
2.653886E+03	7.983236E-17	5.258338E-18
2.693496E+03	7.718041E-17	5.029145E-18
2.733106E+03	7.435669E-17	4.791608E-18
2.772716E+03	7.140360E-17	4.548914E-18
2.812327E+03	6.835924E-17	4.303869E-18
2.851937E+03	6.526720E-17	4.059514E-18
2.891547E+03	6.216574E-17	3.818439E-18
2.931157E+03	5.909068E-17	3.582970E-18
2.970768E+03	5.608245E-17	3.355593E-18
2.980670E+03	5.534562E-17	3.300296E-18
2.990573E+03	5.461541E-17	3.245644E-18
3.000475E+03	5.389238E-17	3.191671E-18
3.010378E+03	5.317821E-17	3.138471E-18
3.020280E+03	5.247336E-17	3.086069E-18
3.030183E+03	5.177832E-17	3.034491E-18
3.040086E+03	5.109422E-17	2.983796E-18
3.049988E+03	5.042362E-17	2.934131E-18
3.059891E+03	4.976897E-17	2.885629E-18
3.069793E+03	4.913099E-17	2.838324E-18
3.079696E+03	4.850945E-17	2.792194E-18
3.089598E+03	4.790328E-17	2.747170E-18
3.099501E+03	4.731440E-17	2.703353E-18
3.109403E+03	4.674099E-17	2.660629E-18
3.119306E+03	4.618415E-17	2.619053E-18
3.129209E+03	4.564496E-17	2.578677E-18
3.139111E+03	4.512275E-17	2.539454E-18
3.149014E+03	4.461869E-17	2.501438E-18
3.158916E+03	4.413223E-17	2.464589E-18
3.168819E+03	4.366454E-17	2.428964E-18
3.178721E+03	4.321599E-17	2.394569E-18
3.188624E+03	4.278620E-17	2.361374E-18
3.198526E+03	4.237637E-17	2.329433E-18
3.208429E+03	4.198692E-17	2.298757E-18
3.218332E+03	4.161833E-17	2.269361E-18
3.228234E+03	4.127107E-17	2.241257E-18
3.238137E+03	4.094567E-17	2.214459E-18
3.248039E+03	4.064267E-17	2.188985E-18
3.257942E+03	4.036201E-17	2.164816E-18
3.267844E+03	4.010561E-17	2.142041E-18
3.277747E+03	3.987287E-17	2.120613E-18
3.287650E+03	3.966516E-17	2.100589E-18
3.297552E+03	3.948264E-17	2.081961E-18
3.307455E+03	3.932675E-17	2.064788E-18
3.317357E+03	3.919833E-17	2.049097E-18
3.327260E+03	3.909709E-17	2.034854E-18
3.337162E+03	3.902512E-17	2.022150E-18
3.347065E+03	3.898222E-17	2.010955E-18
3.356967E+03	3.896993E-17	2.001328E-18
3.366870E+03	3.898925E-17	1.993299E-18
3.376773E+03	3.904013E-17	1.986845E-18
3.386675E+03	3.912471E-17	1.982052E-18
3.396578E+03	3.924304E-17	1.978900E-18
3.406480E+03	3.939630E-17	1.977424E-18
3.416383E+03	3.958570E-17	1.977662E-18
3.426285E+03	3.981201E-17	1.979625E-18
3.436188E+03	4.007708E-17	1.983380E-18
3.446090E+03	4.038129E-17	1.988919E-18
3.455993E+03	4.072611E-17	1.996284E-18
3.465896E+03	4.111256E-17	2.005500E-18
3.475798E+03	4.154277E-17	2.016637E-18
3.485701E+03	4.201738E-17	2.029698E-18
3.495603E+03	4.253760E-17	2.044707E-18
3.505506E+03	4.310574E-17	2.061744E-18
3.515408E+03	4.372207E-17	2.080787E-18
3.525311E+03	4.438848E-17	2.101891E-18
3.535213E+03	4.510688E-17	2.125110E-18
3.545116E+03	4.587814E-17	2.150448E-18
3.555019E+03	4.670422E-17	2.177958E-18
3.564921E+03	4.758600E-17	2.207642E-18
3.574824E+03	4.852488E-17	2.239524E-18
3.584726E+03	4.952273E-17	2.273650E-18
3.594629E+03	5.057979E-17	2.309987E-18
3.604531E+03	5.169838E-17	2.348600E-18
3.614434E+03	5.287906E-17	2.389469E-18
3.624337E+03	5.412284E-17	2.432595E-18
3.634239E+03	5.542996E-17	2.477944E-18
3.644142E+03	5.680163E-17	2.525524E-18
3.654044E+03	5.823821E-17	2.575307E-18
3.663947E+03	5.973923E-17	2.627225E-18
3.673849E+03	6.130501E-17	2.681246E-18
3.683752E+03	6.293508E-17	2.737305E-18
3.693654E+03	6.462777E-17	2.795285E-18
3.703557E+03	6.638362E-17	2.855165E-18
3.713460E+03	6.819957E-17	2.916771E-18
3.723362E+03	7.007408E-17	2.979997E-18
3.733265E+03	7.200588E-17	3.044748E-18
3.743167E+03	7.399035E-17	3.110793E-18
3.753070E+03	7.602615E-17	3.178040E-18
3.762972E+03	7.810850E-17	3.246257E-18
3.772875E+03	8.023438E-17	3.315291E-18
3.782777E+03	8.239977E-17	3.384949E-18
3.792680E+03	8.459939E-17	3.454993E-18
3.802583E+03	8.682831E-17	3.525202E-18
3.812485E+03	8.908214E-17	3.595384E-18
3.822388E+03	9.135448E-17	3.665271E-18
3.832290E+03	9.364050E-17	3.734665E-18
3.842193E+03	9.593326E-17	3.803286E-18
3.852095E+03	9.822747E-17	3.870929E-18
3.861998E+03	1.005168E-16	3.937354E-18
3.871900E+03	1.027950E-16	4.002329E-18
3.881803E+03	1.050567E-16	4.065665E-18
3.891706E+03	1.072949E-16	4.127111E-18
3.901608E+03	1.095046E-16	4.186503E-18
3.911511E+03	1.116810E-16	4.243694E-18
3.921413E+03	1.138171E-16	4.298445E-18
3.931316E+03	1.159108E-16	4.350726E-18
3.941218E+03	1.179569E-16	4.400375E-18
3.951121E+03	1.199514E-16	4.447299E-18
3.961024E+03	1.218921E-16	4.491457E-18
3.970926E+03	1.237752E-16	4.532760E-18
3.980829E+03	1.256004E-16	4.571251E-18
3.990731E+03	1.273658E-16	4.606919E-18
4.000634E+03	1.290699E-16	4.639758E-18
4.010536E+03	1.307105E-16	4.669743E-18
4.020439E+03	1.322884E-16	4.696966E-18
4.030341E+03	1.338027E-16	4.721450E-18
4.040244E+03	1.352525E-16	4.743217E-18
4.050147E+03	1.366367E-16	4.762287E-18
4.060049E+03	1.379543E-16	4.778684E-18
4.069952E+03	1.392052E-16	4.792461E-18
4.079854E+03	1.403871E-16	4.803598E-18
4.089757E+03	1.414998E-16	4.812150E-18
4.099659E+03	1.425422E-16	4.818138E-18
4.109562E+03	1.435133E-16	4.821588E-18
4.119464E+03	1.444124E-16	4.822533E-18
4.129367E+03	1.452390E-16	4.821019E-18
4.139270E+03	1.459945E-16	4.817151E-18
4.149172E+03	1.466771E-16	4.810928E-18
4.159075E+03	1.472894E-16	4.802491E-18
4.168977E+03	1.478349E-16	4.792010E-18
4.178880E+03	1.483139E-16	4.779550E-18
4.188782E+03	1.487315E-16	4.765323E-18
4.198685E+03	1.490909E-16	4.749484E-18
4.208587E+03	1.493986E-16	4.732284E-18
4.218490E+03	1.496592E-16	4.713907E-18
4.228393E+03	1.498779E-16	4.694557E-18
4.238295E+03	1.500640E-16	4.674559E-18
4.248198E+03	1.502211E-16	4.654054E-18
4.258100E+03	1.503596E-16	4.633390E-18
4.268003E+03	1.504863E-16	4.612799E-18
4.277905E+03	1.506102E-16	4.592568E-18
4.287808E+03	1.507390E-16	4.572953E-18
4.297711E+03	1.508839E-16	4.554298E-18
4.307613E+03	1.510547E-16	4.536901E-18
4.317516E+03	1.512598E-16	4.521018E-18
4.327418E+03	1.515117E-16	4.507017E-18
4.337321E+03	1.518154E-16	4.495041E-18
4.347223E+03	1.521767E-16	4.485254E-18
4.357126E+03	1.525946E-16	4.477617E-18
4.367028E+03	1.530667E-16	4.472057E-18
4.376931E+03	1.535835E-16	4.468284E-18
4.386834E+03	1.541385E-16	4.466119E-18
4.396736E+03	1.547210E-16	4.465247E-18
4.406639E+03	1.553202E-16	4.465360E-18
4.416541E+03	1.559306E-16	4.466288E-18
4.426444E+03	1.565445E-16	4.467800E-18
4.436346E+03	1.571570E-16	4.469756E-18
4.446249E+03	1.577657E-16	4.472081E-18
4.456151E+03	1.583698E-16	4.474747E-18
4.466054E+03	1.589689E-16	4.477740E-18
4.475957E+03	1.595670E-16	4.481161E-18
4.485859E+03	1.601673E-16	4.485099E-18
4.495762E+03	1.607724E-16	4.489616E-18
4.505664E+03	1.613854E-16	4.494789E-18
4.515567E+03	1.620122E-16	4.500772E-18
4.525469E+03	1.626573E-16	4.507678E-18
4.535372E+03	1.633218E-16	4.515528E-18
4.545274E+03	1.640126E-16	4.524496E-18
4.555177E+03	1.647280E-16	4.534525E-18
4.565080E+03	1.654717E-16	4.545701E-18
4.574982E+03	1.662448E-16	4.558040E-18
4.584885E+03	1.670448E-16	4.571464E-18
4.594787E+03	1.678693E-16	4.585892E-18
4.604690E+03	1.687107E-16	4.601103E-18
4.614592E+03	1.695653E-16	4.616986E-18
4.624495E+03	1.704195E-16	4.633160E-18
4.634398E+03	1.712642E-16	4.649368E-18
4.644300E+03	1.720861E-16	4.665244E-18
4.654203E+03	1.728739E-16	4.680471E-18
4.664105E+03	1.736143E-16	4.694687E-18
4.674008E+03	1.743016E-16	4.707726E-18
4.683910E+03	1.749314E-16	4.719469E-18
4.693813E+03	1.755105E-16	4.730090E-18
4.703715E+03	1.760435E-16	4.739709E-18
4.713618E+03	1.765439E-16	4.748676E-18
4.723521E+03	1.770250E-16	4.757342E-18
4.733423E+03	1.774989E-16	4.766020E-18
4.743326E+03	1.779804E-16	4.775094E-18
4.753228E+03	1.784797E-16	4.784824E-18
4.763131E+03	1.790070E-16	4.795466E-18
4.773033E+03	1.795707E-16	4.807233E-18
4.782936E+03	1.801775E-16	4.820290E-18
4.792838E+03	1.808303E-16	4.834699E-18
4.802741E+03	1.815357E-16	4.850622E-18
4.812644E+03	1.822896E-16	4.867935E-18
4.822546E+03	1.830953E-16	4.886710E-18
4.832449E+03	1.839491E-16	4.906833E-18
4.842351E+03	1.848493E-16	4.928249E-18
4.852254E+03	1.857877E-16	4.950726E-18
4.862156E+03	1.867604E-16	4.974145E-18
4.872059E+03	1.877610E-16	4.998326E-18
4.881961E+03	1.887806E-16	5.023016E-18
4.891864E+03	1.898138E-16	5.048062E-18
4.901767E+03	1.908512E-16	5.073205E-18
4.911669E+03	1.918876E-16	5.098293E-18
4.921572E+03	1.929124E-16	5.123034E-18
4.931474E+03	1.939229E-16	5.147349E-18
4.941377E+03	1.949097E-16	5.170976E-18
4.951279E+03	1.958697E-16	5.193827E-18
4.961182E+03	1.967970E-16	5.215736E-18
4.971085E+03	1.976905E-16	5.236664E-18
4.980987E+03	1.985483E-16	5.256554E-18
4.990890E+03	1.993653E-16	5.275266E-18
5.000792E+03	2.001440E-16	5.292856E-18
5.010695E+03	2.008857E-16	5.309353E-18
5.020597E+03	2.015928E-16	5.324814E-18
5.030500E+03	2.022649E-16	5.339220E-18
5.040402E+03	2.029103E-16	5.352791E-18
5.050305E+03	2.035343E-16	5.365656E-18
5.060208E+03	2.041366E-16	5.377800E-18
5.070110E+03	2.047294E-16	5.389545E-18
5.080013E+03	2.053148E-16	5.400938E-18
5.089915E+03	2.058991E-16	5.412137E-18
5.099818E+03	2.064880E-16	5.423289E-18
5.109720E+03	2.070846E-16	5.434471E-18
5.119623E+03	2.076955E-16	5.445850E-18
5.129525E+03	2.083222E-16	5.457458E-18
5.139428E+03	2.089669E-16	5.469350E-18
5.149331E+03	2.096308E-16	5.481552E-18
5.159233E+03	2.103091E-16	5.493936E-18
5.169136E+03	2.110043E-16	5.506558E-18
5.179038E+03	2.117108E-16	5.519269E-18
5.188941E+03	2.124210E-16	5.531873E-18
5.198843E+03	2.131284E-16	5.544192E-18
5.208746E+03	2.138245E-16	5.556008E-18
5.218648E+03	2.144974E-16	5.567009E-18
5.228551E+03	2.151382E-16	5.576967E-18
5.238454E+03	2.157304E-16	5.585456E-18
5.248356E+03	2.162629E-16	5.592195E-18
5.258259E+03	2.167175E-16	5.596718E-18
5.268161E+03	2.170819E-16	5.598719E-18
5.278064E+03	2.173394E-16	5.597777E-18
5.287966E+03	2.174755E-16	5.593533E-18
5.297869E+03	2.174761E-16	5.585643E-18
5.307772E+03	2.173236E-16	5.573669E-18
5.317674E+03	2.170082E-16	5.557381E-18
5.327577E+03	2.165168E-16	5.536473E-18
5.337479E+03	2.158411E-16	5.510752E-18
5.347382E+03	2.149704E-16	5.479977E-18
5.357284E+03	2.139056E-16	5.444200E-18
5.367187E+03	2.126401E-16	5.403280E-18
5.377089E+03	2.111768E-16	5.357328E-18
5.386992E+03	2.095227E-16	5.306551E-18
5.396895E+03	2.076778E-16	5.250982E-18
5.406797E+03	2.056462E-16	5.190756E-18
5.416700E+03	2.034358E-16	5.126110E-18
5.426602E+03	2.010762E-16	5.057817E-18
5.436505E+03	1.985974E-16	4.986656E-18
5.446407E+03	1.960264E-16	4.913325E-18
5.456310E+03	1.933919E-16	4.838550E-18
5.466212E+03	1.907228E-16	4.763070E-18
5.476115E+03	1.880449E-16	4.687530E-18
5.486018E+03	1.853918E-16	4.612773E-18
5.495920E+03	1.827903E-16	4.539459E-18
5.505823E+03	1.802689E-16	4.468297E-18
5.515725E+03	1.778604E-16	4.400083E-18
5.525628E+03	1.755916E-16	4.335470E-18
5.535530E+03	1.734922E-16	4.275174E-18
5.545433E+03	1.715903E-16	4.219861E-18
5.555335E+03	1.699098E-16	4.170090E-18
5.565238E+03	1.684729E-16	4.126382E-18
5.575141E+03	1.672967E-16	4.089114E-18
5.585043E+03	1.663930E-16	4.058543E-18
5.594946E+03	1.657712E-16	4.034853E-18
5.604848E+03	1.654316E-16	4.018016E-18
5.614751E+03	1.653766E-16	4.008047E-18
5.624653E+03	1.655954E-16	4.004643E-18
5.634556E+03	1.660796E-16	4.007561E-18
5.644459E+03	1.668133E-16	4.016377E-18
5.654361E+03	1.677751E-16	4.030540E-18
5.664264E+03	1.689453E-16	4.049546E-18
5.674166E+03	1.702961E-16	4.072698E-18
5.684069E+03	1.718006E-16	4.099327E-18
5.693971E+03	1.734283E-16	4.128687E-18
5.703874E+03	1.751498E-16	4.160064E-18
5.713776E+03	1.769325E-16	4.192674E-18
5.723679E+03	1.787506E-16	4.225902E-18
5.733582E+03	1.805734E-16	4.259021E-18
5.743484E+03	1.823786E-16	4.291517E-18
5.753387E+03	1.841479E-16	4.322967E-18
5.763289E+03	1.858650E-16	4.353005E-18
5.773192E+03	1.875155E-16	4.381308E-18
5.783094E+03	1.890927E-16	4.407742E-18
5.792997E+03	1.905934E-16	4.432253E-18
5.802899E+03	1.920111E-16	4.454714E-18
5.812802E+03	1.933479E-16	4.475198E-18
5.822705E+03	1.946078E-16	4.493821E-18
5.832607E+03	1.957895E-16	4.510577E-18
5.842510E+03	1.969012E-16	4.525681E-18
5.852412E+03	1.979475E-16	4.539262E-18
5.862315E+03	1.989284E-16	4.551344E-18
5.872217E+03	1.998506E-16	4.562105E-18
5.882120E+03	2.007208E-16	4.571718E-18
5.892022E+03	2.015383E-16	4.580191E-18
5.901925E+03	2.023089E-16	4.587682E-18
5.911828E+03	2.030358E-16	4.594284E-18
5.921730E+03	2.037197E-16	4.600034E-18
5.931633E+03	2.043634E-16	4.605019E-18
5.941535E+03	2.049694E-16	4.609319E-18
5.951438E+03	2.055379E-16	4.612961E-18
5.961340E+03	2.060742E-16	4.616083E-18
5.971243E+03	2.065788E-16	4.618722E-18
5.981146E+03	2.070550E-16	4.620971E-18
5.991048E+03	2.075015E-16	4.622827E-18
6.000951E+03	2.079274E-16	4.624509E-18
6.010853E+03	2.083296E-16	4.625971E-18
6.020756E+03	2.087179E-16	4.627456E-18
6.030658E+03	2.090904E-16	4.628935E-18
6.040561E+03	2.094576E-16	4.630667E-18
6.050463E+03	2.098185E-16	4.632648E-18
6.060366E+03	2.101825E-16	4.635103E-18
6.070269E+03	2.105566E-16	4.638208E-18
6.080171E+03	2.109457E-16	4.642089E-18
6.090074E+03	2.113544E-16	4.646866E-18
6.099976E+03	2.117918E-16	4.652758E-18
6.109879E+03	2.122638E-16	4.659913E-18
6.119781E+03	2.127741E-16	4.668429E-18
6.129684E+03	2.133240E-16	4.678358E-18
6.139586E+03	2.139175E-16	4.689803E-18
6.149489E+03	2.145530E-16	4.702751E-18
6.159392E+03	2.152186E-16	4.716955E-18
6.169294E+03	2.159117E-16	4.732357E-18
6.179197E+03	2.166209E-16	4.748692E-18
6.189099E+03	2.173378E-16	4.765762E-18
6.199002E+03	2.180601E-16	4.783504E-18
6.208904E+03	2.187806E-16	4.801742E-18
6.218807E+03	2.194957E-16	4.820386E-18
6.228709E+03	2.201995E-16	4.839290E-18
6.238612E+03	2.208870E-16	4.858325E-18
6.248515E+03	2.215625E-16	4.877567E-18
6.258417E+03	2.222159E-16	4.896780E-18
6.268320E+03	2.228497E-16	4.915996E-18
6.278222E+03	2.234575E-16	4.935059E-18
6.288125E+03	2.240428E-16	4.954021E-18
6.298027E+03	2.245999E-16	4.972741E-18
6.307930E+03	2.251300E-16	4.991222E-18
6.317833E+03	2.256343E-16	5.009472E-18
6.327735E+03	2.261050E-16	5.027292E-18
6.337638E+03	2.265468E-16	5.044768E-18
6.347540E+03	2.269582E-16	5.061845E-18
6.357443E+03	2.273376E-16	5.078464E-18
6.367345E+03	2.276866E-16	5.094639E-18
6.377248E+03	2.280066E-16	5.110382E-18
6.387150E+03	2.282994E-16	5.125706E-18
6.397053E+03	2.285628E-16	5.140545E-18
6.406956E+03	2.287951E-16	5.154839E-18
6.416858E+03	2.289981E-16	5.168603E-18
6.426761E+03	2.291631E-16	5.181624E-18
6.436663E+03	2.292956E-16	5.194004E-18
6.446566E+03	2.293947E-16	5.205700E-18
6.456468E+03	2.294593E-16	5.216668E-18
6.466371E+03	2.294890E-16	5.226878E-18
6.476273E+03	2.294835E-16	5.236305E-18
6.486176E+03	2.294466E-16	5.245013E-18
6.496079E+03	2.293749E-16	5.252909E-18
6.505981E+03	2.292729E-16	5.260076E-18
6.515884E+03	2.291418E-16	5.266525E-18
6.525786E+03	2.289791E-16	5.272182E-18
6.535689E+03	2.287904E-16	5.277160E-18
6.545591E+03	2.285777E-16	5.281488E-18
6.555494E+03	2.283430E-16	5.285201E-18
6.565396E+03	2.280887E-16	5.288342E-18
6.575299E+03	2.278173E-16	5.290952E-18
6.585202E+03	2.275308E-16	5.293072E-18
6.595104E+03	2.272278E-16	5.294653E-18
6.605007E+03	2.269139E-16	5.295818E-18
6.614909E+03	2.265867E-16	5.296503E-18
6.624812E+03	2.262514E-16	5.296821E-18
6.634714E+03	2.259089E-16	5.296782E-18
6.644617E+03	2.255557E-16	5.296300E-18
6.654520E+03	2.251918E-16	5.295369E-18
6.664422E+03	2.248209E-16	5.294067E-18
6.674325E+03	2.244343E-16	5.292185E-18
6.684227E+03	2.240390E-16	5.289887E-18
6.694130E+03	2.236299E-16	5.287042E-18
6.704032E+03	2.232014E-16	5.283517E-18
6.713935E+03	2.227561E-16	5.279369E-18
6.723837E+03	2.222925E-16	5.274558E-18
6.733740E+03	2.218049E-16	5.268950E-18
6.743643E+03	2.212962E-16	5.262605E-18
6.753545E+03	2.207607E-16	5.255393E-18
6.763448E+03	2.202018E-16	5.247388E-18
6.773350E+03	2.196105E-16	5.238377E-18
6.783253E+03	2.189944E-16	5.228542E-18
6.793155E+03	2.183454E-16	5.217687E-18
6.803058E+03	2.176715E-16	5.206007E-18
6.812960E+03	2.169653E-16	5.193325E-18
6.822863E+03	2.162314E-16	5.179755E-18
6.832766E+03	2.154668E-16	5.165226E-18
6.842668E+03	2.146768E-16	5.149868E-18
6.852571E+03	2.138586E-16	5.133620E-18
6.862473E+03	2.130179E-16	5.116620E-18
6.872376E+03	2.121478E-16	5.098712E-18
6.882278E+03	2.112581E-16	5.080133E-18
6.892181E+03	2.103458E-16	5.060821E-18
6.902083E+03	2.094084E-16	5.040717E-18
6.911986E+03	2.084548E-16	5.020050E-18
6.921889E+03	2.074782E-16	4.998656E-18
6.931791E+03	2.064834E-16	4.976664E-18
6.941694E+03	2.054675E-16	4.954007E-18
6.951596E+03	2.044350E-16	4.930810E-18
6.961499E+03	2.033830E-16	4.907005E-18
6.971401E+03	2.023163E-16	4.882721E-18
6.981304E+03	2.012278E-16	4.857795E-18
6.991207E+03	2.001265E-16	4.832454E-18
7.001109E+03	1.990054E-16	4.806539E-18
7.011012E+03	1.978735E-16	4.780281E-18
7.020914E+03	1.967243E-16	4.753528E-18
7.030817E+03	1.955629E-16	4.726419E-18
7.040719E+03	1.943871E-16	4.698908E-18
7.050622E+03	1.932022E-16	4.671137E-18
7.060524E+03	1.920102E-16	4.643165E-18
7.070427E+03	1.908053E-16	4.614862E-18
7.080330E+03	1.895975E-16	4.586481E-18
7.090232E+03	1.883891E-16	4.558092E-18
7.100135E+03	1.871751E-16	4.529581E-18
7.110037E+03	1.859620E-16	4.501119E-18
7.119940E+03	1.847526E-16	4.472787E-18
7.129842E+03	1.835463E-16	4.444579E-18
7.139745E+03	1.823536E-16	4.416760E-18
7.149647E+03	1.811698E-16	4.389233E-18
7.159550E+03	1.799981E-16	4.362078E-18
7.169453E+03	1.788445E-16	4.335460E-18
7.179355E+03	1.777041E-16	4.309269E-18
7.189258E+03	1.765861E-16	4.283737E-18
7.199160E+03	1.754883E-16	4.258825E-18
7.209063E+03	1.744116E-16	4.234565E-18
7.218965E+03	1.733531E-16	4.210896E-18
7.228868E+03	1.723127E-16	4.187828E-18
7.238770E+03	1.712938E-16	4.165455E-18
7.248673E+03	1.702926E-16	4.143694E-18
7.258576E+03	1.693047E-16	4.122450E-18
7.268478E+03	1.683296E-16	4.101721E-18
7.278381E+03	1.673669E-16	4.081507E-18
7.288283E+03	1.664162E-16	4.061804E-18
7.298186E+03	1.654738E-16	4.042538E-18
7.308088E+03	1.645364E-16	4.023632E-18
7.317991E+03	1.636044E-16	4.005109E-18
7.327894E+03	1.626715E-16	3.986820E-18
7.337796E+03	1.617455E-16	3.968963E-18
7.347699E+03	1.608169E-16	3.951312E-18
7.357601E+03	1.598864E-16	3.933896E-18
7.367504E+03	1.589587E-16	3.916830E-18
7.377406E+03	1.580379E-16	3.900226E-18
7.387309E+03	1.571213E-16	3.884014E-18
7.397211E+03	1.562163E-16	3.868365E-18
7.407114E+03	1.553235E-16	3.853278E-18
7.417017E+03	1.544501E-16	3.838918E-18
7.426919E+03	1.535933E-16	3.825202E-18
7.436822E+03	1.527604E-16	3.812299E-18
7.446724E+03	1.519522E-16	3.800217E-18
7.456627E+03	1.511694E-16	3.788963E-18
7.466529E+03	1.504165E-16	3.778639E-18
7.476432E+03	1.496913E-16	3.769180E-18
7.486334E+03	1.490017E-16	3.760777E-18
7.496237E+03	1.483459E-16	3.753374E-18
7.506140E+03	1.477251E-16	3.746999E-18
7.516042E+03	1.471441E-16	3.741766E-18
7.525945E+03	1.466043E-16	3.737703E-18
7.535847E+03	1.461064E-16	3.734828E-18
7.545750E+03	1.456480E-16	3.733071E-18
7.555652E+03	1.452360E-16	3.732611E-18
7.565555E+03	1.448637E-16	3.733272E-18
7.575457E+03	1.445376E-16	3.735216E-18
7.585360E+03	1.442502E-16	3.738254E-18
7.595263E+03	1.440072E-16	3.742528E-18
7.605165E+03	1.438006E-16	3.747834E-18
7.615068E+03	1.436357E-16	3.754302E-18
7.624970E+03	1.435073E-16	3.761802E-18
7.634873E+03	1.434134E-16	3.770277E-18
7.644775E+03	1.433485E-16	3.779584E-18
7.654678E+03	1.433171E-16	3.789836E-18
7.664581E+03	1.433131E-16	3.800876E-18
7.674483E+03	1.433340E-16	3.812633E-18
7.684386E+03	1.433737E-16	3.824941E-18
7.694288E+03	1.434362E-16	3.837907E-18
7.704191E+03	1.435120E-16	3.851272E-18
7.714093E+03	1.435986E-16	3.864966E-18
7.723996E+03	1.437005E-16	3.879102E-18
7.733898E+03	1.438049E-16	3.893337E-18
7.743801E+03	1.439171E-16	3.907801E-18
7.753704E+03	1.440281E-16	3.922252E-18
7.763606E+03	1.441435E-16	3.936833E-18
7.773509E+03	1.442552E-16	3.951317E-18
7.783411E+03	1.443623E-16	3.965670E-18
7.793314E+03	1.444639E-16	3.979865E-18
7.803216E+03	1.445564E-16	3.993792E-18
7.813119E+03	1.446393E-16	4.007435E-18
7.823021E+03	1.447093E-16	4.020689E-18
7.832924E+03	1.447700E-16	4.033651E-18
7.842827E+03	1.448113E-16	4.046027E-18
7.852729E+03	1.448335E-16	4.057822E-18
7.862632E+03	1.448336E-16	4.068942E-18
7.872534E+03	1.448123E-16	4.079395E-18
7.882437E+03	1.447666E-16	4.089092E-18
7.892339E+03	1.446937E-16	4.097939E-18
7.902242E+03	1.446012E-16	4.106150E-18
7.912144E+03	1.444936E-16	4.113840E-18
7.922047E+03	1.443679E-16	4.120918E-18
7.931950E+03	1.442353E-16	4.127702E-18
7.941852E+03	1.440965E-16	4.134206E-18
7.951755E+03	1.439518E-16	4.140434E-18
7.961657E+03	1.438088E-16	4.146606E-18
7.971560E+03	1.436676E-16	4.152723E-18
7.981462E+03	1.435284E-16	4.158788E-18
7.991365E+03	1.433948E-16	4.164905E-18
8.001268E+03	1.432665E-16	4.171067E-18
8.011170E+03	1.431431E-16	4.177267E-18
8.021073E+03	1.430281E-16	4.183600E-18
8.030975E+03	1.429171E-16	4.189944E-18
8.040878E+03	1.428170E-16	4.196502E-18
8.050780E+03	1.427195E-16	4.203031E-18
8.060683E+03	1.426315E-16	4.209736E-18
8.070585E+03	1.425447E-16	4.216374E-18
8.080488E+03	1.424659E-16	4.223149E-18
8.090391E+03	1.423906E-16	4.229930E-18
8.100293E+03	1.423183E-16	4.236703E-18
8.110196E+03	1.422484E-16	4.243451E-18
8.120098E+03	1.421805E-16	4.250167E-18
8.130001E+03	1.421143E-16	4.256844E-18
8.139903E+03	1.420497E-16	4.263480E-18
8.149806E+03	1.419868E-16	4.270081E-18
8.159708E+03	1.419257E-16	4.276652E-18
8.169611E+03	1.418667E-16	4.283210E-18
8.179514E+03	1.418106E-16	4.289775E-18
8.189416E+03	1.417583E-16	4.296382E-18
8.199319E+03	1.417066E-16	4.302937E-18
8.209221E+03	1.416609E-16	4.309610E-18
8.219124E+03	1.416184E-16	4.316320E-18
8.229026E+03	1.415848E-16	4.323242E-18
8.238929E+03	1.415577E-16	4.330313E-18
8.248831E+03	1.415428E-16	4.337707E-18
8.258734E+03	1.415377E-16	4.345365E-18
8.268637E+03	1.415443E-16	4.353344E-18
8.278539E+03	1.415639E-16	4.361693E-18
8.288442E+03	1.416022E-16	4.370595E-18
8.298344E+03	1.416521E-16	4.379841E-18
8.308247E+03	1.417188E-16	4.389598E-18
8.318149E+03	1.418031E-16	4.399899E-18
8.328052E+03	1.419054E-16	4.410764E-18
8.337955E+03	1.420220E-16	4.422088E-18
8.347857E+03	1.421567E-16	4.433999E-18
8.357760E+03	1.423094E-16	4.446499E-18
8.367662E+03	1.424752E-16	4.459447E-18
8.377565E+03	1.426531E-16	4.472822E-18
8.387467E+03	1.428420E-16	4.486596E-18
8.397370E+03	1.430445E-16	4.500862E-18
8.407272E+03	1.432550E-16	4.515450E-18
8.417175E+03	1.434673E-16	4.530174E-18
8.427078E+03	1.436878E-16	4.545246E-18
8.436980E+03	1.439059E-16	4.560338E-18
8.446883E+03	1.441279E-16	4.575659E-18
8.456785E+03	1.443385E-16	4.590732E-18
8.466688E+03	1.445483E-16	4.605900E-18
8.476590E+03	1.447419E-16	4.620677E-18
8.486493E+03	1.449254E-16	4.635271E-18
8.496395E+03	1.450965E-16	4.649611E-18
8.506298E+03	1.452440E-16	4.663343E-18
8.516201E+03	1.453700E-16	4.676544E-18
8.526103E+03	1.454722E-16	4.689143E-18
8.536006E+03	1.455488E-16	4.701085E-18
8.545908E+03	1.455980E-16	4.712317E-18
8.555811E+03	1.456137E-16	4.722643E-18
8.565713E+03	1.455947E-16	4.732033E-18
8.575616E+03	1.455447E-16	4.740604E-18
8.585518E+03	1.454541E-16	4.748052E-18
8.595421E+03	1.453321E-16	4.754669E-18
8.605324E+03	1.451701E-16	4.760180E-18
8.615226E+03	1.449736E-16	4.764769E-18
8.625129E+03	1.447400E-16	4.768344E-18
8.635031E+03	1.444715E-16	4.770986E-18
8.644934E+03	1.441761E-16	4.772952E-18
8.654836E+03	1.438486E-16	4.774074E-18
8.664739E+03	1.434982E-16	4.774660E-18
8.674642E+03	1.431258E-16	4.774735E-18
8.684544E+03	1.427418E-16	4.774658E-18
8.694447E+03	1.423434E-16	4.774333E-18
8.704349E+03	1.419464E-16	4.774295E-18
8.714252E+03	1.415481E-16	4.774463E-18
8.724154E+03	1.411551E-16	4.775062E-18
8.734057E+03	1.407782E-16	4.776470E-18
8.743959E+03	1.404232E-16	4.778894E-18
8.753862E+03	1.400862E-16	4.782213E-18
8.763765E+03	1.397811E-16	4.786919E-18
8.773667E+03	1.395122E-16	4.793175E-18
8.783570E+03	1.392784E-16	4.800959E-18
8.793472E+03	1.390869E-16	4.810540E-18
8.803375E+03	1.389444E-16	4.822175E-18
8.813277E+03	1.388473E-16	4.835755E-18
8.823180E+03	1.387948E-16	4.851278E-18
8.833082E+03	1.387956E-16	4.869052E-18
8.842985E+03	1.388469E-16	4.888992E-18
8.852888E+03	1.389398E-16	4.910802E-18
8.862790E+03	1.390744E-16	4.934491E-18
8.872693E+03	1.392451E-16	4.959875E-18
8.882595E+03	1.394512E-16	4.986935E-18
8.892498E+03	1.396868E-16	5.015472E-18
8.902400E+03	1.399408E-16	5.045092E-18
8.912303E+03	1.402181E-16	5.075979E-18
8.951913E+03	1.414339E-16	5.207609E-18
8.991523E+03	1.426872E-16	5.347201E-18
9.031134E+03	1.438617E-16	5.490053E-18
9.070744E+03	1.449124E-16	5.633904E-18
9.110354E+03	1.458977E-16	5.780426E-18
9.149964E+03	1.468238E-16	5.929364E-18
9.189575E+03	1.477367E-16	6.082111E-18
9.229185E+03	1.486209E-16	6.237621E-18
9.268795E+03	1.494098E-16	6.392646E-18
9.308405E+03	1.500563E-16	6.544553E-18
9.348016E+03	1.504893E-16	6.689520E-18
9.387626E+03	1.506775E-16	6.825277E-18
9.427236E+03	1.506057E-16	6.950218E-18
9.466846E+03	1.502502E-16	7.062284E-18
9.506456E+03	1.496236E-16	7.161102E-18
9.546067E+03	1.487466E-16	7.246750E-18
9.585677E+03	1.476503E-16	7.319916E-18
9.625287E+03	1.463790E-16	7.382083E-18
9.664897E+03	1.449683E-16	7.434471E-18
9.704508E+03	1.434572E-16	7.478610E-18
9.744118E+03	1.418746E-16	7.515668E-18
9.783728E+03	1.402646E-16	7.547730E-18
9.823338E+03	1.386483E-16	7.575808E-18
9.862949E+03	1.370365E-16	7.600415E-18
9.902559E+03	1.354331E-16	7.621737E-18
9.942169E+03	1.338395E-16	7.639836E-18
9.981779E+03	1.322567E-16	7.654770E-18
1.002139E+04	1.306977E-16	7.667306E-18
1.006100E+04	1.291496E-16	7.676742E-18
1.010061E+04	1.276228E-16	7.683720E-18
1.014022E+04	1.261261E-16	7.688838E-18
1.017983E+04	1.246291E-16	7.690308E-18
1.021944E+04	1.231643E-16	7.690178E-18
