#wls	flux	fluxerr
1.584409E+03	5.983402E-17	3.032924E-17
1.624020E+03	6.242969E-17	3.164027E-17
1.663630E+03	6.486614E-17	3.286998E-17
1.703240E+03	6.711378E-17	3.400338E-17
1.742850E+03	6.912075E-17	3.501420E-17
1.782461E+03	7.082773E-17	3.587245E-17
1.822071E+03	7.214228E-17	3.653135E-17
1.861681E+03	7.297158E-17	3.694400E-17
1.901291E+03	7.321185E-17	3.705800E-17
1.940902E+03	7.277535E-17	3.682912E-17
1.980512E+03	7.162284E-17	3.623773E-17
2.020122E+03	6.985337E-17	3.533418E-17
2.059732E+03	6.775450E-17	3.426412E-17
2.099342E+03	6.579148E-17	3.326294E-17
2.138953E+03	6.447322E-17	3.258781E-17
2.178563E+03	6.408787E-17	3.238411E-17
2.218173E+03	6.454969E-17	3.260813E-17
2.257783E+03	6.548133E-17	3.306891E-17
2.297394E+03	6.641585E-17	3.353049E-17
2.337004E+03	6.700280E-17	3.381596E-17
2.376614E+03	6.703630E-17	3.382162E-17
2.416224E+03	6.643927E-17	3.350884E-17
2.455835E+03	6.522833E-17	3.288635E-17
2.495445E+03	6.345863E-17	3.198228E-17
2.535055E+03	6.120240E-17	3.083336E-17
2.574665E+03	5.854696E-17	2.948388E-17
2.614276E+03	5.556799E-17	2.797223E-17
2.653886E+03	5.234376E-17	2.633804E-17
2.693496E+03	4.894185E-17	2.461552E-17
2.733106E+03	4.543192E-17	2.283986E-17
2.772716E+03	4.187350E-17	2.104114E-17
2.812327E+03	3.832520E-17	1.924889E-17
2.851937E+03	3.484113E-17	1.749033E-17
2.891547E+03	3.147041E-17	1.579015E-17
2.931157E+03	2.825617E-17	1.416995E-17
2.970768E+03	2.523409E-17	1.264757E-17
2.980670E+03	2.451172E-17	1.228382E-17
2.990573E+03	2.380365E-17	1.192732E-17
3.000475E+03	2.310952E-17	1.157789E-17
3.010378E+03	2.243052E-17	1.123613E-17
3.020280E+03	2.176624E-17	1.090182E-17
3.030183E+03	2.111679E-17	1.057502E-17
3.040086E+03	2.048250E-17	1.025590E-17
3.049988E+03	1.986504E-17	9.945282E-18
3.059891E+03	1.926424E-17	9.643091E-18
3.069793E+03	1.868049E-17	9.349504E-18
3.079696E+03	1.811298E-17	9.064124E-18
3.089598E+03	1.756172E-17	8.786950E-18
3.099501E+03	1.702636E-17	8.517807E-18
3.109403E+03	1.650660E-17	8.256533E-18
3.119306E+03	1.600213E-17	8.002981E-18
3.129209E+03	1.551299E-17	7.757162E-18
3.139111E+03	1.503861E-17	7.518789E-18
3.149014E+03	1.457902E-17	7.287875E-18
3.158916E+03	1.413395E-17	7.064286E-18
3.168819E+03	1.370316E-17	6.847892E-18
3.178721E+03	1.328662E-17	6.638682E-18
3.188624E+03	1.288363E-17	6.436296E-18
3.198526E+03	1.249459E-17	6.240941E-18
3.208429E+03	1.211861E-17	6.052163E-18
3.218332E+03	1.175606E-17	5.870141E-18
3.228234E+03	1.140625E-17	5.694540E-18
3.238137E+03	1.106914E-17	5.525322E-18
3.248039E+03	1.074443E-17	5.362347E-18
3.257942E+03	1.043169E-17	5.205396E-18
3.267844E+03	1.013099E-17	5.054494E-18
3.277747E+03	9.841720E-18	4.909341E-18
3.287650E+03	9.563620E-18	4.769802E-18
3.297552E+03	9.296700E-18	4.635881E-18
3.307455E+03	9.040402E-18	4.507297E-18
3.317357E+03	8.794458E-18	4.383913E-18
3.327260E+03	8.558602E-18	4.265595E-18
3.337162E+03	8.332677E-18	4.152263E-18
3.347065E+03	8.116187E-18	4.043666E-18
3.356967E+03	7.908875E-18	3.939676E-18
3.366870E+03	7.710593E-18	3.840216E-18
3.376773E+03	7.520978E-18	3.745102E-18
3.386675E+03	7.339785E-18	3.654212E-18
3.396578E+03	7.166584E-18	3.567329E-18
3.406480E+03	7.001239E-18	3.484384E-18
3.416383E+03	6.843524E-18	3.405261E-18
3.426285E+03	6.693048E-18	3.329766E-18
3.436188E+03	6.549604E-18	3.257792E-18
3.446090E+03	6.412912E-18	3.189200E-18
3.455993E+03	6.282861E-18	3.123931E-18
3.465896E+03	6.159036E-18	3.061779E-18
3.475798E+03	6.041343E-18	3.002695E-18
3.485701E+03	5.929468E-18	2.946521E-18
3.495603E+03	5.823193E-18	2.893148E-18
3.505506E+03	5.722307E-18	2.842469E-18
3.515408E+03	5.626546E-18	2.794352E-18
3.525311E+03	5.535786E-18	2.748733E-18
3.535213E+03	5.449728E-18	2.705464E-18
3.545116E+03	5.368209E-18	2.664461E-18
3.555019E+03	5.291128E-18	2.625675E-18
3.564921E+03	5.218275E-18	2.588998E-18
3.574824E+03	5.149514E-18	2.554362E-18
3.584726E+03	5.084649E-18	2.521671E-18
3.594629E+03	5.023514E-18	2.490838E-18
3.604531E+03	4.965981E-18	2.461802E-18
3.614434E+03	4.911845E-18	2.434458E-18
3.624337E+03	4.861054E-18	2.408780E-18
3.634239E+03	4.813406E-18	2.384667E-18
3.644142E+03	4.768813E-18	2.362074E-18
3.654044E+03	4.727230E-18	2.340979E-18
3.663947E+03	4.688478E-18	2.321291E-18
3.673849E+03	4.652474E-18	2.302970E-18
3.683752E+03	4.619223E-18	2.286016E-18
3.693654E+03	4.588598E-18	2.270365E-18
3.703557E+03	4.560528E-18	2.255983E-18
3.713460E+03	4.535010E-18	2.242866E-18
3.723362E+03	4.511930E-18	2.230958E-18
3.733265E+03	4.491255E-18	2.220242E-18
3.743167E+03	4.472986E-18	2.210716E-18
3.753070E+03	4.457049E-18	2.202345E-18
3.762972E+03	4.443410E-18	2.195109E-18
3.772875E+03	4.432033E-18	2.188992E-18
3.782777E+03	4.422884E-18	2.183974E-18
3.792680E+03	4.415961E-18	2.180055E-18
3.802583E+03	4.411199E-18	2.177202E-18
3.812485E+03	4.408596E-18	2.175413E-18
3.822388E+03	4.408154E-18	2.174688E-18
3.832290E+03	4.409803E-18	2.174993E-18
3.842193E+03	4.413507E-18	2.176307E-18
3.852095E+03	4.419303E-18	2.178649E-18
3.861998E+03	4.427162E-18	2.182005E-18
3.871900E+03	4.437005E-18	2.186334E-18
3.881803E+03	4.448878E-18	2.191658E-18
3.891706E+03	4.462776E-18	2.197974E-18
3.901608E+03	4.478597E-18	2.205231E-18
3.911511E+03	4.496377E-18	2.213446E-18
3.921413E+03	4.516118E-18	2.222619E-18
3.931316E+03	4.537788E-18	2.232735E-18
3.941218E+03	4.561310E-18	2.243754E-18
3.951121E+03	4.586767E-18	2.255716E-18
3.961024E+03	4.614085E-18	2.268584E-18
3.970926E+03	4.643226E-18	2.282339E-18
3.980829E+03	4.674235E-18	2.297003E-18
3.990731E+03	4.707041E-18	2.312538E-18
4.000634E+03	4.741681E-18	2.328965E-18
4.010536E+03	4.778050E-18	2.346228E-18
4.020439E+03	4.816224E-18	2.364366E-18
4.030341E+03	4.856134E-18	2.383344E-18
4.040244E+03	4.897743E-18	2.403142E-18
4.050147E+03	4.941098E-18	2.423784E-18
4.060049E+03	4.986091E-18	2.445215E-18
4.069952E+03	5.032799E-18	2.467474E-18
4.079854E+03	5.081118E-18	2.490506E-18
4.089757E+03	5.131050E-18	2.514314E-18
4.099659E+03	5.182606E-18	2.538902E-18
4.109562E+03	5.235713E-18	2.564233E-18
4.119464E+03	5.290375E-18	2.590309E-18
4.129367E+03	5.346566E-18	2.617116E-18
4.139270E+03	5.404213E-18	2.644617E-18
4.149172E+03	5.463361E-18	2.672835E-18
4.159075E+03	5.523898E-18	2.701714E-18
4.168977E+03	5.585879E-18	2.731279E-18
4.178880E+03	5.649180E-18	2.761471E-18
4.188782E+03	5.713815E-18	2.792293E-18
4.198685E+03	5.779746E-18	2.823729E-18
4.208587E+03	5.846851E-18	2.855717E-18
4.218490E+03	5.915185E-18	2.888284E-18
4.228393E+03	5.984666E-18	2.921389E-18
4.238295E+03	6.055209E-18	2.954990E-18
4.248198E+03	6.126725E-18	2.989043E-18
4.258100E+03	6.199221E-18	3.023551E-18
4.268003E+03	6.272652E-18	3.058491E-18
4.277905E+03	6.346826E-18	3.093770E-18
4.287808E+03	6.421794E-18	3.129412E-18
4.297711E+03	6.497347E-18	3.165314E-18
4.307613E+03	6.573541E-18	3.201504E-18
4.317516E+03	6.650208E-18	3.237900E-18
4.327418E+03	6.727344E-18	3.274499E-18
4.337321E+03	6.804943E-18	3.311297E-18
4.347223E+03	6.882998E-18	3.348292E-18
4.357126E+03	6.961503E-18	3.385479E-18
4.367028E+03	7.040515E-18	3.422887E-18
4.376931E+03	7.120088E-18	3.460542E-18
4.386834E+03	7.200223E-18	3.498442E-18
4.396736E+03	7.280980E-18	3.536619E-18
4.406639E+03	7.362304E-18	3.575043E-18
4.416541E+03	7.444329E-18	3.613780E-18
4.426444E+03	7.526997E-18	3.652801E-18
4.436346E+03	7.610321E-18	3.692112E-18
4.446249E+03	7.694311E-18	3.731718E-18
4.456151E+03	7.778986E-18	3.771628E-18
4.466054E+03	7.864363E-18	3.811849E-18
4.475957E+03	7.950459E-18	3.852388E-18
4.485859E+03	8.037156E-18	3.893189E-18
4.495762E+03	8.124620E-18	3.934332E-18
4.505664E+03	8.212733E-18	3.975758E-18
4.515567E+03	8.301520E-18	4.017480E-18
4.525469E+03	8.390937E-18	4.059475E-18
4.535372E+03	8.481092E-18	4.101796E-18
4.545274E+03	8.571948E-18	4.144423E-18
4.555177E+03	8.663386E-18	4.187300E-18
4.565080E+03	8.755601E-18	4.230519E-18
4.574982E+03	8.848487E-18	4.274030E-18
4.584885E+03	8.942004E-18	4.317811E-18
4.594787E+03	9.036288E-18	4.361929E-18
4.604690E+03	9.131396E-18	4.406411E-18
4.614592E+03	9.227137E-18	4.451162E-18
4.624495E+03	9.323744E-18	4.496297E-18
4.634398E+03	9.421203E-18	4.541806E-18
4.644300E+03	9.519503E-18	4.587685E-18
4.654203E+03	9.618717E-18	4.633967E-18
4.664105E+03	9.718843E-18	4.680652E-18
4.674008E+03	9.819968E-18	4.727780E-18
4.683910E+03	9.921910E-18	4.775263E-18
4.693813E+03	1.002476E-17	4.823143E-18
4.703715E+03	1.012861E-17	4.871467E-18
4.713618E+03	1.023318E-17	4.920098E-18
4.723521E+03	1.033867E-17	4.969129E-18
4.733423E+03	1.044497E-17	5.018512E-18
4.743326E+03	1.055200E-17	5.068202E-18
4.753228E+03	1.065996E-17	5.118294E-18
4.763131E+03	1.076853E-17	5.168644E-18
4.773033E+03	1.087804E-17	5.219397E-18
4.782936E+03	1.098817E-17	5.270407E-18
4.792838E+03	1.109913E-17	5.321771E-18
4.802741E+03	1.121071E-17	5.373387E-18
4.812644E+03	1.132311E-17	5.425351E-18
4.822546E+03	1.143611E-17	5.477558E-18
4.832449E+03	1.154981E-17	5.530055E-18
4.842351E+03	1.166420E-17	5.582835E-18
4.852254E+03	1.177914E-17	5.635833E-18
4.862156E+03	1.189461E-17	5.689039E-18
4.872059E+03	1.201059E-17	5.742439E-18
4.881961E+03	1.212715E-17	5.796071E-18
4.891864E+03	1.224403E-17	5.849806E-18
4.901767E+03	1.236142E-17	5.903733E-18
4.911669E+03	1.247902E-17	5.957715E-18
4.921572E+03	1.259689E-17	6.011778E-18
4.931474E+03	1.271485E-17	6.065831E-18
4.941377E+03	1.283282E-17	6.119837E-18
4.951279E+03	1.295071E-17	6.173755E-18
4.961182E+03	1.306854E-17	6.227597E-18
4.971085E+03	1.318597E-17	6.281195E-18
4.980987E+03	1.330300E-17	6.334553E-18
4.990890E+03	1.341937E-17	6.387546E-18
5.000792E+03	1.353509E-17	6.440177E-18
5.010695E+03	1.364987E-17	6.492309E-18
5.020597E+03	1.376341E-17	6.543801E-18
5.030500E+03	1.387568E-17	6.594641E-18
5.040402E+03	1.398651E-17	6.644742E-18
5.050305E+03	1.409556E-17	6.693949E-18
5.060208E+03	1.420249E-17	6.742100E-18
5.070110E+03	1.430738E-17	6.789228E-18
5.080013E+03	1.440971E-17	6.835100E-18
5.089915E+03	1.450927E-17	6.879606E-18
5.099818E+03	1.460581E-17	6.922635E-18
5.109720E+03	1.469909E-17	6.964074E-18
5.119623E+03	1.478874E-17	7.003743E-18
5.129525E+03	1.487463E-17	7.041590E-18
5.139428E+03	1.495622E-17	7.077360E-18
5.149331E+03	1.503341E-17	7.111006E-18
5.159233E+03	1.510565E-17	7.142269E-18
5.169136E+03	1.517298E-17	7.171177E-18
5.179038E+03	1.523487E-17	7.197476E-18
5.188941E+03	1.529124E-17	7.221130E-18
5.198843E+03	1.534154E-17	7.241892E-18
5.208746E+03	1.538573E-17	7.259737E-18
5.218648E+03	1.542362E-17	7.274580E-18
5.228551E+03	1.545472E-17	7.286199E-18
5.238454E+03	1.547889E-17	7.294525E-18
5.248356E+03	1.549614E-17	7.299574E-18
5.258259E+03	1.550624E-17	7.301234E-18
5.268161E+03	1.550896E-17	7.299407E-18
5.278064E+03	1.550427E-17	7.294085E-18
5.287966E+03	1.549219E-17	7.285274E-18
5.297869E+03	1.547275E-17	7.273000E-18
5.307772E+03	1.544591E-17	7.257243E-18
5.317674E+03	1.541194E-17	7.238139E-18
5.327577E+03	1.537088E-17	7.215707E-18
5.337479E+03	1.532310E-17	7.190130E-18
5.347382E+03	1.526872E-17	7.161464E-18
5.357284E+03	1.520835E-17	7.130006E-18
5.367187E+03	1.514252E-17	7.095996E-18
5.377089E+03	1.507145E-17	7.059554E-18
5.386992E+03	1.499605E-17	7.021099E-18
5.396895E+03	1.491677E-17	6.980850E-18
5.406797E+03	1.483351E-17	6.938766E-18
5.416700E+03	1.474727E-17	6.895307E-18
5.426602E+03	1.465830E-17	6.850600E-18
5.436505E+03	1.456689E-17	6.804780E-18
5.446407E+03	1.447348E-17	6.758059E-18
5.456310E+03	1.437842E-17	6.710594E-18
5.466212E+03	1.428204E-17	6.662542E-18
5.476115E+03	1.418496E-17	6.614199E-18
5.486018E+03	1.408754E-17	6.565727E-18
5.495920E+03	1.399054E-17	6.517482E-18
5.505823E+03	1.389457E-17	6.469749E-18
5.515725E+03	1.380009E-17	6.422740E-18
5.525628E+03	1.370779E-17	6.376784E-18
5.535530E+03	1.361824E-17	6.332132E-18
5.545433E+03	1.353197E-17	6.289031E-18
5.555335E+03	1.344957E-17	6.247764E-18
5.565238E+03	1.337154E-17	6.208546E-18
5.575141E+03	1.329828E-17	6.171572E-18
5.585043E+03	1.323033E-17	6.137082E-18
5.594946E+03	1.316804E-17	6.105242E-18
5.604848E+03	1.311189E-17	6.076260E-18
5.614751E+03	1.306216E-17	6.050274E-18
5.624653E+03	1.301913E-17	6.027396E-18
5.634556E+03	1.298315E-17	6.007798E-18
5.644459E+03	1.295445E-17	5.991569E-18
5.654361E+03	1.293320E-17	5.978791E-18
5.664264E+03	1.291969E-17	5.969593E-18
5.674166E+03	1.291407E-17	5.964035E-18
5.684069E+03	1.291660E-17	5.962232E-18
5.693971E+03	1.292725E-17	5.964162E-18
5.703874E+03	1.294636E-17	5.969987E-18
5.713776E+03	1.297390E-17	5.979674E-18
5.723679E+03	1.300992E-17	5.993250E-18
5.733582E+03	1.305477E-17	6.010864E-18
5.743484E+03	1.310821E-17	6.032404E-18
5.753387E+03	1.317057E-17	6.058014E-18
5.763289E+03	1.324190E-17	6.087706E-18
5.773192E+03	1.332223E-17	6.121494E-18
5.783094E+03	1.341145E-17	6.159319E-18
5.792997E+03	1.350987E-17	6.201318E-18
5.802899E+03	1.361737E-17	6.247430E-18
5.812802E+03	1.373413E-17	6.297724E-18
5.822705E+03	1.386016E-17	6.352203E-18
5.832607E+03	1.399530E-17	6.410790E-18
5.842510E+03	1.413972E-17	6.473550E-18
5.852412E+03	1.429356E-17	6.540541E-18
5.862315E+03	1.445649E-17	6.611609E-18
5.872217E+03	1.462862E-17	6.686799E-18
5.882120E+03	1.480992E-17	6.766085E-18
5.892022E+03	1.500050E-17	6.849508E-18
5.901925E+03	1.519993E-17	6.936874E-18
5.911828E+03	1.540846E-17	7.028284E-18
5.921730E+03	1.562562E-17	7.123522E-18
5.931633E+03	1.585146E-17	7.222593E-18
5.941535E+03	1.608579E-17	7.325418E-18
5.951438E+03	1.632824E-17	7.431814E-18
5.961340E+03	1.657878E-17	7.541761E-18
5.971243E+03	1.683676E-17	7.654962E-18
5.981146E+03	1.710229E-17	7.771457E-18
5.991048E+03	1.737446E-17	7.890830E-18
6.000951E+03	1.765332E-17	8.013091E-18
6.010853E+03	1.793806E-17	8.137879E-18
6.020756E+03	1.822849E-17	8.265094E-18
6.030658E+03	1.852371E-17	8.394330E-18
6.040561E+03	1.882325E-17	8.525362E-18
6.050463E+03	1.912635E-17	8.657852E-18
6.060366E+03	1.943246E-17	8.791546E-18
6.070269E+03	1.974056E-17	8.925973E-18
6.080171E+03	2.004977E-17	9.060745E-18
6.090074E+03	2.035948E-17	9.195578E-18
6.099976E+03	2.066880E-17	9.330071E-18
6.109879E+03	2.097631E-17	9.463581E-18
6.119781E+03	2.128132E-17	9.595804E-18
6.129684E+03	2.158288E-17	9.726312E-18
6.139586E+03	2.188032E-17	9.854805E-18
6.149489E+03	2.217327E-17	9.981116E-18
6.159392E+03	2.246138E-17	1.010510E-17
6.169294E+03	2.274466E-17	1.022675E-17
6.179197E+03	2.302377E-17	1.034638E-17
6.189099E+03	2.329859E-17	1.046394E-17
6.199002E+03	2.356877E-17	1.057927E-17
6.208904E+03	2.383520E-17	1.069277E-17
6.218807E+03	2.409796E-17	1.080449E-17
6.228709E+03	2.435654E-17	1.091419E-17
6.238612E+03	2.461208E-17	1.102240E-17
6.248515E+03	2.486382E-17	1.112877E-17
6.258417E+03	2.511270E-17	1.123372E-17
6.268320E+03	2.535836E-17	1.133710E-17
6.278222E+03	2.560114E-17	1.143907E-17
6.288125E+03	2.584109E-17	1.153964E-17
6.298027E+03	2.607825E-17	1.163884E-17
6.307930E+03	2.631270E-17	1.173671E-17
6.317833E+03	2.654415E-17	1.183311E-17
6.327735E+03	2.677231E-17	1.192792E-17
6.337638E+03	2.699766E-17	1.202135E-17
6.347540E+03	2.721951E-17	1.211311E-17
6.357443E+03	2.743834E-17	1.220341E-17
6.367345E+03	2.765387E-17	1.229211E-17
6.377248E+03	2.786618E-17	1.237928E-17
6.387150E+03	2.807580E-17	1.246513E-17
6.397053E+03	2.828368E-17	1.255010E-17
6.406956E+03	2.848999E-17	1.263425E-17
6.416858E+03	2.869530E-17	1.271786E-17
6.426761E+03	2.890024E-17	1.280118E-17
6.436663E+03	2.910455E-17	1.288412E-17
6.446566E+03	2.930931E-17	1.296715E-17
6.456468E+03	2.951473E-17	1.305035E-17
6.466371E+03	2.972054E-17	1.313361E-17
6.476273E+03	2.992786E-17	1.321744E-17
6.486176E+03	3.013644E-17	1.330170E-17
6.496079E+03	3.034598E-17	1.338627E-17
6.505981E+03	3.055761E-17	1.347166E-17
6.515884E+03	3.077105E-17	1.355772E-17
6.525786E+03	3.098645E-17	1.364453E-17
6.535689E+03	3.120450E-17	1.373239E-17
6.545591E+03	3.142433E-17	1.382092E-17
6.555494E+03	3.164606E-17	1.391016E-17
6.565396E+03	3.187088E-17	1.400064E-17
6.575299E+03	3.209786E-17	1.409194E-17
6.585202E+03	3.232710E-17	1.418412E-17
6.595104E+03	3.255923E-17	1.427744E-17
6.605007E+03	3.279380E-17	1.437170E-17
6.614909E+03	3.303088E-17	1.446694E-17
6.624812E+03	3.327108E-17	1.456342E-17
6.634714E+03	3.351335E-17	1.466068E-17
6.644617E+03	3.375770E-17	1.475871E-17
6.654520E+03	3.400530E-17	1.485803E-17
6.664422E+03	3.425501E-17	1.495815E-17
6.674325E+03	3.450683E-17	1.505905E-17
6.684227E+03	3.476133E-17	1.516099E-17
6.694130E+03	3.501790E-17	1.526370E-17
6.704032E+03	3.527651E-17	1.536716E-17
6.713935E+03	3.553709E-17	1.547134E-17
6.723837E+03	3.579960E-17	1.557623E-17
6.733740E+03	3.606333E-17	1.568151E-17
6.743643E+03	3.632885E-17	1.578743E-17
6.753545E+03	3.659607E-17	1.589396E-17
6.763448E+03	3.686425E-17	1.600076E-17
6.773350E+03	3.713395E-17	1.610808E-17
6.783253E+03	3.740440E-17	1.621559E-17
6.793155E+03	3.767546E-17	1.632323E-17
6.803058E+03	3.794702E-17	1.643094E-17
6.812960E+03	3.821824E-17	1.653837E-17
6.822863E+03	3.849040E-17	1.664607E-17
6.832766E+03	3.876266E-17	1.675368E-17
6.842668E+03	3.903416E-17	1.686083E-17
6.852571E+03	3.930547E-17	1.696775E-17
6.862473E+03	3.957572E-17	1.707409E-17
6.872376E+03	3.984476E-17	1.717977E-17
6.882278E+03	4.011319E-17	1.728506E-17
6.892181E+03	4.038012E-17	1.738958E-17
6.902083E+03	4.064542E-17	1.749326E-17
6.911986E+03	4.090894E-17	1.759605E-17
6.921889E+03	4.117056E-17	1.769790E-17
6.931791E+03	4.142936E-17	1.779842E-17
6.941694E+03	4.168685E-17	1.789825E-17
6.951596E+03	4.194128E-17	1.799666E-17
6.961499E+03	4.219258E-17	1.809360E-17
6.971401E+03	4.244147E-17	1.818940E-17
6.981304E+03	4.268707E-17	1.828368E-17
6.991207E+03	4.292929E-17	1.837641E-17
7.001109E+03	4.316811E-17	1.846757E-17
7.011012E+03	4.340347E-17	1.855716E-17
7.020914E+03	4.363624E-17	1.864554E-17
7.030817E+03	4.386465E-17	1.873196E-17
7.040719E+03	4.408872E-17	1.881644E-17
7.050622E+03	4.430934E-17	1.889936E-17
7.060524E+03	4.452652E-17	1.898072E-17
7.070427E+03	4.473947E-17	1.906020E-17
7.080330E+03	4.494906E-17	1.913817E-17
7.090232E+03	4.515360E-17	1.921391E-17
7.100135E+03	4.535487E-17	1.928820E-17
7.110037E+03	4.555218E-17	1.936073E-17
7.119940E+03	4.574545E-17	1.943148E-17
7.129842E+03	4.593393E-17	1.950013E-17
7.139745E+03	4.611950E-17	1.956749E-17
7.149647E+03	4.630043E-17	1.963283E-17
7.159550E+03	4.647767E-17	1.969655E-17
7.169453E+03	4.665038E-17	1.975831E-17
7.179355E+03	4.681960E-17	1.981855E-17
7.189258E+03	4.698438E-17	1.987687E-17
7.199160E+03	4.714486E-17	1.993333E-17
7.209063E+03	4.730204E-17	1.998837E-17
7.218965E+03	4.745501E-17	2.004160E-17
7.228868E+03	4.760483E-17	2.009348E-17
7.238770E+03	4.774954E-17	2.014318E-17
7.248673E+03	4.789019E-17	2.019114E-17
7.258576E+03	4.802787E-17	2.023785E-17
7.268478E+03	4.816062E-17	2.028247E-17
7.278381E+03	4.828945E-17	2.032543E-17
7.288283E+03	4.841345E-17	2.036635E-17
7.298186E+03	4.853372E-17	2.040571E-17
7.308088E+03	4.864923E-17	2.044308E-17
7.317991E+03	4.876014E-17	2.047852E-17
7.327894E+03	4.886643E-17	2.051204E-17
7.337796E+03	4.896720E-17	2.054326E-17
7.347699E+03	4.906246E-17	2.057219E-17
7.357601E+03	4.915239E-17	2.059891E-17
7.367504E+03	4.923706E-17	2.062346E-17
7.377406E+03	4.931762E-17	2.064633E-17
7.387309E+03	4.939321E-17	2.066715E-17
7.397211E+03	4.946610E-17	2.068689E-17
7.407114E+03	4.953644E-17	2.070561E-17
7.417017E+03	4.960444E-17	2.072340E-17
7.426919E+03	4.967017E-17	2.074030E-17
7.436822E+03	4.973382E-17	2.075638E-17
7.446724E+03	4.979770E-17	2.077262E-17
7.456627E+03	4.985961E-17	2.078809E-17
7.466529E+03	4.992079E-17	2.080333E-17
7.476432E+03	4.998114E-17	2.081828E-17
7.486334E+03	5.004193E-17	2.083347E-17
7.496237E+03	5.010083E-17	2.084794E-17
7.506140E+03	5.015893E-17	2.086215E-17
7.516042E+03	5.021623E-17	2.087608E-17
7.525945E+03	5.027387E-17	2.089022E-17
7.535847E+03	5.032952E-17	2.090358E-17
7.545750E+03	5.038544E-17	2.091713E-17
7.555652E+03	5.044042E-17	2.093035E-17
7.565555E+03	5.049320E-17	2.094272E-17
7.575457E+03	5.054617E-17	2.095524E-17
7.585360E+03	5.059798E-17	2.096733E-17
7.595263E+03	5.064859E-17	2.097900E-17
7.605165E+03	5.069796E-17	2.099021E-17
7.615068E+03	5.074592E-17	2.100091E-17
7.624970E+03	5.079244E-17	2.101108E-17
7.634873E+03	5.083866E-17	2.102119E-17
7.644775E+03	5.088195E-17	2.103015E-17
7.654678E+03	5.092470E-17	2.103896E-17
7.664581E+03	5.096551E-17	2.104704E-17
7.674483E+03	5.100425E-17	2.105433E-17
7.684386E+03	5.104080E-17	2.106078E-17
7.694288E+03	5.107629E-17	2.106687E-17
7.704191E+03	5.110926E-17	2.107199E-17
7.714093E+03	5.113956E-17	2.107608E-17
7.723996E+03	5.116705E-17	2.107908E-17
7.733898E+03	5.119279E-17	2.108144E-17
7.743801E+03	5.121532E-17	2.108254E-17
7.753704E+03	5.123454E-17	2.108237E-17
7.763606E+03	5.125148E-17	2.108133E-17
7.773509E+03	5.126345E-17	2.107832E-17
7.783411E+03	5.127287E-17	2.107434E-17
7.793314E+03	5.127819E-17	2.106876E-17
7.803216E+03	5.127936E-17	2.106156E-17
7.813119E+03	5.127616E-17	2.105264E-17
7.823021E+03	5.126849E-17	2.104197E-17
7.832924E+03	5.125489E-17	2.102896E-17
7.842827E+03	5.123523E-17	2.101355E-17
7.852729E+03	5.121073E-17	2.099624E-17
7.862632E+03	5.117863E-17	2.097590E-17
7.872534E+03	5.113892E-17	2.095255E-17
7.882437E+03	5.109284E-17	2.092668E-17
7.892339E+03	5.103902E-17	2.089773E-17
7.902242E+03	5.097609E-17	2.086516E-17
7.912144E+03	5.090817E-17	2.083064E-17
7.922047E+03	5.083390E-17	2.079364E-17
7.931950E+03	5.075337E-17	2.075417E-17
7.941852E+03	5.066797E-17	2.071283E-17
7.951755E+03	5.057923E-17	2.067023E-17
7.961657E+03	5.048452E-17	2.062529E-17
7.971560E+03	5.038810E-17	2.057977E-17
7.981462E+03	5.028610E-17	2.053208E-17
7.991365E+03	5.018273E-17	2.048394E-17
8.001268E+03	5.007547E-17	2.043433E-17
8.011170E+03	4.996730E-17	2.038446E-17
8.021073E+03	4.985566E-17	2.033329E-17
8.030975E+03	4.974089E-17	2.028096E-17
8.040878E+03	4.962590E-17	2.022866E-17
8.050780E+03	4.950825E-17	2.017538E-17
8.060683E+03	4.938951E-17	2.012178E-17
8.070585E+03	4.926872E-17	2.006746E-17
8.080488E+03	4.914736E-17	2.001303E-17
8.090391E+03	4.902452E-17	1.995811E-17
8.100293E+03	4.890168E-17	1.990331E-17
8.110196E+03	4.877789E-17	1.984824E-17
8.120098E+03	4.865333E-17	1.979298E-17
8.130001E+03	4.852974E-17	1.973823E-17
8.139903E+03	4.840466E-17	1.968300E-17
8.149806E+03	4.828102E-17	1.962846E-17
8.159708E+03	4.815643E-17	1.957367E-17
8.169611E+03	4.803387E-17	1.951982E-17
8.179514E+03	4.791088E-17	1.946591E-17
8.189416E+03	4.779044E-17	1.941316E-17
8.199319E+03	4.767008E-17	1.936056E-17
8.209221E+03	4.755004E-17	1.930822E-17
8.219124E+03	4.743191E-17	1.925677E-17
8.229026E+03	4.731593E-17	1.920630E-17
8.238929E+03	4.720093E-17	1.915637E-17
8.248831E+03	4.708850E-17	1.910760E-17
8.258734E+03	4.697748E-17	1.905951E-17
8.268637E+03	4.686805E-17	1.901220E-17
8.278539E+03	4.676174E-17	1.896628E-17
8.288442E+03	4.665738E-17	1.892127E-17
8.298344E+03	4.655512E-17	1.887723E-17
8.308247E+03	4.645512E-17	1.883423E-17
8.318149E+03	4.635616E-17	1.879178E-17
8.328052E+03	4.626108E-17	1.875102E-17
8.337955E+03	4.616868E-17	1.871148E-17
8.347857E+03	4.607906E-17	1.867318E-17
8.357760E+03	4.599097E-17	1.863564E-17
8.367662E+03	4.590590E-17	1.859943E-17
8.377565E+03	4.582257E-17	1.856407E-17
8.387467E+03	4.574245E-17	1.853013E-17
8.397370E+03	4.566562E-17	1.849765E-17
8.407272E+03	4.559082E-17	1.846612E-17
8.417175E+03	4.551813E-17	1.843557E-17
8.427078E+03	4.544900E-17	1.840660E-17
8.436980E+03	4.538077E-17	1.837812E-17
8.446883E+03	4.531627E-17	1.835128E-17
8.456785E+03	4.525419E-17	1.832556E-17
8.466688E+03	4.519461E-17	1.830099E-17
8.476590E+03	4.513762E-17	1.827760E-17
8.486493E+03	4.508328E-17	1.825542E-17
8.496395E+03	4.503031E-17	1.823392E-17
8.506298E+03	4.498014E-17	1.821370E-17
8.516201E+03	4.493285E-17	1.819479E-17
8.526103E+03	4.488714E-17	1.817666E-17
8.536006E+03	4.484308E-17	1.815934E-17
8.545908E+03	4.480213E-17	1.814342E-17
8.555811E+03	4.476298E-17	1.812838E-17
8.565713E+03	4.472570E-17	1.811424E-17
8.575616E+03	4.469036E-17	1.810103E-17
8.585518E+03	4.465704E-17	1.808879E-17
8.595421E+03	4.462442E-17	1.807699E-17
8.605324E+03	4.459535E-17	1.806677E-17
8.615226E+03	4.456570E-17	1.805648E-17
8.625129E+03	4.453974E-17	1.804784E-17
8.635031E+03	4.451333E-17	1.803917E-17
8.644934E+03	4.448791E-17	1.803107E-17
8.654836E+03	4.446498E-17	1.802413E-17
8.664739E+03	4.444173E-17	1.801723E-17
8.674642E+03	4.441964E-17	1.801096E-17
8.684544E+03	4.439732E-17	1.800476E-17
8.694447E+03	4.437479E-17	1.799865E-17
8.704349E+03	4.435207E-17	1.799263E-17
8.714252E+03	4.432773E-17	1.798612E-17
8.724154E+03	4.430323E-17	1.797972E-17
8.734057E+03	4.427711E-17	1.797284E-17
8.743959E+03	4.424935E-17	1.796546E-17
8.753862E+03	4.421844E-17	1.795699E-17
8.763765E+03	4.418433E-17	1.794739E-17
8.773667E+03	4.414845E-17	1.793725E-17
8.783570E+03	4.411074E-17	1.792655E-17
8.793472E+03	4.407265E-17	1.791588E-17
8.803375E+03	4.403414E-17	1.790521E-17
8.813277E+03	4.399666E-17	1.789515E-17
8.823180E+03	4.396017E-17	1.788568E-17
8.833082E+03	4.392465E-17	1.787678E-17
8.842985E+03	4.388998E-17	1.786841E-17
8.852888E+03	4.385914E-17	1.786179E-17
8.862790E+03	4.382887E-17	1.785557E-17
8.872693E+03	4.380219E-17	1.785099E-17
8.882595E+03	4.377898E-17	1.784800E-17
8.892498E+03	4.375911E-17	1.784654E-17
8.902400E+03	4.374086E-17	1.784591E-17
8.912303E+03	4.372730E-17	1.784737E-17
8.951913E+03	4.370646E-17	1.786848E-17
8.991523E+03	4.374854E-17	1.791790E-17
9.031134E+03	4.385467E-17	1.799608E-17
9.070744E+03	4.402802E-17	1.810434E-17
9.110354E+03	4.427765E-17	1.824646E-17
9.149964E+03	4.459067E-17	1.841720E-17
9.189575E+03	4.497391E-17	1.861947E-17
9.229185E+03	4.541902E-17	1.884990E-17
9.268795E+03	4.592348E-17	1.910754E-17
9.308405E+03	4.647782E-17	1.938854E-17
9.348016E+03	4.707687E-17	1.969082E-17
9.387626E+03	4.771041E-17	2.001015E-17
9.427236E+03	4.836497E-17	2.034091E-17
9.466846E+03	4.903518E-17	2.068083E-17
9.506456E+03	4.970427E-17	2.102278E-17
9.546067E+03	5.035769E-17	2.136051E-17
9.585677E+03	5.098741E-17	2.169046E-17
9.625287E+03	5.157939E-17	2.200647E-17
9.664897E+03	5.211599E-17	2.230075E-17
9.704508E+03	5.258713E-17	2.256869E-17
9.744118E+03	5.297592E-17	2.280267E-17
9.783728E+03	5.327843E-17	2.300061E-17
9.823338E+03	5.348025E-17	2.315585E-17
9.862949E+03	5.357241E-17	2.326402E-17
9.902559E+03	5.355228E-17	2.332348E-17
9.942169E+03	5.341051E-17	2.332965E-17
9.981779E+03	5.314423E-17	2.328072E-17
1.002139E+04	5.276249E-17	2.318016E-17
1.006100E+04	5.225743E-17	2.302398E-17
1.010061E+04	5.163730E-17	2.281534E-17
1.014022E+04	5.091229E-17	2.255828E-17
1.017983E+04	5.008880E-17	2.225521E-17
1.021944E+04	4.917401E-17	2.190896E-17
