#wls	flux	fluxerr
1.584409E+03	1.235241E-16	2.472725E-17
1.624020E+03	1.274002E-16	2.542154E-17
1.663630E+03	1.309493E-16	2.604345E-17
1.703240E+03	1.341668E-16	2.659247E-17
1.742850E+03	1.369803E-16	2.705476E-17
1.782461E+03	1.392919E-16	2.741165E-17
1.822071E+03	1.409762E-16	2.763945E-17
1.861681E+03	1.418593E-16	2.770543E-17
1.901291E+03	1.417694E-16	2.757787E-17
1.940902E+03	1.405614E-16	2.723086E-17
1.980512E+03	1.381766E-16	2.665579E-17
2.020122E+03	1.348212E-16	2.589523E-17
2.059732E+03	1.310188E-16	2.505193E-17
2.099342E+03	1.276658E-16	2.429780E-17
2.138953E+03	1.257624E-16	2.382133E-17
2.178563E+03	1.259045E-16	2.373095E-17
2.218173E+03	1.279673E-16	2.399745E-17
2.257783E+03	1.312856E-16	2.449105E-17
2.297394E+03	1.349684E-16	2.504244E-17
2.337004E+03	1.383086E-16	2.551972E-17
2.376614E+03	1.408694E-16	2.584348E-17
2.416224E+03	1.424551E-16	2.598026E-17
2.455835E+03	1.430387E-16	2.592814E-17
2.495445E+03	1.426578E-16	2.569714E-17
2.535055E+03	1.414149E-16	2.530882E-17
2.574665E+03	1.393966E-16	2.478170E-17
2.614276E+03	1.366973E-16	2.413525E-17
2.653886E+03	1.333977E-16	2.338635E-17
2.693496E+03	1.295798E-16	2.255172E-17
2.733106E+03	1.253132E-16	2.164566E-17
2.772716E+03	1.206623E-16	2.068131E-17
2.812327E+03	1.156984E-16	1.967269E-17
2.851937E+03	1.104879E-16	1.863270E-17
2.891547E+03	1.051039E-16	1.757504E-17
2.931157E+03	9.962045E-17	1.651319E-17
2.970768E+03	9.411084E-17	1.546010E-17
2.980670E+03	9.273714E-17	1.519954E-17
2.990573E+03	9.136753E-17	1.494052E-17
3.000475E+03	9.000259E-17	1.468311E-17
3.010378E+03	8.864508E-17	1.442778E-17
3.020280E+03	8.729372E-17	1.417431E-17
3.030183E+03	8.594927E-17	1.392284E-17
3.040086E+03	8.461711E-17	1.367422E-17
3.049988E+03	8.329763E-17	1.342852E-17
3.059891E+03	8.199813E-17	1.318691E-17
3.069793E+03	8.071604E-17	1.294894E-17
3.079696E+03	7.945087E-17	1.271454E-17
3.089598E+03	7.820533E-17	1.248412E-17
3.099501E+03	7.697605E-17	1.225713E-17
3.109403E+03	7.576451E-17	1.203380E-17
3.119306E+03	7.457081E-17	1.181411E-17
3.129209E+03	7.339657E-17	1.159832E-17
3.139111E+03	7.224070E-17	1.138624E-17
3.149014E+03	7.110504E-17	1.117814E-17
3.158916E+03	6.999010E-17	1.097408E-17
3.168819E+03	6.889530E-17	1.077395E-17
3.178721E+03	6.782263E-17	1.057805E-17
3.188624E+03	6.677406E-17	1.038665E-17
3.198526E+03	6.574805E-17	1.019950E-17
3.208429E+03	6.474775E-17	1.001707E-17
3.218332E+03	6.377179E-17	9.839106E-18
3.228234E+03	6.282426E-17	9.666220E-18
3.238137E+03	6.190278E-17	9.498018E-18
3.248039E+03	6.100925E-17	9.334760E-18
3.257942E+03	6.014538E-17	9.176676E-18
3.267844E+03	5.931086E-17	9.023689E-18
3.277747E+03	5.850729E-17	8.876006E-18
3.287650E+03	5.773344E-17	8.733405E-18
3.297552E+03	5.699078E-17	8.596076E-18
3.307455E+03	5.627982E-17	8.464057E-18
3.317357E+03	5.560099E-17	8.337376E-18
3.327260E+03	5.495469E-17	8.216054E-18
3.337162E+03	5.434050E-17	8.099989E-18
3.347065E+03	5.375877E-17	7.989192E-18
3.356967E+03	5.320981E-17	7.883672E-18
3.366870E+03	5.269388E-17	7.783426E-18
3.376773E+03	5.221051E-17	7.688342E-18
3.386675E+03	5.175996E-17	7.598417E-18
3.396578E+03	5.134243E-17	7.513640E-18
3.406480E+03	5.095744E-17	7.433895E-18
3.416383E+03	5.060517E-17	7.359170E-18
3.426285E+03	5.028580E-17	7.289445E-18
3.436188E+03	4.999822E-17	7.224518E-18
3.446090E+03	4.974324E-17	7.164462E-18
3.455993E+03	4.952038E-17	7.109165E-18
3.465896E+03	4.932920E-17	7.058520E-18
3.475798E+03	4.916985E-17	7.012507E-18
3.485701E+03	4.904131E-17	6.970935E-18
3.495603E+03	4.894377E-17	6.933789E-18
3.505506E+03	4.887680E-17	6.900965E-18
3.515408E+03	4.884000E-17	6.872366E-18
3.525311E+03	4.883299E-17	6.847892E-18
3.535213E+03	4.885538E-17	6.827449E-18
3.545116E+03	4.890624E-17	6.810866E-18
3.555019E+03	4.898574E-17	6.798124E-18
3.564921E+03	4.909297E-17	6.789056E-18
3.574824E+03	4.922809E-17	6.783643E-18
3.584726E+03	4.938964E-17	6.781643E-18
3.594629E+03	4.957828E-17	6.783111E-18
3.604531E+03	4.979205E-17	6.787736E-18
3.614434E+03	5.003106E-17	6.795497E-18
3.624337E+03	5.029436E-17	6.806226E-18
3.634239E+03	5.058202E-17	6.819897E-18
3.644142E+03	5.089252E-17	6.836268E-18
3.654044E+03	5.122587E-17	6.855307E-18
3.663947E+03	5.158102E-17	6.876837E-18
3.673849E+03	5.195791E-17	6.900818E-18
3.683752E+03	5.235541E-17	6.927068E-18
3.693654E+03	5.277387E-17	6.955597E-18
3.703557E+03	5.321158E-17	6.986151E-18
3.713460E+03	5.366879E-17	7.018731E-18
3.723362E+03	5.414473E-17	7.053206E-18
3.733265E+03	5.463902E-17	7.089499E-18
3.743167E+03	5.515078E-17	7.127465E-18
3.753070E+03	5.568008E-17	7.167087E-18
3.762972E+03	5.622543E-17	7.208145E-18
3.772875E+03	5.678679E-17	7.250607E-18
3.782777E+03	5.736358E-17	7.294376E-18
3.792680E+03	5.795519E-17	7.339349E-18
3.802583E+03	5.856094E-17	7.385417E-18
3.812485E+03	5.917962E-17	7.432404E-18
3.822388E+03	5.981152E-17	7.480326E-18
3.832290E+03	6.045587E-17	7.529066E-18
3.842193E+03	6.111132E-17	7.578437E-18
3.852095E+03	6.177755E-17	7.628381E-18
3.861998E+03	6.245368E-17	7.678774E-18
3.871900E+03	6.313932E-17	7.729551E-18
3.881803E+03	6.383301E-17	7.780520E-18
3.891706E+03	6.453487E-17	7.831681E-18
3.901608E+03	6.524334E-17	7.882835E-18
3.911511E+03	6.595854E-17	7.933986E-18
3.921413E+03	6.667887E-17	7.984934E-18
3.931316E+03	6.740330E-17	8.035545E-18
3.941218E+03	6.813188E-17	8.085820E-18
3.951121E+03	6.886299E-17	8.135564E-18
3.961024E+03	6.959609E-17	8.184711E-18
3.970926E+03	7.033012E-17	8.233134E-18
3.980829E+03	7.106456E-17	8.280773E-18
3.990731E+03	7.179834E-17	8.327505E-18
4.000634E+03	7.253038E-17	8.373208E-18
4.010536E+03	7.326017E-17	8.417831E-18
4.020439E+03	7.398729E-17	8.461328E-18
4.030341E+03	7.470943E-17	8.503447E-18
4.040244E+03	7.542738E-17	8.544288E-18
4.050147E+03	7.613887E-17	8.583603E-18
4.060049E+03	7.684410E-17	8.621431E-18
4.069952E+03	7.754140E-17	8.657599E-18
4.079854E+03	7.823037E-17	8.692078E-18
4.089757E+03	7.890996E-17	8.724771E-18
4.099659E+03	7.957911E-17	8.755580E-18
4.109562E+03	8.023674E-17	8.784411E-18
4.119464E+03	8.088174E-17	8.811163E-18
4.129367E+03	8.151363E-17	8.835814E-18
4.139270E+03	8.213122E-17	8.858259E-18
4.149172E+03	8.273260E-17	8.878325E-18
4.159075E+03	8.331645E-17	8.895900E-18
4.168977E+03	8.388134E-17	8.910871E-18
4.178880E+03	8.442648E-17	8.923188E-18
4.188782E+03	8.494958E-17	8.932650E-18
4.198685E+03	8.544890E-17	8.939119E-18
4.208587E+03	8.592187E-17	8.942372E-18
4.218490E+03	8.636718E-17	8.942324E-18
4.228393E+03	8.678196E-17	8.938730E-18
4.238295E+03	8.716388E-17	8.931409E-18
4.248198E+03	8.751046E-17	8.920169E-18
4.258100E+03	8.781763E-17	8.904662E-18
4.268003E+03	8.808406E-17	8.884824E-18
4.277905E+03	8.830545E-17	8.860299E-18
4.287808E+03	8.847894E-17	8.830879E-18
4.297711E+03	8.860094E-17	8.796293E-18
4.307613E+03	8.867025E-17	8.756512E-18
4.317516E+03	8.868232E-17	8.711180E-18
4.327418E+03	8.863682E-17	8.660363E-18
4.337321E+03	8.853267E-17	8.604055E-18
4.347223E+03	8.837056E-17	8.542421E-18
4.357126E+03	8.815304E-17	8.475802E-18
4.367028E+03	8.788298E-17	8.404566E-18
4.376931E+03	8.756574E-17	8.329307E-18
4.386834E+03	8.720437E-17	8.250389E-18
4.396736E+03	8.680529E-17	8.168487E-18
4.406639E+03	8.637291E-17	8.084075E-18
4.416541E+03	8.591241E-17	7.997688E-18
4.426444E+03	8.543037E-17	7.909982E-18
4.436346E+03	8.492950E-17	7.821241E-18
4.446249E+03	8.441675E-17	7.732132E-18
4.456151E+03	8.389437E-17	7.642879E-18
4.466054E+03	8.336803E-17	7.554012E-18
4.475957E+03	8.284088E-17	7.465825E-18
4.485859E+03	8.231656E-17	7.378647E-18
4.495762E+03	8.179842E-17	7.292773E-18
4.505664E+03	8.128808E-17	7.208342E-18
4.515567E+03	8.078984E-17	7.125722E-18
4.525469E+03	8.030485E-17	7.045000E-18
4.535372E+03	7.983546E-17	6.966364E-18
4.545274E+03	7.938386E-17	6.889985E-18
4.555177E+03	7.895202E-17	6.816010E-18
4.565080E+03	7.854099E-17	6.744505E-18
4.574982E+03	7.815172E-17	6.675524E-18
4.584885E+03	7.778565E-17	6.609165E-18
4.594787E+03	7.744413E-17	6.545511E-18
4.604690E+03	7.712838E-17	6.484637E-18
4.614592E+03	7.683806E-17	6.426482E-18
4.624495E+03	7.657488E-17	6.371159E-18
4.634398E+03	7.633902E-17	6.318653E-18
4.644300E+03	7.613061E-17	6.268943E-18
4.654203E+03	7.595041E-17	6.222059E-18
4.664105E+03	7.579843E-17	6.177974E-18
4.674008E+03	7.567468E-17	6.136656E-18
4.683910E+03	7.557908E-17	6.098068E-18
4.693813E+03	7.551148E-17	6.062157E-18
4.703715E+03	7.547172E-17	6.028872E-18
4.713618E+03	7.545959E-17	5.998159E-18
4.723521E+03	7.547486E-17	5.969963E-18
4.733423E+03	7.551651E-17	5.944169E-18
4.743326E+03	7.558495E-17	5.920774E-18
4.753228E+03	7.567831E-17	5.899599E-18
4.763131E+03	7.579760E-17	5.880693E-18
4.773033E+03	7.594081E-17	5.863868E-18
4.782936E+03	7.610812E-17	5.849110E-18
4.792838E+03	7.629887E-17	5.836341E-18
4.802741E+03	7.651090E-17	5.825369E-18
4.812644E+03	7.674498E-17	5.816231E-18
4.822546E+03	7.699958E-17	5.808785E-18
4.832449E+03	7.727468E-17	5.803009E-18
4.842351E+03	7.756719E-17	5.798651E-18
4.852254E+03	7.787856E-17	5.795801E-18
4.862156E+03	7.820641E-17	5.794265E-18
4.872059E+03	7.855069E-17	5.794022E-18
4.881961E+03	7.890975E-17	5.794937E-18
4.891864E+03	7.928356E-17	5.796993E-18
4.901767E+03	7.966970E-17	5.800003E-18
4.911669E+03	8.006812E-17	5.803953E-18
4.921572E+03	8.047883E-17	5.808833E-18
4.931474E+03	8.089943E-17	5.814464E-18
4.941377E+03	8.132913E-17	5.820780E-18
4.951279E+03	8.176797E-17	5.827780E-18
4.961182E+03	8.221524E-17	5.835407E-18
4.971085E+03	8.266853E-17	5.843488E-18
4.980987E+03	8.312796E-17	5.852028E-18
4.990890E+03	8.359277E-17	5.860974E-18
5.000792E+03	8.406225E-17	5.870275E-18
5.010695E+03	8.453482E-17	5.879821E-18
5.020597E+03	8.500970E-17	5.889560E-18
5.030500E+03	8.548697E-17	5.899501E-18
5.040402E+03	8.596409E-17	5.909472E-18
5.050305E+03	8.644105E-17	5.919478E-18
5.060208E+03	8.691607E-17	5.929403E-18
5.070110E+03	8.738817E-17	5.939187E-18
5.080013E+03	8.785628E-17	5.948768E-18
5.089915E+03	8.831929E-17	5.958079E-18
5.099818E+03	8.877512E-17	5.966990E-18
5.109720E+03	8.922330E-17	5.975483E-18
5.119623E+03	8.966069E-17	5.983360E-18
5.129525E+03	9.008663E-17	5.990593E-18
5.139428E+03	9.049862E-17	5.997031E-18
5.149331E+03	9.089490E-17	6.002575E-18
5.159233E+03	9.127361E-17	6.007123E-18
5.169136E+03	9.163279E-17	6.010564E-18
5.179038E+03	9.196854E-17	6.012666E-18
5.188941E+03	9.228050E-17	6.013427E-18
5.198843E+03	9.256366E-17	6.012546E-18
5.208746E+03	9.281750E-17	6.010016E-18
5.218648E+03	9.303776E-17	6.005587E-18
5.228551E+03	9.322296E-17	5.999193E-18
5.238454E+03	9.336971E-17	5.990645E-18
5.248356E+03	9.347465E-17	5.979759E-18
5.258259E+03	9.353636E-17	5.966474E-18
5.268161E+03	9.355067E-17	5.950557E-18
5.278064E+03	9.351640E-17	5.931965E-18
5.287966E+03	9.343064E-17	5.910547E-18
5.297869E+03	9.329070E-17	5.886165E-18
5.307772E+03	9.309511E-17	5.858758E-18
5.317674E+03	9.284268E-17	5.828285E-18
5.327577E+03	9.253260E-17	5.794724E-18
5.337479E+03	9.216257E-17	5.757963E-18
5.347382E+03	9.173352E-17	5.718088E-18
5.357284E+03	9.124496E-17	5.675094E-18
5.367187E+03	9.069873E-17	5.629123E-18
5.377089E+03	9.009444E-17	5.580171E-18
5.386992E+03	8.943672E-17	5.528546E-18
5.396895E+03	8.872890E-17	5.474470E-18
5.406797E+03	8.797920E-17	5.418464E-18
5.416700E+03	8.718928E-17	5.360638E-18
5.426602E+03	8.635714E-17	5.300875E-18
5.436505E+03	8.548343E-17	5.239204E-18
5.446407E+03	8.457228E-17	5.175860E-18
5.456310E+03	8.363182E-17	5.111323E-18
5.466212E+03	8.266644E-17	5.045841E-18
5.476115E+03	8.168585E-17	4.979983E-18
5.486018E+03	8.069568E-17	4.914071E-18
5.495920E+03	7.970398E-17	4.848569E-18
5.505823E+03	7.871858E-17	4.783926E-18
5.515725E+03	7.774696E-17	4.720573E-18
5.525628E+03	7.679463E-17	4.658816E-18
5.535530E+03	7.586822E-17	4.599033E-18
5.545433E+03	7.497382E-17	4.541566E-18
5.555335E+03	7.411619E-17	4.486678E-18
5.565238E+03	7.329949E-17	4.434597E-18
5.575141E+03	7.252876E-17	4.385606E-18
5.585043E+03	7.180614E-17	4.339810E-18
5.594946E+03	7.113463E-17	4.297371E-18
5.604848E+03	7.051583E-17	4.258367E-18
5.614751E+03	6.995147E-17	4.222883E-18
5.624653E+03	6.944196E-17	4.190928E-18
5.634556E+03	6.898717E-17	4.162480E-18
5.644459E+03	6.858721E-17	4.137530E-18
5.654361E+03	6.824175E-17	4.116048E-18
5.664264E+03	6.794869E-17	4.097893E-18
5.674166E+03	6.770706E-17	4.082999E-18
5.684069E+03	6.751501E-17	4.071246E-18
5.693971E+03	6.737053E-17	4.062503E-18
5.703874E+03	6.727298E-17	4.056726E-18
5.713776E+03	6.721887E-17	4.053698E-18
5.723679E+03	6.720758E-17	4.053377E-18
5.733582E+03	6.723646E-17	4.055598E-18
5.743484E+03	6.730439E-17	4.060290E-18
5.753387E+03	6.740968E-17	4.067348E-18
5.763289E+03	6.755074E-17	4.076674E-18
5.773192E+03	6.772693E-17	4.088227E-18
5.783094E+03	6.793624E-17	4.101885E-18
5.792997E+03	6.817828E-17	4.117623E-18
5.802899E+03	6.845208E-17	4.135382E-18
5.812802E+03	6.875602E-17	4.155065E-18
5.822705E+03	6.909085E-17	4.176717E-18
5.832607E+03	6.945437E-17	4.200207E-18
5.842510E+03	6.984752E-17	4.225593E-18
5.852412E+03	7.026899E-17	4.252797E-18
5.862315E+03	7.071829E-17	4.281793E-18
5.872217E+03	7.119573E-17	4.312602E-18
5.882120E+03	7.169923E-17	4.345101E-18
5.892022E+03	7.222911E-17	4.379314E-18
5.901925E+03	7.278566E-17	4.415261E-18
5.911828E+03	7.336671E-17	4.452817E-18
5.921730E+03	7.397248E-17	4.492000E-18
5.931633E+03	7.460234E-17	4.532776E-18
5.941535E+03	7.525474E-17	4.575058E-18
5.951438E+03	7.592891E-17	4.618804E-18
5.961340E+03	7.662399E-17	4.663970E-18
5.971243E+03	7.733815E-17	4.710451E-18
5.981146E+03	7.807037E-17	4.758191E-18
5.991048E+03	7.882041E-17	4.807185E-18
6.000951E+03	7.958424E-17	4.857194E-18
6.010853E+03	8.036226E-17	4.908252E-18
6.020756E+03	8.115006E-17	4.960096E-18
6.030658E+03	8.194775E-17	5.012743E-18
6.040561E+03	8.275041E-17	5.065900E-18
6.050463E+03	8.355683E-17	5.119503E-18
6.060366E+03	8.436257E-17	5.173287E-18
6.070269E+03	8.516601E-17	5.227162E-18
6.080171E+03	8.596231E-17	5.280841E-18
6.090074E+03	8.674751E-17	5.334086E-18
6.099976E+03	8.751971E-17	5.386791E-18
6.109879E+03	8.827397E-17	5.438657E-18
6.119781E+03	8.900880E-17	5.489600E-18
6.129684E+03	8.972212E-17	5.539498E-18
6.139586E+03	9.041244E-17	5.588265E-18
6.149489E+03	9.107887E-17	5.635854E-18
6.159392E+03	9.172346E-17	5.682395E-18
6.169294E+03	9.234648E-17	5.727913E-18
6.179197E+03	9.294971E-17	5.772523E-18
6.189099E+03	9.353520E-17	5.816358E-18
6.199002E+03	9.410753E-17	5.859696E-18
6.208904E+03	9.466651E-17	5.902512E-18
6.218807E+03	9.521429E-17	5.944925E-18
6.228709E+03	9.575430E-17	5.987137E-18
6.238612E+03	9.628860E-17	6.029264E-18
6.248515E+03	9.681803E-17	6.071346E-18
6.258417E+03	9.734309E-17	6.113402E-18
6.268320E+03	9.786694E-17	6.155617E-18
6.278222E+03	9.838845E-17	6.197909E-18
6.288125E+03	9.890919E-17	6.240363E-18
6.298027E+03	9.942924E-17	6.282972E-18
6.307930E+03	9.994825E-17	6.325703E-18
6.317833E+03	1.004662E-16	6.368537E-18
6.327735E+03	1.009822E-16	6.411414E-18
6.337638E+03	1.014960E-16	6.454299E-18
6.347540E+03	1.020052E-16	6.497028E-18
6.357443E+03	1.025105E-16	6.539625E-18
6.367345E+03	1.030108E-16	6.582017E-18
6.377248E+03	1.035067E-16	6.624221E-18
6.387150E+03	1.039986E-16	6.666255E-18
6.397053E+03	1.044840E-16	6.707935E-18
6.406956E+03	1.049648E-16	6.749377E-18
6.416858E+03	1.054401E-16	6.790513E-18
6.426761E+03	1.059106E-16	6.831366E-18
6.436663E+03	1.063737E-16	6.871759E-18
6.446566E+03	1.068319E-16	6.911837E-18
6.456468E+03	1.072827E-16	6.951429E-18
6.466371E+03	1.077271E-16	6.990588E-18
6.476273E+03	1.081630E-16	7.029157E-18
6.486176E+03	1.085914E-16	7.067193E-18
6.496079E+03	1.090138E-16	7.104779E-18
6.505981E+03	1.094263E-16	7.141649E-18
6.515884E+03	1.098303E-16	7.177882E-18
6.525786E+03	1.102274E-16	7.213579E-18
6.535689E+03	1.106140E-16	7.248479E-18
6.545591E+03	1.109935E-16	7.282795E-18
6.555494E+03	1.113621E-16	7.316279E-18
6.565396E+03	1.117236E-16	7.349155E-18
6.575299E+03	1.120739E-16	7.381153E-18
6.585202E+03	1.124149E-16	7.412392E-18
6.595104E+03	1.127465E-16	7.442843E-18
6.605007E+03	1.130667E-16	7.472365E-18
6.614909E+03	1.133771E-16	7.501068E-18
6.624812E+03	1.136756E-16	7.528797E-18
6.634714E+03	1.139620E-16	7.555532E-18
6.644617E+03	1.142381E-16	7.581383E-18
6.654520E+03	1.145017E-16	7.606197E-18
6.664422E+03	1.147506E-16	7.629822E-18
6.674325E+03	1.149884E-16	7.652495E-18
6.684227E+03	1.152112E-16	7.673945E-18
6.694130E+03	1.154207E-16	7.694284E-18
6.704032E+03	1.156167E-16	7.713495E-18
6.713935E+03	1.157971E-16	7.731431E-18
6.723837E+03	1.159617E-16	7.748074E-18
6.733740E+03	1.161104E-16	7.763420E-18
6.743643E+03	1.162452E-16	7.777591E-18
6.753545E+03	1.163639E-16	7.790450E-18
6.763448E+03	1.164643E-16	7.801846E-18
6.773350E+03	1.165485E-16	7.811910E-18
6.783253E+03	1.166164E-16	7.820646E-18
6.793155E+03	1.166681E-16	7.828059E-18
6.803058E+03	1.167014E-16	7.834000E-18
6.812960E+03	1.167164E-16	7.838474E-18
6.822863E+03	1.167154E-16	7.841648E-18
6.832766E+03	1.166962E-16	7.843374E-18
6.842668E+03	1.166590E-16	7.843666E-18
6.852571E+03	1.166040E-16	7.842550E-18
6.862473E+03	1.165314E-16	7.840035E-18
6.872376E+03	1.164415E-16	7.836149E-18
6.882278E+03	1.163344E-16	7.830913E-18
6.892181E+03	1.162084E-16	7.824209E-18
6.902083E+03	1.160638E-16	7.816074E-18
6.911986E+03	1.159031E-16	7.806677E-18
6.921889E+03	1.157269E-16	7.796077E-18
6.931791E+03	1.155312E-16	7.784000E-18
6.941694E+03	1.153211E-16	7.770808E-18
6.951596E+03	1.150948E-16	7.756391E-18
6.961499E+03	1.148532E-16	7.740821E-18
6.971401E+03	1.145946E-16	7.723987E-18
6.981304E+03	1.143222E-16	7.706117E-18
6.991207E+03	1.140367E-16	7.687279E-18
7.001109E+03	1.137391E-16	7.667544E-18
7.011012E+03	1.134279E-16	7.646831E-18
7.020914E+03	1.131043E-16	7.625228E-18
7.030817E+03	1.127716E-16	7.602970E-18
7.040719E+03	1.124286E-16	7.579991E-18
7.050622E+03	1.120740E-16	7.556222E-18
7.060524E+03	1.117139E-16	7.532076E-18
7.070427E+03	1.113469E-16	7.507487E-18
7.080330E+03	1.109747E-16	7.482570E-18
7.090232E+03	1.105961E-16	7.457272E-18
7.100135E+03	1.102149E-16	7.431852E-18
7.110037E+03	1.098327E-16	7.406439E-18
7.119940E+03	1.094486E-16	7.380988E-18
7.129842E+03	1.090642E-16	7.355616E-18
7.139745E+03	1.086834E-16	7.330603E-18
7.149647E+03	1.083056E-16	7.305918E-18
7.159550E+03	1.079320E-16	7.281672E-18
7.169453E+03	1.075642E-16	7.257977E-18
7.179355E+03	1.072038E-16	7.234954E-18
7.189258E+03	1.068495E-16	7.212537E-18
7.199160E+03	1.065071E-16	7.191129E-18
7.209063E+03	1.061753E-16	7.170660E-18
7.218965E+03	1.058504E-16	7.150890E-18
7.228868E+03	1.055397E-16	7.132334E-18
7.238770E+03	1.052367E-16	7.114572E-18
7.248673E+03	1.049462E-16	7.097932E-18
7.258576E+03	1.046657E-16	7.082278E-18
7.268478E+03	1.043952E-16	7.067605E-18
7.278381E+03	1.041315E-16	7.053731E-18
7.288283E+03	1.038741E-16	7.040631E-18
7.298186E+03	1.036221E-16	7.028254E-18
7.308088E+03	1.033740E-16	7.016522E-18
7.317991E+03	1.031242E-16	7.005061E-18
7.327894E+03	1.028730E-16	6.993917E-18
7.337796E+03	1.026144E-16	6.982688E-18
7.347699E+03	1.023442E-16	6.971101E-18
7.357601E+03	1.020578E-16	6.958854E-18
7.367504E+03	1.017553E-16	6.945967E-18
7.377406E+03	1.014344E-16	6.932282E-18
7.387309E+03	1.010970E-16	6.917950E-18
7.397211E+03	1.007453E-16	6.903116E-18
7.407114E+03	1.003750E-16	6.887482E-18
7.417017E+03	9.998656E-17	6.871061E-18
7.426919E+03	9.958353E-17	6.854072E-18
7.436822E+03	9.916116E-17	6.836162E-18
7.446724E+03	9.872499E-17	6.817689E-18
7.456627E+03	9.827700E-17	6.798763E-18
7.466529E+03	9.782005E-17	6.779560E-18
7.476432E+03	9.735759E-17	6.760296E-18
7.486334E+03	9.689334E-17	6.741207E-18
7.496237E+03	9.643324E-17	6.722687E-18
7.506140E+03	9.597869E-17	6.704816E-18
7.516042E+03	9.553522E-17	6.687965E-18
7.525945E+03	9.510362E-17	6.672177E-18
7.535847E+03	9.468872E-17	6.657777E-18
7.545750E+03	9.429277E-17	6.644914E-18
7.555652E+03	9.391541E-17	6.633555E-18
7.565555E+03	9.356034E-17	6.623955E-18
7.575457E+03	9.322870E-17	6.616189E-18
7.585360E+03	9.291912E-17	6.610155E-18
7.595263E+03	9.263433E-17	6.606046E-18
7.605165E+03	9.237243E-17	6.603722E-18
7.615068E+03	9.213785E-17	6.603499E-18
7.624970E+03	9.192604E-17	6.605052E-18
7.634873E+03	9.173890E-17	6.608517E-18
7.644775E+03	9.157374E-17	6.613700E-18
7.654678E+03	9.143218E-17	6.620718E-18
7.664581E+03	9.131351E-17	6.629523E-18
7.674483E+03	9.121696E-17	6.640057E-18
7.684386E+03	9.113948E-17	6.652101E-18
7.694288E+03	9.108236E-17	6.665749E-18
7.704191E+03	9.104469E-17	6.680936E-18
7.714093E+03	9.102329E-17	6.697430E-18
7.723996E+03	9.101944E-17	6.715324E-18
7.733898E+03	9.102995E-17	6.734384E-18
7.743801E+03	9.105613E-17	6.754706E-18
7.753704E+03	9.109258E-17	6.775889E-18
7.763606E+03	9.114513E-17	6.798365E-18
7.773509E+03	9.120618E-17	6.821567E-18
7.783411E+03	9.127711E-17	6.845597E-18
7.793314E+03	9.135483E-17	6.870218E-18
7.803216E+03	9.144078E-17	6.895538E-18
7.813119E+03	9.153191E-17	6.921321E-18
7.823021E+03	9.162512E-17	6.947331E-18
7.832924E+03	9.171965E-17	6.973503E-18
7.842827E+03	9.181474E-17	6.999772E-18
7.852729E+03	9.190735E-17	7.025902E-18
7.862632E+03	9.199443E-17	7.051650E-18
7.872534E+03	9.207296E-17	7.076774E-18
7.882437E+03	9.214223E-17	7.101210E-18
7.892339E+03	9.219688E-17	7.124531E-18
7.902242E+03	9.224336E-17	7.147222E-18
7.912144E+03	9.228111E-17	7.169231E-18
7.922047E+03	9.230961E-17	7.190507E-18
7.931950E+03	9.233316E-17	7.211374E-18
7.941852E+03	9.235134E-17	7.231794E-18
7.951755E+03	9.236858E-17	7.252107E-18
7.961657E+03	9.237972E-17	7.271903E-18
7.971560E+03	9.239169E-17	7.291721E-18
7.981462E+03	9.240180E-17	7.311345E-18
7.991365E+03	9.240976E-17	7.330751E-18
8.001268E+03	9.241779E-17	7.350108E-18
8.011170E+03	9.242569E-17	7.369400E-18
8.021073E+03	9.243080E-17	7.388413E-18
8.030975E+03	9.243544E-17	7.407328E-18
8.040878E+03	9.243949E-17	7.426133E-18
8.050780E+03	9.244537E-17	7.445024E-18
8.060683E+03	9.244804E-17	7.463592E-18
8.070585E+03	9.244999E-17	7.482037E-18
8.080488E+03	9.245123E-17	7.500358E-18
8.090391E+03	9.245185E-17	7.518563E-18
8.100293E+03	9.245195E-17	7.536659E-18
8.110196E+03	9.245168E-17	7.554660E-18
8.120098E+03	9.244868E-17	7.572371E-18
8.130001E+03	9.244572E-17	7.590019E-18
8.139903E+03	9.244309E-17	7.607630E-18
8.149806E+03	9.244107E-17	7.625228E-18
8.159708E+03	9.243744E-17	7.642632E-18
8.169611E+03	9.243257E-17	7.659874E-18
8.179514E+03	9.242944E-17	7.677201E-18
8.189416E+03	9.242591E-17	7.694440E-18
8.199319E+03	9.242241E-17	7.711629E-18
8.209221E+03	9.242200E-17	7.729026E-18
8.219124E+03	9.241996E-17	7.746242E-18
8.229026E+03	9.242199E-17	7.763755E-18
8.238929E+03	9.242592E-17	7.781392E-18
8.248831E+03	9.242959E-17	7.798973E-18
8.258734E+03	9.243870E-17	7.816984E-18
8.268637E+03	9.244838E-17	7.835021E-18
8.278539E+03	9.246165E-17	7.853344E-18
8.288442E+03	9.247889E-17	7.871992E-18
8.298344E+03	9.249775E-17	7.890773E-18
8.308247E+03	9.252120E-17	7.909946E-18
8.318149E+03	9.254683E-17	7.929312E-18
8.328052E+03	9.257488E-17	7.948900E-18
8.337955E+03	9.260829E-17	7.968968E-18
8.347857E+03	9.264459E-17	7.989313E-18
8.357760E+03	9.268397E-17	8.009960E-18
8.367662E+03	9.272938E-17	8.031171E-18
8.377565E+03	9.277558E-17	8.052502E-18
8.387467E+03	9.282551E-17	8.074218E-18
8.397370E+03	9.287941E-17	8.096345E-18
8.407272E+03	9.293754E-17	8.118919E-18
8.417175E+03	9.299741E-17	8.141730E-18
8.427078E+03	9.306209E-17	8.165055E-18
8.436980E+03	9.313193E-17	8.188938E-18
8.446883E+03	9.320453E-17	8.213177E-18
8.456785E+03	9.328030E-17	8.237819E-18
8.466688E+03	9.336248E-17	8.263160E-18
8.476590E+03	9.344878E-17	8.289011E-18
8.486493E+03	9.353976E-17	8.315431E-18
8.496395E+03	9.363597E-17	8.342482E-18
8.506298E+03	9.373808E-17	8.370236E-18
8.516201E+03	9.384384E-17	8.398506E-18
8.526103E+03	9.395973E-17	8.427882E-18
8.536006E+03	9.408069E-17	8.457929E-18
8.545908E+03	9.420746E-17	8.488724E-18
8.555811E+03	9.434368E-17	8.520613E-18
8.565713E+03	9.448721E-17	8.553415E-18
8.575616E+03	9.463877E-17	8.587212E-18
8.585518E+03	9.479908E-17	8.622087E-18
8.595421E+03	9.496886E-17	8.658120E-18
8.605324E+03	9.514874E-17	8.695389E-18
8.615226E+03	9.533632E-17	8.733692E-18
8.625129E+03	9.553212E-17	8.773091E-18
8.635031E+03	9.573956E-17	8.813922E-18
8.644934E+03	9.595592E-17	8.855953E-18
8.654836E+03	9.618140E-17	8.899220E-18
8.664739E+03	9.641292E-17	8.943457E-18
8.674642E+03	9.665338E-17	8.988953E-18
8.684544E+03	9.689927E-17	9.035398E-18
8.694447E+03	9.714995E-17	9.082751E-18
8.704349E+03	9.740133E-17	9.130645E-18
8.714252E+03	9.765530E-17	9.179273E-18
8.724154E+03	9.791035E-17	9.228507E-18
8.734057E+03	9.815809E-17	9.277569E-18
8.743959E+03	9.840271E-17	9.326865E-18
8.753862E+03	9.863500E-17	9.375532E-18
8.763765E+03	9.885524E-17	9.423598E-18
8.773667E+03	9.906014E-17	9.470754E-18
8.783570E+03	9.924619E-17	9.516665E-18
8.793472E+03	9.941324E-17	9.561312E-18
8.803375E+03	9.955785E-17	9.604361E-18
8.813277E+03	9.967695E-17	9.645508E-18
8.823180E+03	9.977155E-17	9.684841E-18
8.833082E+03	9.984370E-17	9.722548E-18
8.842985E+03	9.988957E-17	9.758246E-18
8.852888E+03	9.990991E-17	9.791983E-18
8.862790E+03	9.991361E-17	9.824600E-18
8.872693E+03	9.989952E-17	9.855960E-18
8.882595E+03	9.987045E-17	9.886314E-18
8.892498E+03	9.983665E-17	9.916656E-18
8.902400E+03	9.979371E-17	9.946532E-18
8.912303E+03	9.975174E-17	9.976934E-18
8.951913E+03	9.961674E-17	1.010598E-17
8.991523E+03	9.963432E-17	1.025693E-17
9.031134E+03	9.987853E-17	1.043762E-17
9.070744E+03	1.003604E-16	1.064973E-17
9.110354E+03	1.010737E-16	1.089323E-17
9.149964E+03	1.019681E-16	1.116329E-17
9.189575E+03	1.030172E-16	1.145745E-17
9.229185E+03	1.041733E-16	1.177071E-17
9.268795E+03	1.053993E-16	1.209896E-17
9.308405E+03	1.066393E-16	1.243565E-17
9.348016E+03	1.078509E-16	1.277545E-17
9.387626E+03	1.089981E-16	1.311349E-17
9.427236E+03	1.100422E-16	1.344428E-17
9.466846E+03	1.109676E-16	1.376495E-17
9.506456E+03	1.117578E-16	1.407239E-17
9.546067E+03	1.123978E-16	1.436359E-17
9.585677E+03	1.129003E-16	1.463902E-17
9.625287E+03	1.132681E-16	1.489794E-17
9.664897E+03	1.134985E-16	1.513901E-17
9.704508E+03	1.136078E-16	1.536336E-17
9.744118E+03	1.136050E-16	1.557134E-17
9.783728E+03	1.134975E-16	1.576315E-17
9.823338E+03	1.132896E-16	1.593864E-17
9.862949E+03	1.129838E-16	1.609744E-17
9.902559E+03	1.125813E-16	1.623909E-17
9.942169E+03	1.120825E-16	1.636300E-17
9.981779E+03	1.114965E-16	1.646991E-17
1.002139E+04	1.108222E-16	1.655916E-17
1.006100E+04	1.100480E-16	1.662848E-17
1.010061E+04	1.091833E-16	1.667877E-17
1.014022E+04	1.082385E-16	1.671118E-17
1.017983E+04	1.072026E-16	1.672361E-17
1.021944E+04	1.060865E-16	1.671736E-17
