#wls	flux	fluxerr
1.584409E+03	1.247413E-16	3.443693E-17
1.624020E+03	1.300434E-16	3.590018E-17
1.663630E+03	1.349360E-16	3.725034E-17
1.703240E+03	1.393387E-16	3.846521E-17
1.742850E+03	1.431520E-16	3.951733E-17
1.782461E+03	1.462380E-16	4.036864E-17
1.822071E+03	1.484061E-16	4.096651E-17
1.861681E+03	1.494719E-16	4.126009E-17
1.901291E+03	1.492338E-16	4.119371E-17
1.940902E+03	1.475184E-16	4.071953E-17
1.980512E+03	1.443040E-16	3.983160E-17
2.020122E+03	1.398036E-16	3.858871E-17
2.059732E+03	1.346153E-16	3.715599E-17
2.099342E+03	1.297162E-16	3.580310E-17
2.138953E+03	1.260862E-16	3.480054E-17
2.178563E+03	1.242658E-16	3.429747E-17
2.218173E+03	1.240346E-16	3.423299E-17
2.257783E+03	1.245421E-16	3.437237E-17
2.297394E+03	1.249512E-16	3.448456E-17
2.337004E+03	1.246186E-16	3.439206E-17
2.376614E+03	1.231804E-16	3.399440E-17
2.416224E+03	1.205198E-16	3.325943E-17
2.455835E+03	1.166894E-16	3.220165E-17
2.495445E+03	1.118261E-16	3.085885E-17
2.535055E+03	1.060975E-16	2.927732E-17
2.574665E+03	9.968920E-17	2.750829E-17
2.614276E+03	9.278134E-17	2.560150E-17
2.653886E+03	8.554331E-17	2.360367E-17
2.693496E+03	7.813243E-17	2.155825E-17
2.733106E+03	7.069784E-17	1.950637E-17
2.772716E+03	6.336478E-17	1.748261E-17
2.812327E+03	5.624883E-17	1.551885E-17
2.851937E+03	4.945667E-17	1.364452E-17
2.891547E+03	4.307966E-17	1.188482E-17
2.931157E+03	3.719422E-17	1.026083E-17
2.970768E+03	3.185303E-17	8.787070E-18
2.980670E+03	3.060615E-17	8.443037E-18
2.990573E+03	2.939515E-17	8.108903E-18
3.000475E+03	2.822055E-17	7.784816E-18
3.010378E+03	2.708211E-17	7.470709E-18
3.020280E+03	2.597953E-17	7.166501E-18
3.030183E+03	2.491306E-17	6.872255E-18
3.040086E+03	2.388202E-17	6.587789E-18
3.049988E+03	2.288788E-17	6.313506E-18
3.059891E+03	2.193034E-17	6.049323E-18
3.069793E+03	2.100874E-17	5.795058E-18
3.079696E+03	2.012203E-17	5.550420E-18
3.089598E+03	1.926957E-17	5.315233E-18
3.099501E+03	1.845034E-17	5.089216E-18
3.109403E+03	1.766337E-17	4.872103E-18
3.119306E+03	1.690806E-17	4.663724E-18
3.129209E+03	1.618313E-17	4.463730E-18
3.139111E+03	1.548830E-17	4.272039E-18
3.149014E+03	1.482233E-17	4.088313E-18
3.158916E+03	1.418460E-17	3.912376E-18
3.168819E+03	1.357420E-17	3.743985E-18
3.178721E+03	1.299026E-17	3.582891E-18
3.188624E+03	1.243211E-17	3.428916E-18
3.198526E+03	1.189886E-17	3.281810E-18
3.208429E+03	1.138945E-17	3.141281E-18
3.218332E+03	1.090359E-17	3.007249E-18
3.228234E+03	1.043987E-17	2.879327E-18
3.238137E+03	9.997975E-18	2.757426E-18
3.248039E+03	9.576743E-18	2.641226E-18
3.257942E+03	9.175520E-18	2.530546E-18
3.267844E+03	8.793641E-18	2.425203E-18
3.277747E+03	8.430056E-18	2.324907E-18
3.287650E+03	8.084266E-18	2.229521E-18
3.297552E+03	7.755509E-18	2.138834E-18
3.307455E+03	7.442945E-18	2.052614E-18
3.317357E+03	7.145876E-18	1.970669E-18
3.327260E+03	6.863626E-18	1.892812E-18
3.337162E+03	6.595632E-18	1.818888E-18
3.347065E+03	6.341074E-18	1.748671E-18
3.356967E+03	6.099514E-18	1.682039E-18
3.366870E+03	5.870198E-18	1.618785E-18
3.376773E+03	5.652569E-18	1.558755E-18
3.386675E+03	5.446158E-18	1.501820E-18
3.396578E+03	5.250243E-18	1.447779E-18
3.406480E+03	5.064469E-18	1.396537E-18
3.416383E+03	4.888303E-18	1.347945E-18
3.426285E+03	4.721124E-18	1.301831E-18
3.436188E+03	4.562633E-18	1.258115E-18
3.446090E+03	4.412273E-18	1.216641E-18
3.455993E+03	4.269671E-18	1.177307E-18
3.465896E+03	4.134429E-18	1.140004E-18
3.475798E+03	4.006037E-18	1.104590E-18
3.485701E+03	3.884198E-18	1.070983E-18
3.495603E+03	3.768503E-18	1.039071E-18
3.505506E+03	3.658577E-18	1.008751E-18
3.515408E+03	3.554108E-18	9.799352E-19
3.525311E+03	3.454734E-18	9.525254E-19
3.535213E+03	3.360157E-18	9.264383E-19
3.545116E+03	3.270063E-18	9.015883E-19
3.555019E+03	3.184229E-18	8.779129E-19
3.564921E+03	3.102412E-18	8.553455E-19
3.574824E+03	3.024355E-18	8.338153E-19
3.584726E+03	2.949875E-18	8.132717E-19
3.594629E+03	2.878798E-18	7.936668E-19
3.604531E+03	2.810907E-18	7.749403E-19
3.614434E+03	2.746122E-18	7.570707E-19
3.624337E+03	2.684241E-18	7.400022E-19
3.634239E+03	2.625168E-18	7.237080E-19
3.644142E+03	2.568785E-18	7.081559E-19
3.654044E+03	2.514976E-18	6.933135E-19
3.663947E+03	2.463652E-18	6.791563E-19
3.673849E+03	2.414742E-18	6.656654E-19
3.683752E+03	2.368099E-18	6.527992E-19
3.693654E+03	2.323698E-18	6.405515E-19
3.703557E+03	2.281414E-18	6.288877E-19
3.713460E+03	2.241185E-18	6.177905E-19
3.723362E+03	2.202951E-18	6.072434E-19
3.733265E+03	2.166595E-18	5.972141E-19
3.743167E+03	2.132096E-18	5.876971E-19
3.753070E+03	2.099360E-18	5.786663E-19
3.762972E+03	2.068335E-18	5.701071E-19
3.772875E+03	2.038948E-18	5.619997E-19
3.782777E+03	2.011150E-18	5.543303E-19
3.792680E+03	1.984873E-18	5.470805E-19
3.802583E+03	1.960070E-18	5.402371E-19
3.812485E+03	1.936681E-18	5.337833E-19
3.822388E+03	1.914674E-18	5.277108E-19
3.832290E+03	1.893993E-18	5.220038E-19
3.842193E+03	1.874582E-18	5.166467E-19
3.852095E+03	1.856401E-18	5.116290E-19
3.861998E+03	1.839399E-18	5.069362E-19
3.871900E+03	1.823555E-18	5.025628E-19
3.881803E+03	1.808820E-18	4.984947E-19
3.891706E+03	1.795162E-18	4.947237E-19
3.901608E+03	1.782535E-18	4.912370E-19
3.911511E+03	1.770895E-18	4.880223E-19
3.921413E+03	1.760243E-18	4.850800E-19
3.931316E+03	1.750512E-18	4.823913E-19
3.941218E+03	1.741687E-18	4.799525E-19
3.951121E+03	1.733731E-18	4.777533E-19
3.961024E+03	1.726624E-18	4.757877E-19
3.970926E+03	1.720340E-18	4.740492E-19
3.980829E+03	1.714835E-18	4.725252E-19
3.990731E+03	1.710100E-18	4.712134E-19
4.000634E+03	1.706104E-18	4.701053E-19
4.010536E+03	1.702828E-18	4.691957E-19
4.020439E+03	1.700245E-18	4.684769E-19
4.030341E+03	1.698324E-18	4.679403E-19
4.040244E+03	1.697064E-18	4.675860E-19
4.050147E+03	1.696423E-18	4.674021E-19
4.060049E+03	1.696389E-18	4.673855E-19
4.069952E+03	1.696949E-18	4.675325E-19
4.079854E+03	1.698065E-18	4.678327E-19
4.089757E+03	1.699740E-18	4.682866E-19
4.099659E+03	1.701935E-18	4.688842E-19
4.109562E+03	1.704643E-18	4.696226E-19
4.119464E+03	1.707852E-18	4.704992E-19
4.129367E+03	1.711529E-18	4.715045E-19
4.139270E+03	1.715678E-18	4.726399E-19
4.149172E+03	1.720252E-18	4.738921E-19
4.159075E+03	1.725271E-18	4.752669E-19
4.168977E+03	1.730689E-18	4.767514E-19
4.178880E+03	1.736498E-18	4.783436E-19
4.188782E+03	1.742681E-18	4.800388E-19
4.198685E+03	1.749230E-18	4.818348E-19
4.208587E+03	1.756102E-18	4.837195E-19
4.218490E+03	1.763305E-18	4.856952E-19
4.228393E+03	1.770807E-18	4.877532E-19
4.238295E+03	1.778577E-18	4.898849E-19
4.248198E+03	1.786609E-18	4.920887E-19
4.258100E+03	1.794886E-18	4.943600E-19
4.268003E+03	1.803363E-18	4.966859E-19
4.277905E+03	1.812022E-18	4.990620E-19
4.287808E+03	1.820844E-18	5.014828E-19
4.297711E+03	1.829811E-18	5.039435E-19
4.307613E+03	1.838904E-18	5.064387E-19
4.317516E+03	1.848122E-18	5.089680E-19
4.327418E+03	1.857444E-18	5.115261E-19
4.337321E+03	1.866855E-18	5.141083E-19
4.347223E+03	1.876381E-18	5.167222E-19
4.357126E+03	1.886005E-18	5.193630E-19
4.367028E+03	1.895727E-18	5.220305E-19
4.376931E+03	1.905562E-18	5.247288E-19
4.386834E+03	1.915508E-18	5.274579E-19
4.396736E+03	1.925555E-18	5.302143E-19
4.406639E+03	1.935717E-18	5.330023E-19
4.416541E+03	1.945983E-18	5.358189E-19
4.426444E+03	1.956357E-18	5.386650E-19
4.436346E+03	1.966842E-18	5.415414E-19
4.446249E+03	1.977412E-18	5.444411E-19
4.456151E+03	1.988088E-18	5.473699E-19
4.466054E+03	1.998862E-18	5.503253E-19
4.475957E+03	2.009725E-18	5.533051E-19
4.485859E+03	2.020685E-18	5.563114E-19
4.495762E+03	2.031718E-18	5.593378E-19
4.505664E+03	2.042834E-18	5.623866E-19
4.515567E+03	2.054044E-18	5.654612E-19
4.525469E+03	2.065343E-18	5.685601E-19
4.535372E+03	2.076709E-18	5.716772E-19
4.545274E+03	2.088155E-18	5.748164E-19
4.555177E+03	2.099679E-18	5.779765E-19
4.565080E+03	2.111278E-18	5.811573E-19
4.574982E+03	2.122968E-18	5.843628E-19
4.584885E+03	2.134729E-18	5.875879E-19
4.594787E+03	2.146580E-18	5.908373E-19
4.604690E+03	2.158521E-18	5.941112E-19
4.614592E+03	2.170554E-18	5.974103E-19
4.624495E+03	2.182678E-18	6.007343E-19
4.634398E+03	2.194896E-18	6.040840E-19
4.644300E+03	2.207211E-18	6.074600E-19
4.654203E+03	2.219666E-18	6.108744E-19
4.664105E+03	2.232264E-18	6.143277E-19
4.674008E+03	2.245010E-18	6.178218E-19
4.683910E+03	2.257950E-18	6.213689E-19
4.693813E+03	2.271071E-18	6.249658E-19
4.703715E+03	2.284381E-18	6.286140E-19
4.713618E+03	2.297906E-18	6.323214E-19
4.723521E+03	2.311656E-18	6.360905E-19
4.733423E+03	2.325618E-18	6.399176E-19
4.743326E+03	2.339822E-18	6.438110E-19
4.753228E+03	2.354278E-18	6.477736E-19
4.763131E+03	2.368974E-18	6.518019E-19
4.773033E+03	2.383944E-18	6.559051E-19
4.782936E+03	2.399195E-18	6.600855E-19
4.792838E+03	2.414741E-18	6.643468E-19
4.802741E+03	2.430592E-18	6.686918E-19
4.812644E+03	2.446737E-18	6.731173E-19
4.822546E+03	2.463235E-18	6.776395E-19
4.832449E+03	2.480053E-18	6.822492E-19
4.842351E+03	2.497200E-18	6.869496E-19
4.852254E+03	2.514713E-18	6.917500E-19
4.862156E+03	2.532607E-18	6.966550E-19
4.872059E+03	2.550892E-18	7.016671E-19
4.881961E+03	2.569535E-18	7.067773E-19
4.891864E+03	2.588596E-18	7.120021E-19
4.901767E+03	2.608064E-18	7.173387E-19
4.911669E+03	2.627952E-18	7.227903E-19
4.921572E+03	2.648272E-18	7.283602E-19
4.931474E+03	2.669038E-18	7.340524E-19
4.941377E+03	2.690235E-18	7.398629E-19
4.951279E+03	2.711877E-18	7.457952E-19
4.961182E+03	2.734000E-18	7.518596E-19
4.971085E+03	2.756591E-18	7.580520E-19
4.980987E+03	2.779634E-18	7.643682E-19
4.990890E+03	2.803194E-18	7.708262E-19
5.000792E+03	2.827200E-18	7.774065E-19
5.010695E+03	2.851717E-18	7.841265E-19
5.020597E+03	2.876755E-18	7.909895E-19
5.030500E+03	2.902239E-18	7.979747E-19
5.040402E+03	2.928262E-18	8.051075E-19
5.050305E+03	2.954776E-18	8.123748E-19
5.060208E+03	2.981789E-18	8.197787E-19
5.070110E+03	3.009338E-18	8.273293E-19
5.080013E+03	3.037368E-18	8.350118E-19
5.089915E+03	3.065887E-18	8.428280E-19
5.099818E+03	3.094930E-18	8.507876E-19
5.109720E+03	3.124470E-18	8.588833E-19
5.119623E+03	3.154511E-18	8.671159E-19
5.129525E+03	3.185024E-18	8.754779E-19
5.139428E+03	3.216042E-18	8.839782E-19
5.149331E+03	3.247505E-18	8.925999E-19
5.159233E+03	3.279474E-18	9.013600E-19
5.169136E+03	3.311917E-18	9.102497E-19
5.179038E+03	3.344799E-18	9.192594E-19
5.188941E+03	3.378116E-18	9.283879E-19
5.198843E+03	3.411894E-18	9.376426E-19
5.208746E+03	3.446064E-18	9.470041E-19
5.218648E+03	3.480650E-18	9.564792E-19
5.228551E+03	3.515675E-18	9.660743E-19
5.238454E+03	3.551030E-18	9.757590E-19
5.248356E+03	3.586802E-18	9.855580E-19
5.258259E+03	3.622875E-18	9.954384E-19
5.268161E+03	3.659339E-18	1.005426E-18
5.278064E+03	3.696068E-18	1.015485E-18
5.287966E+03	3.733117E-18	1.025631E-18
5.297869E+03	3.770464E-18	1.035859E-18
5.307772E+03	3.808051E-18	1.046151E-18
5.317674E+03	3.845927E-18	1.056522E-18
5.327577E+03	3.883953E-18	1.066933E-18
5.337479E+03	3.922214E-18	1.077408E-18
5.347382E+03	3.960642E-18	1.087928E-18
5.357284E+03	3.999205E-18	1.098485E-18
5.367187E+03	4.037867E-18	1.109067E-18
5.377089E+03	4.076594E-18	1.119666E-18
5.386992E+03	4.115301E-18	1.130259E-18
5.396895E+03	4.153949E-18	1.140835E-18
5.406797E+03	4.192492E-18	1.151381E-18
5.416700E+03	4.230882E-18	1.161884E-18
5.426602E+03	4.269028E-18	1.172319E-18
5.436505E+03	4.306833E-18	1.182660E-18
5.446407E+03	4.344284E-18	1.192902E-18
5.456310E+03	4.381281E-18	1.203019E-18
5.466212E+03	4.417718E-18	1.212981E-18
5.476115E+03	4.453489E-18	1.222759E-18
5.486018E+03	4.488573E-18	1.232348E-18
5.495920E+03	4.522814E-18	1.241704E-18
5.505823E+03	4.556188E-18	1.250822E-18
5.515725E+03	4.588535E-18	1.259656E-18
5.525628E+03	4.619782E-18	1.268188E-18
5.535530E+03	4.649908E-18	1.276411E-18
5.545433E+03	4.678746E-18	1.284280E-18
5.555335E+03	4.706276E-18	1.291788E-18
5.565238E+03	4.732428E-18	1.298918E-18
5.575141E+03	4.757086E-18	1.305637E-18
5.585043E+03	4.780186E-18	1.311927E-18
5.594946E+03	4.801715E-18	1.317786E-18
5.604848E+03	4.821609E-18	1.323195E-18
5.614751E+03	4.839769E-18	1.328128E-18
5.624653E+03	4.856185E-18	1.332582E-18
5.634556E+03	4.870865E-18	1.336558E-18
5.644459E+03	4.883662E-18	1.340017E-18
5.654361E+03	4.894587E-18	1.342962E-18
5.664264E+03	4.903659E-18	1.345398E-18
5.674166E+03	4.910848E-18	1.347317E-18
5.684069E+03	4.916134E-18	1.348714E-18
5.693971E+03	4.919498E-18	1.349583E-18
5.703874E+03	4.920932E-18	1.349922E-18
5.713776E+03	4.920480E-18	1.349743E-18
5.723679E+03	4.918094E-18	1.349034E-18
5.733582E+03	4.913884E-18	1.347824E-18
5.743484E+03	4.907813E-18	1.346103E-18
5.753387E+03	4.899900E-18	1.343878E-18
5.763289E+03	4.890276E-18	1.341182E-18
5.773192E+03	4.878866E-18	1.337997E-18
5.783094E+03	4.865759E-18	1.334347E-18
5.792997E+03	4.851051E-18	1.330257E-18
5.802899E+03	4.834733E-18	1.325726E-18
5.812802E+03	4.816912E-18	1.320783E-18
5.822705E+03	4.797588E-18	1.315428E-18
5.832607E+03	4.776928E-18	1.309707E-18
5.842510E+03	4.754940E-18	1.303622E-18
5.852412E+03	4.731689E-18	1.297192E-18
5.862315E+03	4.707298E-18	1.290448E-18
5.872217E+03	4.681783E-18	1.283397E-18
5.882120E+03	4.655268E-18	1.276073E-18
5.892022E+03	4.627776E-18	1.268480E-18
5.901925E+03	4.599431E-18	1.260655E-18
5.911828E+03	4.570310E-18	1.252617E-18
5.921730E+03	4.540485E-18	1.244386E-18
5.931633E+03	4.509979E-18	1.235970E-18
5.941535E+03	4.478919E-18	1.227402E-18
5.951438E+03	4.447377E-18	1.218702E-18
5.961340E+03	4.415372E-18	1.209877E-18
5.971243E+03	4.383028E-18	1.200958E-18
5.981146E+03	4.350360E-18	1.191952E-18
5.991048E+03	4.317383E-18	1.182861E-18
6.000951E+03	4.284266E-18	1.173733E-18
6.010853E+03	4.250968E-18	1.164556E-18
6.020756E+03	4.217600E-18	1.155360E-18
6.030658E+03	4.184120E-18	1.146134E-18
6.040561E+03	4.150634E-18	1.136907E-18
6.050463E+03	4.117142E-18	1.127679E-18
6.060366E+03	4.083697E-18	1.118465E-18
6.070269E+03	4.050346E-18	1.109277E-18
6.080171E+03	4.017085E-18	1.100114E-18
6.090074E+03	3.983956E-18	1.090988E-18
6.099976E+03	3.951000E-18	1.081910E-18
6.109879E+03	3.918254E-18	1.072890E-18
6.119781E+03	3.885752E-18	1.063937E-18
6.129684E+03	3.853478E-18	1.055048E-18
6.139586E+03	3.821511E-18	1.046243E-18
6.149489E+03	3.789878E-18	1.037531E-18
6.159392E+03	3.758603E-18	1.028917E-18
6.169294E+03	3.727757E-18	1.020421E-18
6.179197E+03	3.697409E-18	1.012062E-18
6.189099E+03	3.667624E-18	1.003858E-18
6.199002E+03	3.638467E-18	9.958260E-19
6.208904E+03	3.609997E-18	9.879829E-19
6.218807E+03	3.582324E-18	9.803585E-19
6.228709E+03	3.555408E-18	9.729415E-19
6.238612E+03	3.529448E-18	9.657871E-19
6.248515E+03	3.504404E-18	9.588836E-19
6.258417E+03	3.480376E-18	9.522586E-19
6.268320E+03	3.457418E-18	9.459268E-19
6.278222E+03	3.435580E-18	9.399020E-19
6.288125E+03	3.414865E-18	9.341847E-19
6.298027E+03	3.395322E-18	9.287886E-19
6.307930E+03	3.377004E-18	9.237277E-19
6.317833E+03	3.359909E-18	9.190019E-19
6.327735E+03	3.344041E-18	9.146118E-19
6.337638E+03	3.329451E-18	9.105713E-19
6.347540E+03	3.316040E-18	9.068537E-19
6.357443E+03	3.303812E-18	9.034598E-19
6.367345E+03	3.292719E-18	9.003766E-19
6.377248E+03	3.282664E-18	8.975770E-19
6.387150E+03	3.273698E-18	8.950753E-19
6.397053E+03	3.265721E-18	8.928442E-19
6.406956E+03	3.258784E-18	8.908975E-19
6.416858E+03	3.252888E-18	8.892354E-19
6.426761E+03	3.247985E-18	8.878446E-19
6.436663E+03	3.244075E-18	8.867250E-19
6.446566E+03	3.241157E-18	8.858768E-19
6.456468E+03	3.239234E-18	8.853001E-19
6.466371E+03	3.238305E-18	8.849952E-19
6.476273E+03	3.238423E-18	8.849760E-19
6.486176E+03	3.239540E-18	8.852297E-19
6.496079E+03	3.241606E-18	8.857426E-19
6.505981E+03	3.244724E-18	8.865425E-19
6.515884E+03	3.248794E-18	8.876023E-19
6.525786E+03	3.253871E-18	8.889368E-19
6.535689E+03	3.259956E-18	8.905464E-19
6.545591E+03	3.267055E-18	8.924325E-19
6.555494E+03	3.275169E-18	8.945955E-19
6.565396E+03	3.284248E-18	8.970214E-19
6.575299E+03	3.294351E-18	8.997264E-19
6.585202E+03	3.305427E-18	9.026969E-19
6.595104E+03	3.317533E-18	9.059481E-19
6.605007E+03	3.330622E-18	9.094670E-19
6.614909E+03	3.344696E-18	9.132542E-19
6.624812E+03	3.359817E-18	9.173264E-19
6.634714E+03	3.375990E-18	9.216855E-19
6.644617E+03	3.393108E-18	9.263015E-19
6.654520E+03	3.411291E-18	9.312075E-19
6.664422E+03	3.430428E-18	9.363733E-19
6.674325E+03	3.450642E-18	9.418320E-19
6.684227E+03	3.471882E-18	9.475701E-19
6.694130E+03	3.494093E-18	9.535721E-19
6.704032E+03	3.517404E-18	9.598732E-19
6.713935E+03	3.541699E-18	9.664418E-19
6.723837E+03	3.567046E-18	9.732966E-19
6.733740E+03	3.593454E-18	9.804397E-19
6.743643E+03	3.620928E-18	9.878725E-19
6.753545E+03	3.649415E-18	9.955804E-19
6.763448E+03	3.678984E-18	1.003582E-18
6.773350E+03	3.709577E-18	1.011863E-18
6.783253E+03	3.741270E-18	1.020441E-18
6.793155E+03	3.774000E-18	1.029302E-18
6.803058E+03	3.807778E-18	1.038446E-18
6.812960E+03	3.842677E-18	1.047895E-18
6.822863E+03	3.878566E-18	1.057612E-18
6.832766E+03	3.915592E-18	1.067639E-18
6.842668E+03	3.953693E-18	1.077956E-18
6.852571E+03	3.992876E-18	1.088567E-18
6.862473E+03	4.033147E-18	1.099473E-18
6.872376E+03	4.074513E-18	1.110676E-18
6.882278E+03	4.116903E-18	1.122156E-18
6.892181E+03	4.160401E-18	1.133936E-18
6.902083E+03	4.205012E-18	1.146018E-18
6.911986E+03	4.250745E-18	1.158404E-18
6.921889E+03	4.297440E-18	1.171050E-18
6.931791E+03	4.345349E-18	1.184025E-18
6.941694E+03	4.394228E-18	1.197262E-18
6.951596E+03	4.444249E-18	1.210808E-18
6.961499E+03	4.495329E-18	1.224641E-18
6.971401E+03	4.547473E-18	1.238762E-18
6.981304E+03	4.600683E-18	1.253170E-18
6.991207E+03	4.654961E-18	1.267868E-18
7.001109E+03	4.710216E-18	1.282829E-18
7.011012E+03	4.766540E-18	1.298079E-18
7.020914E+03	4.823934E-18	1.313618E-18
7.030817E+03	4.882304E-18	1.329420E-18
7.040719E+03	4.941745E-18	1.345512E-18
7.050622E+03	5.002155E-18	1.361865E-18
7.060524E+03	5.063530E-18	1.378478E-18
7.070427E+03	5.125868E-18	1.395351E-18
7.080330E+03	5.189268E-18	1.412510E-18
7.090232E+03	5.253513E-18	1.429897E-18
7.100135E+03	5.318592E-18	1.447508E-18
7.110037E+03	5.384716E-18	1.465401E-18
7.119940E+03	5.451657E-18	1.483513E-18
7.129842E+03	5.519400E-18	1.501840E-18
7.139745E+03	5.588048E-18	1.520411E-18
7.149647E+03	5.657475E-18	1.539191E-18
7.159550E+03	5.727660E-18	1.558175E-18
7.169453E+03	5.798592E-18	1.577358E-18
7.179355E+03	5.870250E-18	1.596736E-18
7.189258E+03	5.942743E-18	1.616339E-18
7.199160E+03	6.015799E-18	1.636091E-18
7.209063E+03	6.089656E-18	1.656058E-18
7.218965E+03	6.164164E-18	1.676199E-18
7.228868E+03	6.239299E-18	1.696508E-18
7.238770E+03	6.315181E-18	1.717016E-18
7.248673E+03	6.391645E-18	1.737680E-18
7.258576E+03	6.468814E-18	1.758531E-18
7.268478E+03	6.546667E-18	1.779566E-18
7.278381E+03	6.625331E-18	1.800818E-18
7.288283E+03	6.704795E-18	1.822284E-18
7.298186E+03	6.785196E-18	1.844001E-18
7.308088E+03	6.866370E-18	1.865925E-18
7.317991E+03	6.948779E-18	1.888181E-18
7.327894E+03	7.032429E-18	1.910771E-18
7.337796E+03	7.117161E-18	1.933652E-18
7.347699E+03	7.203477E-18	1.956959E-18
7.357601E+03	7.291230E-18	1.980653E-18
7.367504E+03	7.380605E-18	2.004784E-18
7.377406E+03	7.471450E-18	2.029311E-18
7.387309E+03	7.563960E-18	2.054286E-18
7.397211E+03	7.657611E-18	2.079567E-18
7.407114E+03	7.752770E-18	2.105253E-18
7.417017E+03	7.848892E-18	2.131198E-18
7.426919E+03	7.946151E-18	2.157447E-18
7.436822E+03	8.044350E-18	2.183947E-18
7.446724E+03	8.143281E-18	2.210642E-18
7.456627E+03	8.243115E-18	2.237578E-18
7.466529E+03	8.343229E-18	2.264586E-18
7.476432E+03	8.443989E-18	2.291766E-18
7.486334E+03	8.545156E-18	2.319051E-18
7.496237E+03	8.646693E-18	2.346433E-18
7.506140E+03	8.748340E-18	2.373841E-18
7.516042E+03	8.850266E-18	2.401320E-18
7.525945E+03	8.952204E-18	2.428799E-18
7.535847E+03	9.054096E-18	2.456261E-18
7.545750E+03	9.156115E-18	2.483753E-18
7.555652E+03	9.257978E-18	2.511199E-18
7.565555E+03	9.359859E-18	2.538646E-18
7.575457E+03	9.461228E-18	2.565950E-18
7.585360E+03	9.562492E-18	2.593222E-18
7.595263E+03	9.663351E-18	2.620380E-18
7.605165E+03	9.763984E-18	2.647472E-18
7.615068E+03	9.864076E-18	2.674414E-18
7.624970E+03	9.963560E-18	2.701187E-18
7.634873E+03	1.006236E-17	2.727771E-18
7.644775E+03	1.016092E-17	2.754287E-18
7.654678E+03	1.025839E-17	2.780504E-18
7.664581E+03	1.035550E-17	2.806618E-18
7.674483E+03	1.045164E-17	2.832465E-18
7.684386E+03	1.054700E-17	2.858099E-18
7.694288E+03	1.064152E-17	2.883501E-18
7.704191E+03	1.073512E-17	2.908652E-18
7.714093E+03	1.082803E-17	2.933610E-18
7.723996E+03	1.091989E-17	2.958282E-18
7.733898E+03	1.101063E-17	2.982647E-18
7.743801E+03	1.110049E-17	3.006769E-18
7.753704E+03	1.118970E-17	3.030713E-18
7.763606E+03	1.127791E-17	3.054384E-18
7.773509E+03	1.136507E-17	3.077767E-18
7.783411E+03	1.145176E-17	3.101017E-18
7.793314E+03	1.153793E-17	3.124126E-18
7.803216E+03	1.162323E-17	3.146998E-18
7.813119E+03	1.170828E-17	3.169799E-18
7.823021E+03	1.179307E-17	3.192525E-18
7.832924E+03	1.187791E-17	3.215263E-18
7.842827E+03	1.196315E-17	3.238104E-18
7.852729E+03	1.204878E-17	3.261050E-18
7.862632E+03	1.213483E-17	3.284108E-18
7.872534E+03	1.222202E-17	3.307470E-18
7.882437E+03	1.231073E-17	3.331242E-18
7.892339E+03	1.240031E-17	3.355247E-18
7.902242E+03	1.249152E-17	3.379690E-18
7.912144E+03	1.258406E-17	3.404490E-18
7.922047E+03	1.267725E-17	3.429464E-18
7.931950E+03	1.277151E-17	3.454723E-18
7.941852E+03	1.286614E-17	3.480080E-18
7.951755E+03	1.296118E-17	3.505546E-18
7.961657E+03	1.305667E-17	3.531132E-18
7.971560E+03	1.315152E-17	3.556542E-18
7.981462E+03	1.324652E-17	3.581989E-18
7.991365E+03	1.334133E-17	3.607382E-18
8.001268E+03	1.343521E-17	3.632523E-18
8.011170E+03	1.352898E-17	3.657630E-18
8.021073E+03	1.362190E-17	3.682505E-18
8.030975E+03	1.371401E-17	3.707159E-18
8.040878E+03	1.380535E-17	3.731606E-18
8.050780E+03	1.389559E-17	3.755750E-18
8.060683E+03	1.398517E-17	3.779715E-18
8.070585E+03	1.407415E-17	3.803518E-18
8.080488E+03	1.416180E-17	3.826956E-18
8.090391E+03	1.424898E-17	3.850268E-18
8.100293E+03	1.433494E-17	3.873249E-18
8.110196E+03	1.442061E-17	3.896151E-18
8.120098E+03	1.450522E-17	3.918763E-18
8.130001E+03	1.458927E-17	3.941225E-18
8.139903E+03	1.467244E-17	3.963445E-18
8.149806E+03	1.475524E-17	3.985568E-18
8.159708E+03	1.483732E-17	4.007493E-18
8.169611E+03	1.491924E-17	4.029373E-18
8.179514E+03	1.500066E-17	4.051117E-18
8.189416E+03	1.508166E-17	4.072751E-18
8.199319E+03	1.516237E-17	4.094302E-18
8.209221E+03	1.524331E-17	4.115916E-18
8.219124E+03	1.532373E-17	4.137390E-18
8.229026E+03	1.540462E-17	4.158990E-18
8.238929E+03	1.548564E-17	4.180623E-18
8.248831E+03	1.556689E-17	4.202321E-18
8.258734E+03	1.564803E-17	4.223988E-18
8.268637E+03	1.573009E-17	4.245902E-18
8.278539E+03	1.581223E-17	4.267839E-18
8.288442E+03	1.589505E-17	4.289958E-18
8.298344E+03	1.597862E-17	4.312280E-18
8.308247E+03	1.606306E-17	4.334838E-18
8.318149E+03	1.614798E-17	4.357525E-18
8.328052E+03	1.623396E-17	4.380499E-18
8.337955E+03	1.632060E-17	4.403649E-18
8.347857E+03	1.640846E-17	4.427131E-18
8.357760E+03	1.649764E-17	4.450969E-18
8.367662E+03	1.658771E-17	4.475049E-18
8.377565E+03	1.667875E-17	4.499389E-18
8.387467E+03	1.677082E-17	4.524008E-18
8.397370E+03	1.686446E-17	4.549054E-18
8.407272E+03	1.695924E-17	4.574407E-18
8.417175E+03	1.705573E-17	4.600221E-18
8.427078E+03	1.715292E-17	4.626227E-18
8.436980E+03	1.725188E-17	4.652710E-18
8.446883E+03	1.735161E-17	4.679402E-18
8.456785E+03	1.745315E-17	4.706582E-18
8.466688E+03	1.755547E-17	4.733975E-18
8.476590E+03	1.765964E-17	4.761868E-18
8.486493E+03	1.776455E-17	4.789964E-18
8.496395E+03	1.787076E-17	4.818410E-18
8.506298E+03	1.797823E-17	4.847197E-18
8.516201E+03	1.808635E-17	4.876163E-18
8.526103E+03	1.819565E-17	4.905450E-18
8.536006E+03	1.830608E-17	4.935043E-18
8.545908E+03	1.841699E-17	4.964765E-18
8.555811E+03	1.852830E-17	4.994600E-18
8.565713E+03	1.864050E-17	5.024676E-18
8.575616E+03	1.875291E-17	5.054812E-18
8.585518E+03	1.886540E-17	5.084973E-18
8.595421E+03	1.897785E-17	5.115124E-18
8.605324E+03	1.909071E-17	5.145391E-18
8.615226E+03	1.920264E-17	5.175410E-18
8.625129E+03	1.931469E-17	5.205464E-18
8.635031E+03	1.942547E-17	5.235179E-18
8.644934E+03	1.953600E-17	5.264832E-18
8.654836E+03	1.964488E-17	5.294042E-18
8.664739E+03	1.975249E-17	5.322915E-18
8.674642E+03	1.985866E-17	5.351404E-18
8.684544E+03	1.996313E-17	5.379440E-18
8.694447E+03	2.006571E-17	5.406972E-18
8.704349E+03	2.016546E-17	5.433747E-18
8.714252E+03	2.026352E-17	5.460070E-18
8.724154E+03	2.035827E-17	5.485507E-18
8.734057E+03	2.045084E-17	5.510360E-18
8.743959E+03	2.053961E-17	5.534197E-18
8.753862E+03	2.062571E-17	5.557319E-18
8.763765E+03	2.070821E-17	5.579479E-18
8.773667E+03	2.078758E-17	5.600802E-18
8.783570E+03	2.086363E-17	5.621233E-18
8.793472E+03	2.093540E-17	5.640520E-18
8.803375E+03	2.100413E-17	5.658995E-18
8.813277E+03	2.106823E-17	5.676230E-18
8.823180E+03	2.112823E-17	5.692364E-18
8.833082E+03	2.118398E-17	5.707365E-18
8.842985E+03	2.123540E-17	5.721203E-18
8.852888E+03	2.128242E-17	5.733863E-18
8.862790E+03	2.132419E-17	5.745118E-18
8.872693E+03	2.136224E-17	5.755379E-18
8.882595E+03	2.139581E-17	5.764439E-18
8.892498E+03	2.142489E-17	5.772297E-18
8.902400E+03	2.145029E-17	5.779173E-18
8.912303E+03	2.147048E-17	5.784649E-18
8.951913E+03	2.151606E-17	5.797159E-18
8.991523E+03	2.150760E-17	5.795220E-18
9.031134E+03	2.145862E-17	5.782469E-18
9.070744E+03	2.138186E-17	5.762331E-18
9.110354E+03	2.129115E-17	5.738525E-18
9.149964E+03	2.119502E-17	5.713345E-18
9.189575E+03	2.110554E-17	5.690036E-18
9.229185E+03	2.102975E-17	5.670491E-18
9.268795E+03	2.097467E-17	5.656602E-18
9.308405E+03	2.094530E-17	5.649713E-18
9.348016E+03	2.094569E-17	5.650917E-18
9.387626E+03	2.097675E-17	5.660459E-18
9.427236E+03	2.104090E-17	5.678996E-18
9.466846E+03	2.113776E-17	5.706424E-18
9.506456E+03	2.126513E-17	5.742155E-18
9.546067E+03	2.142300E-17	5.786184E-18
9.585677E+03	2.160851E-17	5.837749E-18
9.625287E+03	2.181853E-17	5.896001E-18
9.664897E+03	2.205415E-17	5.961241E-18
9.704508E+03	2.230739E-17	6.031312E-18
9.744118E+03	2.257929E-17	6.106498E-18
9.783728E+03	2.286275E-17	6.184880E-18
9.823338E+03	2.315711E-17	6.266281E-18
9.862949E+03	2.345828E-17	6.349595E-18
9.902559E+03	2.375981E-17	6.433072E-18
9.942169E+03	2.405874E-17	6.515912E-18
9.981779E+03	2.434988E-17	6.596702E-18
1.002139E+04	2.462778E-17	6.673963E-18
1.006100E+04	2.488914E-17	6.746795E-18
1.010061E+04	2.512619E-17	6.813086E-18
1.014022E+04	2.533593E-17	6.872013E-18
1.017983E+04	2.551598E-17	6.922922E-18
1.021944E+04	2.565937E-17	6.963911E-18
