#wls	flux	fluxerr
1.584409E+03	1.449824E-16	4.335714E-17
1.624020E+03	1.505378E-16	4.501790E-17
1.663630E+03	1.555141E-16	4.650545E-17
1.703240E+03	1.598315E-16	4.779588E-17
1.742850E+03	1.633447E-16	4.884572E-17
1.782461E+03	1.659455E-16	4.962270E-17
1.822071E+03	1.673952E-16	5.005537E-17
1.861681E+03	1.675147E-16	5.009024E-17
1.901291E+03	1.660991E-16	4.966603E-17
1.940902E+03	1.629728E-16	4.873027E-17
1.980512E+03	1.581635E-16	4.729131E-17
2.020122E+03	1.519466E-16	4.543146E-17
2.059732E+03	1.450089E-16	4.335613E-17
2.099342E+03	1.384029E-16	4.138004E-17
2.138953E+03	1.331785E-16	3.981705E-17
2.178563E+03	1.298469E-16	3.881998E-17
2.218173E+03	1.281108E-16	3.829992E-17
2.257783E+03	1.271124E-16	3.800035E-17
2.297394E+03	1.259300E-16	3.764576E-17
2.337004E+03	1.239471E-16	3.705184E-17
2.376614E+03	1.208569E-16	3.612689E-17
2.416224E+03	1.166235E-16	3.486026E-17
2.455835E+03	1.113493E-16	3.328255E-17
2.495445E+03	1.052303E-16	3.145242E-17
2.535055E+03	9.847573E-17	2.943240E-17
2.574665E+03	9.130253E-17	2.728738E-17
2.614276E+03	8.390052E-17	2.507410E-17
2.653886E+03	7.644068E-17	2.284369E-17
2.693496E+03	6.907204E-17	2.064069E-17
2.733106E+03	6.191475E-17	1.850101E-17
2.772716E+03	5.506943E-17	1.645472E-17
2.812327E+03	4.861510E-17	1.452542E-17
2.851937E+03	4.261376E-17	1.273164E-17
2.891547E+03	3.711057E-17	1.108684E-17
2.931157E+03	3.213199E-17	9.598929E-18
2.970768E+03	2.768743E-17	8.270688E-18
2.980670E+03	2.665911E-17	7.963390E-18
2.990573E+03	2.566294E-17	7.665703E-18
3.000475E+03	2.469959E-17	7.377828E-18
3.010378E+03	2.376736E-17	7.099256E-18
3.020280E+03	2.286676E-17	6.830140E-18
3.030183E+03	2.199713E-17	6.570283E-18
3.040086E+03	2.115850E-17	6.319692E-18
3.049988E+03	2.035011E-17	6.078137E-18
3.059891E+03	1.957319E-17	5.845992E-18
3.069793E+03	1.882574E-17	5.622653E-18
3.079696E+03	1.810739E-17	5.408015E-18
3.089598E+03	1.741709E-17	5.201757E-18
3.099501E+03	1.675345E-17	5.003470E-18
3.109403E+03	1.611619E-17	4.813066E-18
3.119306E+03	1.550404E-17	4.630169E-18
3.129209E+03	1.491645E-17	4.454608E-18
3.139111E+03	1.435251E-17	4.286119E-18
3.149014E+03	1.381142E-17	4.124459E-18
3.158916E+03	1.329263E-17	3.969461E-18
3.168819E+03	1.279533E-17	3.820888E-18
3.178721E+03	1.231858E-17	3.678454E-18
3.188624E+03	1.186205E-17	3.542064E-18
3.198526E+03	1.142484E-17	3.411446E-18
3.208429E+03	1.100643E-17	3.286445E-18
3.218332E+03	1.060614E-17	3.166861E-18
3.228234E+03	1.022315E-17	3.052445E-18
3.238137E+03	9.857145E-18	2.943105E-18
3.248039E+03	9.507187E-18	2.838560E-18
3.257942E+03	9.172974E-18	2.738719E-18
3.267844E+03	8.853901E-18	2.643402E-18
3.277747E+03	8.549123E-18	2.552357E-18
3.287650E+03	8.258352E-18	2.465496E-18
3.297552E+03	7.981035E-18	2.382655E-18
3.307455E+03	7.716528E-18	2.303641E-18
3.317357E+03	7.464327E-18	2.228303E-18
3.327260E+03	7.223946E-18	2.156497E-18
3.337162E+03	6.994914E-18	2.088082E-18
3.347065E+03	6.776774E-18	2.022920E-18
3.356967E+03	6.569083E-18	1.960879E-18
3.366870E+03	6.371331E-18	1.901808E-18
3.376773E+03	6.183038E-18	1.845563E-18
3.386675E+03	6.003979E-18	1.792075E-18
3.396578E+03	5.833548E-18	1.741166E-18
3.406480E+03	5.671474E-18	1.692752E-18
3.416383E+03	5.517351E-18	1.646713E-18
3.426285E+03	5.370857E-18	1.602953E-18
3.436188E+03	5.231561E-18	1.561343E-18
3.446090E+03	5.099123E-18	1.521781E-18
3.455993E+03	4.973275E-18	1.484188E-18
3.465896E+03	4.853654E-18	1.448454E-18
3.475798E+03	4.740023E-18	1.414509E-18
3.485701E+03	4.631953E-18	1.382226E-18
3.495603E+03	4.529246E-18	1.351543E-18
3.505506E+03	4.431568E-18	1.322363E-18
3.515408E+03	4.338658E-18	1.294606E-18
3.525311E+03	4.250270E-18	1.268200E-18
3.535213E+03	4.166088E-18	1.243050E-18
3.545116E+03	4.085989E-18	1.219119E-18
3.555019E+03	4.009726E-18	1.196334E-18
3.564921E+03	3.937075E-18	1.174627E-18
3.574824E+03	3.867936E-18	1.153968E-18
3.584726E+03	3.802066E-18	1.134286E-18
3.594629E+03	3.739307E-18	1.115533E-18
3.604531E+03	3.679512E-18	1.097665E-18
3.614434E+03	3.622541E-18	1.080640E-18
3.624337E+03	3.568259E-18	1.064417E-18
3.634239E+03	3.516537E-18	1.048959E-18
3.644142E+03	3.467286E-18	1.034239E-18
3.654044E+03	3.420415E-18	1.020229E-18
3.663947E+03	3.375809E-18	1.006895E-18
3.673849E+03	3.333472E-18	9.942388E-19
3.683752E+03	3.293261E-18	9.822168E-19
3.693654E+03	3.255152E-18	9.708222E-19
3.703557E+03	3.219061E-18	9.600300E-19
3.713460E+03	3.184938E-18	9.498251E-19
3.723362E+03	3.152783E-18	9.402073E-19
3.733265E+03	3.122463E-18	9.311371E-19
3.743167E+03	3.093978E-18	9.226146E-19
3.753070E+03	3.067305E-18	9.146325E-19
3.762972E+03	3.042338E-18	9.071595E-19
3.772875E+03	3.019080E-18	9.001959E-19
3.782777E+03	2.997502E-18	8.937339E-19
3.792680E+03	2.977532E-18	8.877512E-19
3.802583E+03	2.959120E-18	8.822332E-19
3.812485E+03	2.942290E-18	8.771871E-19
3.822388E+03	2.926948E-18	8.725846E-19
3.832290E+03	2.913092E-18	8.684250E-19
3.842193E+03	2.900677E-18	8.646952E-19
3.852095E+03	2.889681E-18	8.613885E-19
3.861998E+03	2.880084E-18	8.584985E-19
3.871900E+03	2.871816E-18	8.560047E-19
3.881803E+03	2.864860E-18	8.539021E-19
3.891706E+03	2.859219E-18	8.521910E-19
3.901608E+03	2.854850E-18	8.508592E-19
3.911511E+03	2.851716E-18	8.498950E-19
3.921413E+03	2.849798E-18	8.492933E-19
3.931316E+03	2.849059E-18	8.490427E-19
3.941218E+03	2.849482E-18	8.491381E-19
3.951121E+03	2.851054E-18	8.495756E-19
3.961024E+03	2.853760E-18	8.503508E-19
3.970926E+03	2.857545E-18	8.514470E-19
3.980829E+03	2.862394E-18	8.528601E-19
3.990731E+03	2.868298E-18	8.545868E-19
4.000634E+03	2.875243E-18	8.566237E-19
4.010536E+03	2.883201E-18	8.589617E-19
4.020439E+03	2.892138E-18	8.615910E-19
4.030341E+03	2.902046E-18	8.645091E-19
4.040244E+03	2.912896E-18	8.677071E-19
4.050147E+03	2.924678E-18	8.711825E-19
4.060049E+03	2.937365E-18	8.749269E-19
4.069952E+03	2.950951E-18	8.789382E-19
4.079854E+03	2.965407E-18	8.832081E-19
4.089757E+03	2.980706E-18	8.877287E-19
4.099659E+03	2.996844E-18	8.924983E-19
4.109562E+03	3.013793E-18	8.975088E-19
4.119464E+03	3.031551E-18	9.027592E-19
4.129367E+03	3.050068E-18	9.082353E-19
4.139270E+03	3.069342E-18	9.139359E-19
4.149172E+03	3.089323E-18	9.198461E-19
4.159075E+03	3.110031E-18	9.259721E-19
4.168977E+03	3.131421E-18	9.323002E-19
4.178880E+03	3.153489E-18	9.388291E-19
4.188782E+03	3.176160E-18	9.455368E-19
4.198685E+03	3.199459E-18	9.524305E-19
4.208587E+03	3.223310E-18	9.594878E-19
4.218490E+03	3.247738E-18	9.667154E-19
4.228393E+03	3.272664E-18	9.740905E-19
4.238295E+03	3.298036E-18	9.815975E-19
4.248198E+03	3.323879E-18	9.892433E-19
4.258100E+03	3.350085E-18	9.969964E-19
4.268003E+03	3.376679E-18	1.004864E-18
4.277905E+03	3.403553E-18	1.012813E-18
4.287808E+03	3.430727E-18	1.020850E-18
4.297711E+03	3.458144E-18	1.028959E-18
4.307613E+03	3.485745E-18	1.037122E-18
4.317516E+03	3.513526E-18	1.045336E-18
4.327418E+03	3.541453E-18	1.053593E-18
4.337321E+03	3.569549E-18	1.061900E-18
4.347223E+03	3.597754E-18	1.070237E-18
4.357126E+03	3.626123E-18	1.078621E-18
4.367028E+03	3.654652E-18	1.087052E-18
4.376931E+03	3.683343E-18	1.095530E-18
4.386834E+03	3.712194E-18	1.104055E-18
4.396736E+03	3.741239E-18	1.112635E-18
4.406639E+03	3.770449E-18	1.121264E-18
4.416541E+03	3.799859E-18	1.129950E-18
4.426444E+03	3.829475E-18	1.138697E-18
4.436346E+03	3.859303E-18	1.147505E-18
4.446249E+03	3.889319E-18	1.156367E-18
4.456151E+03	3.919531E-18	1.165286E-18
4.466054E+03	3.949913E-18	1.174255E-18
4.475957E+03	3.980513E-18	1.183286E-18
4.485859E+03	4.011272E-18	1.192364E-18
4.495762E+03	4.042202E-18	1.201491E-18
4.505664E+03	4.073317E-18	1.210671E-18
4.515567E+03	4.104563E-18	1.219889E-18
4.525469E+03	4.135988E-18	1.229158E-18
4.535372E+03	4.167539E-18	1.238463E-18
4.545274E+03	4.199232E-18	1.247809E-18
4.555177E+03	4.231015E-18	1.257180E-18
4.565080E+03	4.262942E-18	1.266591E-18
4.574982E+03	4.294999E-18	1.276040E-18
4.584885E+03	4.327132E-18	1.285510E-18
4.594787E+03	4.359364E-18	1.295007E-18
4.604690E+03	4.391722E-18	1.304540E-18
4.614592E+03	4.424194E-18	1.314105E-18
4.624495E+03	4.456731E-18	1.323688E-18
4.634398E+03	4.489440E-18	1.333320E-18
4.644300E+03	4.522355E-18	1.343012E-18
4.654203E+03	4.555433E-18	1.352749E-18
4.664105E+03	4.588711E-18	1.362545E-18
4.674008E+03	4.622227E-18	1.372409E-18
4.683910E+03	4.655899E-18	1.382317E-18
4.693813E+03	4.689765E-18	1.392281E-18
4.703715E+03	4.723785E-18	1.402290E-18
4.713618E+03	4.758003E-18	1.412354E-18
4.723521E+03	4.792421E-18	1.422476E-18
4.733423E+03	4.826997E-18	1.432643E-18
4.743326E+03	4.861778E-18	1.442869E-18
4.753228E+03	4.896726E-18	1.453141E-18
4.763131E+03	4.931887E-18	1.463476E-18
4.773033E+03	4.967225E-18	1.473860E-18
4.782936E+03	5.002742E-18	1.484295E-18
4.792838E+03	5.038445E-18	1.494784E-18
4.802741E+03	5.074385E-18	1.505340E-18
4.812644E+03	5.110524E-18	1.515953E-18
4.822546E+03	5.146869E-18	1.526625E-18
4.832449E+03	5.183374E-18	1.537342E-18
4.842351E+03	5.220145E-18	1.548136E-18
4.852254E+03	5.257139E-18	1.558993E-18
4.862156E+03	5.294362E-18	1.569916E-18
4.872059E+03	5.331770E-18	1.580891E-18
4.881961E+03	5.369418E-18	1.591935E-18
4.891864E+03	5.407261E-18	1.603033E-18
4.901767E+03	5.445300E-18	1.614188E-18
4.911669E+03	5.483591E-18	1.625415E-18
4.921572E+03	5.522084E-18	1.636699E-18
4.931474E+03	5.560784E-18	1.648041E-18
4.941377E+03	5.599634E-18	1.659426E-18
4.951279E+03	5.638691E-18	1.670868E-18
4.961182E+03	5.677952E-18	1.682369E-18
4.971085E+03	5.717361E-18	1.693911E-18
4.980987E+03	5.756916E-18	1.705493E-18
4.990890E+03	5.796610E-18	1.717113E-18
5.000792E+03	5.836385E-18	1.728755E-18
5.010695E+03	5.876289E-18	1.740431E-18
5.020597E+03	5.916314E-18	1.752141E-18
5.030500E+03	5.956338E-18	1.763847E-18
5.040402E+03	5.996407E-18	1.775564E-18
5.050305E+03	6.036508E-18	1.787287E-18
5.060208E+03	6.076572E-18	1.798996E-18
5.070110E+03	6.116582E-18	1.810686E-18
5.080013E+03	6.156523E-18	1.822352E-18
5.089915E+03	6.196377E-18	1.833990E-18
5.099818E+03	6.236063E-18	1.845574E-18
5.109720E+03	6.275622E-18	1.857118E-18
5.119623E+03	6.314907E-18	1.868578E-18
5.129525E+03	6.353956E-18	1.879964E-18
5.139428E+03	6.392678E-18	1.891251E-18
5.149331E+03	6.431044E-18	1.902429E-18
5.159233E+03	6.469023E-18	1.913489E-18
5.169136E+03	6.506582E-18	1.924421E-18
5.179038E+03	6.543561E-18	1.935179E-18
5.188941E+03	6.580047E-18	1.945788E-18
5.198843E+03	6.615940E-18	1.956218E-18
5.208746E+03	6.651201E-18	1.966458E-18
5.218648E+03	6.685724E-18	1.976477E-18
5.228551E+03	6.719467E-18	1.986262E-18
5.238454E+03	6.752387E-18	1.995800E-18
5.248356E+03	6.784440E-18	2.005079E-18
5.258259E+03	6.815587E-18	2.014087E-18
5.268161E+03	6.845716E-18	2.022792E-18
5.278064E+03	6.874921E-18	2.031219E-18
5.287966E+03	6.903027E-18	2.039320E-18
5.297869E+03	6.929993E-18	2.047080E-18
5.307772E+03	6.955920E-18	2.054531E-18
5.317674E+03	6.980635E-18	2.061620E-18
5.327577E+03	7.004244E-18	2.068380E-18
5.337479E+03	7.026647E-18	2.074781E-18
5.347382E+03	7.047885E-18	2.080836E-18
5.357284E+03	7.067865E-18	2.086516E-18
5.367187E+03	7.086708E-18	2.091858E-18
5.377089E+03	7.104323E-18	2.096835E-18
5.386992E+03	7.120766E-18	2.101463E-18
5.396895E+03	7.135884E-18	2.105698E-18
5.406797E+03	7.149739E-18	2.109558E-18
5.416700E+03	7.162254E-18	2.113020E-18
5.426602E+03	7.173353E-18	2.116062E-18
5.436505E+03	7.183109E-18	2.118706E-18
5.446407E+03	7.191379E-18	2.120909E-18
5.456310E+03	7.198097E-18	2.122653E-18
5.466212E+03	7.203270E-18	2.123939E-18
5.476115E+03	7.206764E-18	2.124727E-18
5.486018E+03	7.208664E-18	2.125045E-18
5.495920E+03	7.208768E-18	2.124831E-18
5.505823E+03	7.207237E-18	2.124134E-18
5.515725E+03	7.204022E-18	2.122939E-18
5.525628E+03	7.199070E-18	2.121230E-18
5.535530E+03	7.192404E-18	2.119016E-18
5.545433E+03	7.184052E-18	2.116304E-18
5.555335E+03	7.173970E-18	2.113081E-18
5.565238E+03	7.162333E-18	2.109399E-18
5.575141E+03	7.149025E-18	2.105225E-18
5.585043E+03	7.134227E-18	2.100611E-18
5.594946E+03	7.117827E-18	2.095525E-18
5.604848E+03	7.100007E-18	2.090020E-18
5.614751E+03	7.080805E-18	2.084108E-18
5.624653E+03	7.060185E-18	2.077779E-18
5.634556E+03	7.038262E-18	2.071067E-18
5.644459E+03	7.015075E-18	2.063982E-18
5.654361E+03	6.990741E-18	2.056560E-18
5.664264E+03	6.965305E-18	2.048814E-18
5.674166E+03	6.938737E-18	2.040736E-18
5.684069E+03	6.911231E-18	2.032382E-18
5.693971E+03	6.882834E-18	2.023766E-18
5.703874E+03	6.853522E-18	2.014882E-18
5.713776E+03	6.823419E-18	2.005767E-18
5.723679E+03	6.792649E-18	1.996456E-18
5.733582E+03	6.761265E-18	1.986965E-18
5.743484E+03	6.729247E-18	1.977289E-18
5.753387E+03	6.696725E-18	1.967465E-18
5.763289E+03	6.663825E-18	1.957532E-18
5.773192E+03	6.630605E-18	1.947506E-18
5.783094E+03	6.597048E-18	1.937382E-18
5.792997E+03	6.563289E-18	1.927199E-18
5.802899E+03	6.529383E-18	1.916975E-18
5.812802E+03	6.495461E-18	1.906747E-18
5.822705E+03	6.461581E-18	1.896532E-18
5.832607E+03	6.427730E-18	1.886328E-18
5.842510E+03	6.394039E-18	1.876171E-18
5.852412E+03	6.360492E-18	1.866058E-18
5.862315E+03	6.327359E-18	1.856068E-18
5.872217E+03	6.294482E-18	1.846154E-18
5.882120E+03	6.261987E-18	1.836354E-18
5.892022E+03	6.229995E-18	1.826702E-18
5.901925E+03	6.198489E-18	1.817193E-18
5.911828E+03	6.167516E-18	1.807843E-18
5.921730E+03	6.137194E-18	1.798684E-18
5.931633E+03	6.107498E-18	1.789710E-18
5.941535E+03	6.078540E-18	1.780953E-18
5.951438E+03	6.050225E-18	1.772385E-18
5.961340E+03	6.022727E-18	1.764058E-18
5.971243E+03	5.995944E-18	1.755941E-18
5.981146E+03	5.970051E-18	1.748085E-18
5.991048E+03	5.944869E-18	1.740439E-18
6.000951E+03	5.920568E-18	1.733051E-18
6.010853E+03	5.897105E-18	1.725909E-18
6.020756E+03	5.874507E-18	1.719021E-18
6.030658E+03	5.852652E-18	1.712351E-18
6.040561E+03	5.831705E-18	1.705947E-18
6.050463E+03	5.811474E-18	1.699753E-18
6.060366E+03	5.792112E-18	1.693814E-18
6.070269E+03	5.773423E-18	1.688071E-18
6.080171E+03	5.755420E-18	1.682530E-18
6.090074E+03	5.738038E-18	1.677170E-18
6.099976E+03	5.721283E-18	1.671993E-18
6.109879E+03	5.704949E-18	1.666940E-18
6.119781E+03	5.689034E-18	1.662009E-18
6.129684E+03	5.673463E-18	1.657179E-18
6.139586E+03	5.658234E-18	1.652449E-18
6.149489E+03	5.643337E-18	1.647815E-18
6.159392E+03	5.628908E-18	1.643319E-18
6.169294E+03	5.615153E-18	1.639019E-18
6.179197E+03	5.602136E-18	1.634934E-18
6.189099E+03	5.589992E-18	1.631104E-18
6.199002E+03	5.578858E-18	1.627568E-18
6.208904E+03	5.568799E-18	1.624345E-18
6.218807E+03	5.559955E-18	1.621476E-18
6.228709E+03	5.552392E-18	1.618981E-18
6.238612E+03	5.546180E-18	1.616878E-18
6.248515E+03	5.541464E-18	1.615211E-18
6.258417E+03	5.538241E-18	1.613977E-18
6.268320E+03	5.536660E-18	1.613221E-18
6.278222E+03	5.536648E-18	1.612921E-18
6.288125E+03	5.538279E-18	1.613098E-18
6.298027E+03	5.541556E-18	1.613752E-18
6.307930E+03	5.546561E-18	1.614908E-18
6.317833E+03	5.553216E-18	1.616542E-18
6.327735E+03	5.561530E-18	1.618656E-18
6.337638E+03	5.571422E-18	1.621228E-18
6.347540E+03	5.582738E-18	1.624210E-18
6.357443E+03	5.595393E-18	1.627580E-18
6.367345E+03	5.609386E-18	1.631336E-18
6.377248E+03	5.624715E-18	1.635477E-18
6.387150E+03	5.641379E-18	1.640004E-18
6.397053E+03	5.659463E-18	1.644939E-18
6.406956E+03	5.679052E-18	1.650308E-18
6.416858E+03	5.700151E-18	1.656112E-18
6.426761E+03	5.722679E-18	1.662328E-18
6.436663E+03	5.746816E-18	1.669006E-18
6.446566E+03	5.772570E-18	1.676149E-18
6.456468E+03	5.799858E-18	1.683734E-18
6.466371E+03	5.828784E-18	1.691789E-18
6.476273E+03	5.859356E-18	1.700316E-18
6.486176E+03	5.891495E-18	1.709293E-18
6.496079E+03	5.925210E-18	1.718722E-18
6.505981E+03	5.960702E-18	1.728661E-18
6.515884E+03	5.997701E-18	1.739030E-18
6.525786E+03	6.036409E-18	1.749889E-18
6.535689E+03	6.076844E-18	1.761242E-18
6.545591E+03	6.118821E-18	1.773036E-18
6.555494E+03	6.162556E-18	1.785332E-18
6.565396E+03	6.207860E-18	1.798075E-18
6.575299E+03	6.254954E-18	1.811330E-18
6.585202E+03	6.303648E-18	1.825040E-18
6.595104E+03	6.354061E-18	1.839241E-18
6.605007E+03	6.406212E-18	1.853936E-18
6.614909E+03	6.460009E-18	1.869099E-18
6.624812E+03	6.515467E-18	1.884734E-18
6.634714E+03	6.572716E-18	1.900879E-18
6.644617E+03	6.631659E-18	1.917504E-18
6.654520E+03	6.692316E-18	1.934616E-18
6.664422E+03	6.754704E-18	1.952218E-18
6.674325E+03	6.818840E-18	1.970316E-18
6.684227E+03	6.884742E-18	1.988913E-18
6.694130E+03	6.952432E-18	2.008017E-18
6.704032E+03	7.021802E-18	2.027596E-18
6.713935E+03	7.092996E-18	2.047690E-18
6.723837E+03	7.166032E-18	2.068305E-18
6.733740E+03	7.240804E-18	2.089409E-18
6.743643E+03	7.317460E-18	2.111045E-18
6.753545E+03	7.395888E-18	2.133180E-18
6.763448E+03	7.476104E-18	2.155818E-18
6.773350E+03	7.558127E-18	2.178965E-18
6.783253E+03	7.641974E-18	2.202625E-18
6.793155E+03	7.727804E-18	2.226843E-18
6.803058E+03	7.815356E-18	2.251543E-18
6.812960E+03	7.904784E-18	2.276770E-18
6.822863E+03	7.996111E-18	2.302530E-18
6.832766E+03	8.089203E-18	2.328783E-18
6.842668E+03	8.184224E-18	2.355577E-18
6.852571E+03	8.281195E-18	2.382917E-18
6.862473E+03	8.379975E-18	2.410763E-18
6.872376E+03	8.480578E-18	2.439116E-18
6.882278E+03	8.583177E-18	2.468028E-18
6.892181E+03	8.687627E-18	2.497456E-18
6.902083E+03	8.793937E-18	2.527401E-18
6.911986E+03	8.902120E-18	2.557868E-18
6.921889E+03	9.012186E-18	2.588859E-18
6.931791E+03	9.123967E-18	2.620324E-18
6.941694E+03	9.237826E-18	2.652368E-18
6.951596E+03	9.353416E-18	2.684891E-18
6.961499E+03	9.470920E-18	2.717945E-18
6.971401E+03	9.590162E-18	2.751478E-18
6.981304E+03	9.711138E-18	2.785490E-18
6.991207E+03	9.834042E-18	2.820035E-18
7.001109E+03	9.958684E-18	2.855058E-18
7.011012E+03	1.008486E-17	2.890500E-18
7.020914E+03	1.021296E-17	2.926474E-18
7.030817E+03	1.034278E-17	2.962922E-18
7.040719E+03	1.047412E-17	2.999780E-18
7.050622E+03	1.060715E-17	3.037104E-18
7.060524E+03	1.074167E-17	3.074831E-18
7.070427E+03	1.087786E-17	3.113016E-18
7.080330E+03	1.101550E-17	3.151592E-18
7.090232E+03	1.115479E-17	3.190618E-18
7.100135E+03	1.129526E-17	3.229957E-18
7.110037E+03	1.143710E-17	3.269665E-18
7.119940E+03	1.158052E-17	3.309804E-18
7.129842E+03	1.172502E-17	3.350228E-18
7.139745E+03	1.187057E-17	3.390925E-18
7.149647E+03	1.201736E-17	3.431954E-18
7.159550E+03	1.216537E-17	3.473307E-18
7.169453E+03	1.231429E-17	3.514897E-18
7.179355E+03	1.246436E-17	3.556787E-18
7.189258E+03	1.261525E-17	3.598889E-18
7.199160E+03	1.276691E-17	3.641186E-18
7.209063E+03	1.291958E-17	3.683745E-18
7.218965E+03	1.307292E-17	3.726470E-18
7.228868E+03	1.322717E-17	3.769427E-18
7.238770E+03	1.338198E-17	3.812520E-18
7.248673E+03	1.353729E-17	3.855731E-18
7.258576E+03	1.369366E-17	3.899216E-18
7.268478E+03	1.385043E-17	3.942788E-18
7.278381E+03	1.400815E-17	3.986607E-18
7.288283E+03	1.416649E-17	4.030574E-18
7.298186E+03	1.432570E-17	4.074765E-18
7.308088E+03	1.448609E-17	4.119262E-18
7.317991E+03	1.464728E-17	4.163963E-18
7.327894E+03	1.480993E-17	4.209049E-18
7.337796E+03	1.497402E-17	4.254522E-18
7.347699E+03	1.513993E-17	4.300479E-18
7.357601E+03	1.530762E-17	4.346917E-18
7.367504E+03	1.547714E-17	4.393849E-18
7.377406E+03	1.564887E-17	4.441376E-18
7.387309E+03	1.582208E-17	4.489297E-18
7.397211E+03	1.599679E-17	4.537617E-18
7.407114E+03	1.617264E-17	4.586228E-18
7.417017E+03	1.634996E-17	4.635230E-18
7.426919E+03	1.652842E-17	4.684524E-18
7.436822E+03	1.670757E-17	4.733986E-18
7.446724E+03	1.688740E-17	4.783609E-18
7.456627E+03	1.706787E-17	4.833386E-18
7.466529E+03	1.724855E-17	4.883194E-18
7.476432E+03	1.742980E-17	4.933131E-18
7.486334E+03	1.761073E-17	4.982952E-18
7.496237E+03	1.779217E-17	5.032884E-18
7.506140E+03	1.797359E-17	5.082784E-18
7.516042E+03	1.815495E-17	5.132639E-18
7.525945E+03	1.833575E-17	5.182304E-18
7.535847E+03	1.851634E-17	5.231882E-18
7.545750E+03	1.869665E-17	5.281352E-18
7.555652E+03	1.887660E-17	5.330692E-18
7.565555E+03	1.905562E-17	5.379743E-18
7.575457E+03	1.923410E-17	5.428611E-18
7.585360E+03	1.941143E-17	5.477128E-18
7.595263E+03	1.958848E-17	5.525538E-18
7.605165E+03	1.976368E-17	5.573398E-18
7.615068E+03	1.993834E-17	5.621080E-18
7.624970E+03	2.011189E-17	5.668423E-18
7.634873E+03	2.028365E-17	5.715235E-18
7.644775E+03	2.045401E-17	5.761624E-18
7.654678E+03	2.062281E-17	5.807551E-18
7.664581E+03	2.078990E-17	5.852971E-18
7.674483E+03	2.095516E-17	5.897850E-18
7.684386E+03	2.111895E-17	5.942290E-18
7.694288E+03	2.128004E-17	5.985947E-18
7.704191E+03	2.143935E-17	6.029083E-18
7.714093E+03	2.159678E-17	6.071665E-18
7.723996E+03	2.175101E-17	6.113326E-18
7.733898E+03	2.190361E-17	6.154505E-18
7.743801E+03	2.205387E-17	6.195009E-18
7.753704E+03	2.220107E-17	6.234630E-18
7.763606E+03	2.234624E-17	6.273664E-18
7.773509E+03	2.248868E-17	6.311910E-18
7.783411E+03	2.262888E-17	6.349510E-18
7.793314E+03	2.276673E-17	6.386430E-18
7.803216E+03	2.290277E-17	6.422825E-18
7.813119E+03	2.303629E-17	6.458498E-18
7.823021E+03	2.316786E-17	6.493608E-18
7.832924E+03	2.329805E-17	6.528316E-18
7.842827E+03	2.342622E-17	6.562440E-18
7.852729E+03	2.355364E-17	6.596339E-18
7.862632E+03	2.368028E-17	6.630007E-18
7.872534E+03	2.380686E-17	6.663643E-18
7.882437E+03	2.393409E-17	6.697447E-18
7.892339E+03	2.406069E-17	6.731060E-18
7.902242E+03	2.418807E-17	6.764881E-18
7.912144E+03	2.431565E-17	6.798742E-18
7.922047E+03	2.444354E-17	6.832676E-18
7.931950E+03	2.457041E-17	6.866313E-18
7.941852E+03	2.469638E-17	6.899687E-18
7.951755E+03	2.482153E-17	6.932821E-18
7.961657E+03	2.494527E-17	6.965549E-18
7.971560E+03	2.506770E-17	6.997898E-18
7.981462E+03	2.518893E-17	7.029905E-18
7.991365E+03	2.530766E-17	7.061205E-18
8.001268E+03	2.542544E-17	7.092230E-18
8.011170E+03	2.554098E-17	7.122620E-18
8.021073E+03	2.565513E-17	7.152617E-18
8.030975E+03	2.576732E-17	7.182058E-18
8.040878E+03	2.587770E-17	7.210992E-18
8.050780E+03	2.598572E-17	7.239260E-18
8.060683E+03	2.609302E-17	7.267322E-18
8.070585E+03	2.619829E-17	7.294814E-18
8.080488E+03	2.630250E-17	7.322005E-18
8.090391E+03	2.640508E-17	7.348742E-18
8.100293E+03	2.650623E-17	7.375076E-18
8.110196E+03	2.660692E-17	7.401282E-18
8.120098E+03	2.670661E-17	7.427208E-18
8.130001E+03	2.680478E-17	7.452708E-18
8.139903E+03	2.690317E-17	7.478268E-18
8.149806E+03	2.700125E-17	7.503744E-18
8.159708E+03	2.709927E-17	7.529201E-18
8.169611E+03	2.719667E-17	7.554487E-18
8.179514E+03	2.729449E-17	7.579894E-18
8.189416E+03	2.739296E-17	7.605481E-18
8.199319E+03	2.749155E-17	7.631102E-18
8.209221E+03	2.759130E-17	7.657047E-18
8.219124E+03	2.769243E-17	7.683381E-18
8.229026E+03	2.779440E-17	7.709948E-18
8.238929E+03	2.789744E-17	7.736814E-18
8.248831E+03	2.800259E-17	7.764273E-18
8.258734E+03	2.810927E-17	7.792158E-18
8.268637E+03	2.821852E-17	7.820761E-18
8.278539E+03	2.832973E-17	7.849911E-18
8.288442E+03	2.844311E-17	7.879665E-18
8.298344E+03	2.855885E-17	7.910083E-18
8.308247E+03	2.867714E-17	7.941209E-18
8.318149E+03	2.879815E-17	7.973096E-18
8.328052E+03	2.892293E-17	8.006031E-18
8.337955E+03	2.904988E-17	8.039574E-18
8.347857E+03	2.918004E-17	8.074013E-18
8.357760E+03	2.931353E-17	8.109378E-18
8.367662E+03	2.945046E-17	8.145705E-18
8.377565E+03	2.959096E-17	8.183025E-18
8.387467E+03	2.973511E-17	8.221363E-18
8.397370E+03	2.988209E-17	8.260494E-18
8.407272E+03	3.003288E-17	8.300685E-18
8.417175E+03	3.018663E-17	8.341703E-18
8.427078E+03	3.034426E-17	8.383804E-18
8.436980E+03	3.050491E-17	8.426750E-18
8.446883E+03	3.066948E-17	8.470788E-18
8.456785E+03	3.083706E-17	8.515670E-18
8.466688E+03	3.100761E-17	8.561385E-18
8.476590E+03	3.118207E-17	8.608188E-18
8.486493E+03	3.135843E-17	8.655532E-18
8.496395E+03	3.153858E-17	8.703935E-18
8.506298E+03	3.172144E-17	8.753101E-18
8.516201E+03	3.190692E-17	8.803006E-18
8.526103E+03	3.209393E-17	8.853349E-18
8.536006E+03	3.228427E-17	8.904625E-18
8.545908E+03	3.247580E-17	8.956250E-18
8.555811E+03	3.266934E-17	9.008448E-18
8.565713E+03	3.286367E-17	9.060882E-18
8.575616E+03	3.306062E-17	9.114059E-18
8.585518E+03	3.325683E-17	9.167055E-18
8.595421E+03	3.345410E-17	9.220366E-18
8.605324E+03	3.365109E-17	9.273621E-18
8.615226E+03	3.384854E-17	9.327030E-18
8.625129E+03	3.404395E-17	9.379903E-18
8.635031E+03	3.423911E-17	9.432736E-18
8.644934E+03	3.443253E-17	9.485118E-18
8.654836E+03	3.462381E-17	9.536939E-18
8.664739E+03	3.481135E-17	9.587762E-18
8.674642E+03	3.499577E-17	9.637761E-18
8.684544E+03	3.517664E-17	9.686813E-18
8.694447E+03	3.535224E-17	9.734453E-18
8.704349E+03	3.552320E-17	9.780849E-18
8.714252E+03	3.568779E-17	9.825531E-18
8.724154E+03	3.584663E-17	9.868669E-18
8.734057E+03	3.599673E-17	9.909442E-18
8.743959E+03	3.613989E-17	9.948347E-18
8.753862E+03	3.627310E-17	9.984557E-18
8.763765E+03	3.639820E-17	1.001858E-17
8.773667E+03	3.651213E-17	1.004958E-17
8.783570E+03	3.661806E-17	1.007842E-17
8.793472E+03	3.671298E-17	1.010428E-17
8.803375E+03	3.679766E-17	1.012737E-17
8.813277E+03	3.687166E-17	1.014757E-17
8.823180E+03	3.693590E-17	1.016514E-17
8.833082E+03	3.699011E-17	1.018001E-17
8.842985E+03	3.703284E-17	1.019176E-17
8.852888E+03	3.706673E-17	1.020114E-17
8.862790E+03	3.708927E-17	1.020745E-17
8.872693E+03	3.710328E-17	1.021147E-17
8.882595E+03	3.710762E-17	1.021288E-17
8.892498E+03	3.710394E-17	1.021213E-17
8.902400E+03	3.709115E-17	1.020894E-17
8.912303E+03	3.707230E-17	1.020412E-17
8.951913E+03	3.692270E-17	1.016493E-17
8.991523E+03	3.669075E-17	1.010383E-17
9.031134E+03	3.640570E-17	1.002880E-17
9.070744E+03	3.609776E-17	9.948090E-18
9.110354E+03	3.579598E-17	9.869663E-18
9.149964E+03	3.551644E-17	9.797895E-18
9.189575E+03	3.527886E-17	9.738195E-18
9.229185E+03	3.509422E-17	9.693571E-18
9.268795E+03	3.497365E-17	9.667086E-18
9.308405E+03	3.491849E-17	9.659113E-18
9.348016E+03	3.493277E-17	9.670771E-18
9.387626E+03	3.501122E-17	9.700619E-18
9.427236E+03	3.515288E-17	9.748406E-18
9.466846E+03	3.535028E-17	9.812082E-18
9.506456E+03	3.559755E-17	9.890036E-18
9.546067E+03	3.588866E-17	9.980607E-18
9.585677E+03	3.621764E-17	1.008215E-17
9.625287E+03	3.657621E-17	1.019237E-17
9.664897E+03	3.695854E-17	1.030965E-17
9.704508E+03	3.735374E-17	1.043095E-17
9.744118E+03	3.775622E-17	1.055470E-17
9.783728E+03	3.816074E-17	1.067942E-17
9.823338E+03	3.855316E-17	1.080115E-17
9.862949E+03	3.893098E-17	1.091914E-17
9.902559E+03	3.928594E-17	1.103104E-17
9.942169E+03	3.960656E-17	1.113360E-17
9.981779E+03	3.988852E-17	1.122554E-17
1.002139E+04	4.012500E-17	1.130490E-17
1.006100E+04	4.031388E-17	1.137101E-17
1.010061E+04	4.044634E-17	1.142132E-17
1.014022E+04	4.051773E-17	1.145444E-17
1.017983E+04	4.053211E-17	1.147146E-17
1.021944E+04	4.048629E-17	1.147139E-17
