#wls	flux	fluxerr
1.584409E+03	1.329233E-16	3.236999E-17
1.624020E+03	1.379784E-16	3.360043E-17
1.663630E+03	1.425042E-16	3.470188E-17
1.703240E+03	1.464289E-16	3.565690E-17
1.742850E+03	1.496213E-16	3.643349E-17
1.782461E+03	1.519838E-16	3.700789E-17
1.822071E+03	1.532995E-16	3.732734E-17
1.861681E+03	1.534060E-16	3.735228E-17
1.901291E+03	1.521172E-16	3.703743E-17
1.940902E+03	1.492730E-16	3.634383E-17
1.980512E+03	1.448992E-16	3.527782E-17
2.020122E+03	1.392474E-16	3.390066E-17
2.059732E+03	1.329462E-16	3.236545E-17
2.099342E+03	1.269599E-16	3.090694E-17
2.138953E+03	1.222522E-16	2.975971E-17
2.178563E+03	1.192953E-16	2.903869E-17
2.218173E+03	1.178208E-16	2.867852E-17
2.257783E+03	1.170448E-16	2.848832E-17
2.297394E+03	1.161218E-16	2.826226E-17
2.337004E+03	1.144830E-16	2.786198E-17
2.376614E+03	1.118422E-16	2.721782E-17
2.416224E+03	1.081607E-16	2.632037E-17
2.455835E+03	1.035254E-16	2.519092E-17
2.495445E+03	9.811025E-17	2.387174E-17
2.535055E+03	9.210060E-17	2.240804E-17
2.574665E+03	8.568992E-17	2.084689E-17
2.614276E+03	7.904729E-17	1.922948E-17
2.653886E+03	7.232529E-17	1.759292E-17
2.693496E+03	6.565742E-17	1.596973E-17
2.733106E+03	5.915161E-17	1.438616E-17
2.772716E+03	5.289916E-17	1.286441E-17
2.812327E+03	4.697277E-17	1.142216E-17
2.851937E+03	4.143088E-17	1.007362E-17
2.891547E+03	3.631770E-17	8.829531E-18
2.931157E+03	3.166124E-17	7.696676E-18
2.970768E+03	2.747461E-17	6.678221E-18
2.980670E+03	2.650134E-17	6.441476E-18
2.990573E+03	2.555666E-17	6.211688E-18
3.000475E+03	2.464131E-17	5.989041E-18
3.010378E+03	2.375372E-17	5.773151E-18
3.020280E+03	2.289449E-17	5.564166E-18
3.030183E+03	2.206310E-17	5.361955E-18
3.040086E+03	2.125968E-17	5.166553E-18
3.049988E+03	2.048359E-17	4.977800E-18
3.059891E+03	1.973621E-17	4.796036E-18
3.069793E+03	1.901564E-17	4.620795E-18
3.079696E+03	1.832169E-17	4.452030E-18
3.089598E+03	1.765337E-17	4.289504E-18
3.099501E+03	1.700945E-17	4.132914E-18
3.109403E+03	1.638977E-17	3.982223E-18
3.119306E+03	1.579319E-17	3.837153E-18
3.129209E+03	1.521926E-17	3.697592E-18
3.139111E+03	1.466723E-17	3.563360E-18
3.149014E+03	1.413639E-17	3.434284E-18
3.158916E+03	1.362632E-17	3.310259E-18
3.168819E+03	1.313635E-17	3.191124E-18
3.178721E+03	1.266561E-17	3.076670E-18
3.188624E+03	1.221395E-17	2.966856E-18
3.198526E+03	1.178054E-17	2.861480E-18
3.208429E+03	1.136500E-17	2.760451E-18
3.218332E+03	1.096675E-17	2.663629E-18
3.228234E+03	1.058508E-17	2.570837E-18
3.238137E+03	1.021975E-17	2.482021E-18
3.248039E+03	9.869934E-18	2.396978E-18
3.257942E+03	9.535404E-18	2.315652E-18
3.267844E+03	9.215630E-18	2.237914E-18
3.277747E+03	8.909827E-18	2.163574E-18
3.287650E+03	8.617774E-18	2.092578E-18
3.297552E+03	8.338972E-18	2.024803E-18
3.307455E+03	8.072816E-18	1.960103E-18
3.317357E+03	7.818845E-18	1.898366E-18
3.327260E+03	7.576607E-18	1.839482E-18
3.337162E+03	7.345663E-18	1.783343E-18
3.347065E+03	7.125581E-18	1.729845E-18
3.356967E+03	6.915943E-18	1.678886E-18
3.366870E+03	6.716254E-18	1.630345E-18
3.376773E+03	6.526046E-18	1.584109E-18
3.386675E+03	6.345116E-18	1.540128E-18
3.396578E+03	6.172860E-18	1.498256E-18
3.406480E+03	6.009018E-18	1.458428E-18
3.416383E+03	5.853191E-18	1.420549E-18
3.426285E+03	5.705064E-18	1.384540E-18
3.436188E+03	5.564203E-18	1.350298E-18
3.446090E+03	5.430271E-18	1.317739E-18
3.455993E+03	5.303005E-18	1.286800E-18
3.465896E+03	5.182039E-18	1.257392E-18
3.475798E+03	5.067139E-18	1.229458E-18
3.485701E+03	4.957868E-18	1.202891E-18
3.495603E+03	4.854031E-18	1.177645E-18
3.505506E+03	4.755289E-18	1.153637E-18
3.515408E+03	4.661379E-18	1.130802E-18
3.525311E+03	4.572051E-18	1.109081E-18
3.535213E+03	4.486983E-18	1.088394E-18
3.545116E+03	4.406055E-18	1.068713E-18
3.555019E+03	4.329019E-18	1.049978E-18
3.564921E+03	4.255643E-18	1.032131E-18
3.574824E+03	4.185834E-18	1.015151E-18
3.584726E+03	4.119343E-18	9.989770E-19
3.594629E+03	4.056013E-18	9.835703E-19
3.604531E+03	3.995695E-18	9.688953E-19
3.614434E+03	3.938252E-18	9.549181E-19
3.624337E+03	3.883547E-18	9.416060E-19
3.634239E+03	3.831456E-18	9.289284E-19
3.644142E+03	3.781890E-18	9.168639E-19
3.654044E+03	3.734766E-18	9.053921E-19
3.663947E+03	3.689966E-18	8.944845E-19
3.673849E+03	3.647509E-18	8.841456E-19
3.683752E+03	3.607248E-18	8.743396E-19
3.693654E+03	3.569166E-18	8.650626E-19
3.703557E+03	3.533188E-18	8.562959E-19
3.713460E+03	3.499263E-18	8.480273E-19
3.723362E+03	3.467404E-18	8.402596E-19
3.733265E+03	3.437471E-18	8.329595E-19
3.743167E+03	3.409476E-18	8.261291E-19
3.753070E+03	3.383396E-18	8.197632E-19
3.762972E+03	3.359128E-18	8.138364E-19
3.772875E+03	3.336677E-18	8.083503E-19
3.782777E+03	3.316022E-18	8.032994E-19
3.792680E+03	3.297088E-18	7.986653E-19
3.802583E+03	3.279826E-18	7.944367E-19
3.812485E+03	3.264267E-18	7.906205E-19
3.822388E+03	3.250311E-18	7.871927E-19
3.832290E+03	3.237965E-18	7.841547E-19
3.842193E+03	3.227182E-18	7.814950E-19
3.852095E+03	3.217940E-18	7.792085E-19
3.861998E+03	3.210221E-18	7.772907E-19
3.871900E+03	3.203954E-18	7.757243E-19
3.881803E+03	3.199122E-18	7.745049E-19
3.891706E+03	3.195732E-18	7.736344E-19
3.901608E+03	3.193741E-18	7.731021E-19
3.911511E+03	3.193108E-18	7.728983E-19
3.921413E+03	3.193816E-18	7.730185E-19
3.931316E+03	3.195825E-18	7.734533E-19
3.941218E+03	3.199122E-18	7.741992E-19
3.951121E+03	3.203692E-18	7.752526E-19
3.961024E+03	3.209522E-18	7.766103E-19
3.970926E+03	3.216551E-18	7.782574E-19
3.980829E+03	3.224766E-18	7.801909E-19
3.990731E+03	3.234158E-18	7.824082E-19
4.000634E+03	3.244718E-18	7.849073E-19
4.010536E+03	3.256410E-18	7.876794E-19
4.020439E+03	3.269203E-18	7.907169E-19
4.030341E+03	3.283087E-18	7.940176E-19
4.040244E+03	3.298033E-18	7.975738E-19
4.050147E+03	3.314033E-18	8.013840E-19
4.060049E+03	3.331058E-18	8.054408E-19
4.069952E+03	3.349101E-18	8.097428E-19
4.079854E+03	3.368133E-18	8.142828E-19
4.089757E+03	3.388126E-18	8.190538E-19
4.099659E+03	3.409074E-18	8.240545E-19
4.109562E+03	3.430951E-18	8.292783E-19
4.119464E+03	3.453754E-18	8.347245E-19
4.129367E+03	3.477428E-18	8.403798E-19
4.139270E+03	3.501971E-18	8.462438E-19
4.149172E+03	3.527329E-18	8.523032E-19
4.159075E+03	3.553529E-18	8.585644E-19
4.168977E+03	3.580516E-18	8.650139E-19
4.178880E+03	3.608290E-18	8.716521E-19
4.188782E+03	3.636767E-18	8.784584E-19
4.198685E+03	3.665974E-18	8.854394E-19
4.208587E+03	3.695829E-18	8.925749E-19
4.218490E+03	3.726358E-18	8.998715E-19
4.228393E+03	3.757476E-18	9.073082E-19
4.238295E+03	3.789122E-18	9.148707E-19
4.248198E+03	3.821328E-18	9.225663E-19
4.258100E+03	3.853970E-18	9.303653E-19
4.268003E+03	3.887079E-18	9.382749E-19
4.277905E+03	3.920533E-18	9.462656E-19
4.287808E+03	3.954357E-18	9.543436E-19
4.297711E+03	3.988491E-18	9.624939E-19
4.307613E+03	4.022865E-18	9.707003E-19
4.317516E+03	4.057479E-18	9.789622E-19
4.327418E+03	4.092297E-18	9.872711E-19
4.337321E+03	4.127350E-18	9.956342E-19
4.347223E+03	4.162569E-18	1.004035E-18
4.357126E+03	4.198021E-18	1.012490E-18
4.367028E+03	4.233706E-18	1.020999E-18
4.376931E+03	4.269629E-18	1.029562E-18
4.386834E+03	4.305790E-18	1.038180E-18
4.396736E+03	4.342230E-18	1.046864E-18
4.406639E+03	4.378918E-18	1.055604E-18
4.416541E+03	4.415898E-18	1.064412E-18
4.426444E+03	4.453177E-18	1.073290E-18
4.436346E+03	4.490765E-18	1.082239E-18
4.446249E+03	4.528634E-18	1.091254E-18
4.456151E+03	4.566793E-18	1.100335E-18
4.466054E+03	4.605215E-18	1.109477E-18
4.475957E+03	4.643950E-18	1.118692E-18
4.485859E+03	4.682929E-18	1.127963E-18
4.495762E+03	4.722166E-18	1.137293E-18
4.505664E+03	4.761673E-18	1.146684E-18
4.515567E+03	4.801381E-18	1.156121E-18
4.525469E+03	4.841344E-18	1.165617E-18
4.535372E+03	4.881494E-18	1.175155E-18
4.545274E+03	4.921848E-18	1.184738E-18
4.555177E+03	4.962336E-18	1.194351E-18
4.565080E+03	5.003019E-18	1.204007E-18
4.574982E+03	5.043873E-18	1.213701E-18
4.584885E+03	5.084831E-18	1.223416E-18
4.594787E+03	5.125916E-18	1.233160E-18
4.604690E+03	5.167152E-18	1.242935E-18
4.614592E+03	5.208521E-18	1.252740E-18
4.624495E+03	5.249960E-18	1.262558E-18
4.634398E+03	5.291590E-18	1.272418E-18
4.644300E+03	5.333449E-18	1.282330E-18
4.654203E+03	5.375479E-18	1.292280E-18
4.664105E+03	5.417719E-18	1.302276E-18
4.674008E+03	5.460213E-18	1.312329E-18
4.683910E+03	5.502857E-18	1.322415E-18
4.693813E+03	5.545694E-18	1.332543E-18
4.703715E+03	5.588673E-18	1.342702E-18
4.713618E+03	5.631842E-18	1.352903E-18
4.723521E+03	5.675200E-18	1.363145E-18
4.733423E+03	5.718695E-18	1.373415E-18
4.743326E+03	5.762382E-18	1.383728E-18
4.753228E+03	5.806208E-18	1.394070E-18
4.763131E+03	5.850230E-18	1.404456E-18
4.773033E+03	5.894398E-18	1.414872E-18
4.782936E+03	5.938716E-18	1.425319E-18
4.792838E+03	5.983187E-18	1.435799E-18
4.802741E+03	6.027871E-18	1.446326E-18
4.812644E+03	6.072717E-18	1.456888E-18
4.822546E+03	6.117729E-18	1.467485E-18
4.832449E+03	6.162853E-18	1.478104E-18
4.842351E+03	6.208207E-18	1.488774E-18
4.852254E+03	6.253733E-18	1.499480E-18
4.862156E+03	6.299435E-18	1.510224E-18
4.872059E+03	6.345254E-18	1.520991E-18
4.881961E+03	6.391246E-18	1.531795E-18
4.891864E+03	6.437350E-18	1.542621E-18
4.901767E+03	6.483560E-18	1.553468E-18
4.911669E+03	6.529933E-18	1.564349E-18
4.921572E+03	6.576401E-18	1.575247E-18
4.931474E+03	6.622958E-18	1.586162E-18
4.941377E+03	6.669529E-18	1.597075E-18
4.951279E+03	6.716168E-18	1.607999E-18
4.961182E+03	6.762862E-18	1.618931E-18
4.971085E+03	6.809534E-18	1.629852E-18
4.980987E+03	6.856169E-18	1.640760E-18
4.990890E+03	6.902749E-18	1.651649E-18
5.000792E+03	6.949192E-18	1.662500E-18
5.010695E+03	6.995546E-18	1.673324E-18
5.020597E+03	7.041791E-18	1.684116E-18
5.030500E+03	7.087772E-18	1.694840E-18
5.040402E+03	7.133537E-18	1.705507E-18
5.050305E+03	7.179066E-18	1.716112E-18
5.060208E+03	7.224266E-18	1.726632E-18
5.070110E+03	7.269117E-18	1.737064E-18
5.080013E+03	7.313597E-18	1.747401E-18
5.089915E+03	7.357682E-18	1.757638E-18
5.099818E+03	7.401278E-18	1.767753E-18
5.109720E+03	7.444430E-18	1.777756E-18
5.119623E+03	7.486965E-18	1.787606E-18
5.129525E+03	7.528926E-18	1.797313E-18
5.139428E+03	7.570206E-18	1.806853E-18
5.149331E+03	7.610768E-18	1.816214E-18
5.159233E+03	7.650569E-18	1.825389E-18
5.169136E+03	7.689567E-18	1.834367E-18
5.179038E+03	7.727560E-18	1.843099E-18
5.188941E+03	7.764649E-18	1.851610E-18
5.198843E+03	7.800698E-18	1.859868E-18
5.208746E+03	7.835650E-18	1.867858E-18
5.218648E+03	7.869364E-18	1.875548E-18
5.228551E+03	7.901774E-18	1.882922E-18
5.238454E+03	7.932814E-18	1.889964E-18
5.248356E+03	7.962420E-18	1.896659E-18
5.258259E+03	7.990524E-18	1.902991E-18
5.268161E+03	8.016987E-18	1.908928E-18
5.278064E+03	8.041907E-18	1.914492E-18
5.287966E+03	8.065070E-18	1.919633E-18
5.297869E+03	8.086424E-18	1.924339E-18
5.307772E+03	8.106083E-18	1.928637E-18
5.317674E+03	8.123847E-18	1.932480E-18
5.327577E+03	8.139841E-18	1.935898E-18
5.337479E+03	8.153960E-18	1.938865E-18
5.347382E+03	8.166262E-18	1.941397E-18
5.357284E+03	8.176651E-18	1.943470E-18
5.367187E+03	8.185282E-18	1.945121E-18
5.377089E+03	8.192073E-18	1.946332E-18
5.386992E+03	8.197112E-18	1.947123E-18
5.396895E+03	8.200247E-18	1.947459E-18
5.406797E+03	8.201578E-18	1.947364E-18
5.416700E+03	8.201051E-18	1.946824E-18
5.426602E+03	8.198614E-18	1.945828E-18
5.436505E+03	8.194388E-18	1.944406E-18
5.446407E+03	8.188251E-18	1.942527E-18
5.456310E+03	8.180168E-18	1.940185E-18
5.466212E+03	8.170196E-18	1.937393E-18
5.476115E+03	8.158225E-18	1.934125E-18
5.486018E+03	8.144401E-18	1.930416E-18
5.495920E+03	8.128540E-18	1.926224E-18
5.505823E+03	8.110875E-18	1.921602E-18
5.515725E+03	8.091393E-18	1.916550E-18
5.525628E+03	8.070083E-18	1.911063E-18
5.535530E+03	8.047014E-18	1.905160E-18
5.545433E+03	8.022259E-18	1.898857E-18
5.555335E+03	7.995807E-18	1.892153E-18
5.565238E+03	7.967892E-18	1.885102E-18
5.575141E+03	7.938420E-18	1.877684E-18
5.585043E+03	7.907621E-18	1.869952E-18
5.594946E+03	7.875399E-18	1.861884E-18
5.604848E+03	7.841981E-18	1.853534E-18
5.614751E+03	7.807430E-18	1.844918E-18
5.624653E+03	7.771728E-18	1.836030E-18
5.634556E+03	7.735014E-18	1.826905E-18
5.644459E+03	7.697349E-18	1.817557E-18
5.654361E+03	7.658870E-18	1.808018E-18
5.664264E+03	7.619635E-18	1.798303E-18
5.674166E+03	7.579619E-18	1.788405E-18
5.684069E+03	7.539039E-18	1.778375E-18
5.693971E+03	7.497950E-18	1.768228E-18
5.703874E+03	7.456330E-18	1.757958E-18
5.713776E+03	7.414315E-18	1.747597E-18
5.723679E+03	7.372042E-18	1.737178E-18
5.733582E+03	7.329568E-18	1.726713E-18
5.743484E+03	7.286877E-18	1.716200E-18
5.753387E+03	7.244105E-18	1.705670E-18
5.763289E+03	7.201392E-18	1.695157E-18
5.773192E+03	7.158802E-18	1.684675E-18
5.783094E+03	7.116320E-18	1.674221E-18
5.792997E+03	7.074090E-18	1.663829E-18
5.802899E+03	7.032175E-18	1.653514E-18
5.812802E+03	6.990719E-18	1.643310E-18
5.822705E+03	6.949786E-18	1.633231E-18
5.832607E+03	6.909364E-18	1.623274E-18
5.842510E+03	6.869594E-18	1.613474E-18
5.852412E+03	6.830460E-18	1.603825E-18
5.862315E+03	6.792254E-18	1.594397E-18
5.872217E+03	6.754801E-18	1.585147E-18
5.882120E+03	6.718234E-18	1.576108E-18
5.892022E+03	6.682681E-18	1.567309E-18
5.901925E+03	6.648112E-18	1.558743E-18
5.911828E+03	6.614576E-18	1.550421E-18
5.921730E+03	6.582186E-18	1.542370E-18
5.931633E+03	6.550907E-18	1.534580E-18
5.941535E+03	6.520848E-18	1.527078E-18
5.951438E+03	6.491890E-18	1.519835E-18
5.961340E+03	6.464211E-18	1.512893E-18
5.971243E+03	6.437685E-18	1.506222E-18
5.981146E+03	6.412484E-18	1.499862E-18
5.991048E+03	6.388402E-18	1.493765E-18
6.000951E+03	6.365607E-18	1.487969E-18
6.010853E+03	6.344034E-18	1.482460E-18
6.020756E+03	6.323694E-18	1.477239E-18
6.030658E+03	6.304447E-18	1.472274E-18
6.040561E+03	6.286448E-18	1.467600E-18
6.050463E+03	6.269473E-18	1.463165E-18
6.060366E+03	6.253676E-18	1.459005E-18
6.070269E+03	6.238827E-18	1.455065E-18
6.080171E+03	6.224922E-18	1.451346E-18
6.090074E+03	6.211879E-18	1.447827E-18
6.099976E+03	6.199688E-18	1.444505E-18
6.109879E+03	6.188108E-18	1.441325E-18
6.119781E+03	6.177123E-18	1.438283E-18
6.129684E+03	6.166638E-18	1.435356E-18
6.139586E+03	6.156633E-18	1.432540E-18
6.149489E+03	6.147084E-18	1.429829E-18
6.159392E+03	6.138126E-18	1.427254E-18
6.169294E+03	6.129970E-18	1.424864E-18
6.179197E+03	6.122674E-18	1.422672E-18
6.189099E+03	6.116375E-18	1.420711E-18
6.199002E+03	6.111214E-18	1.419013E-18
6.208904E+03	6.107253E-18	1.417591E-18
6.218807E+03	6.104637E-18	1.416478E-18
6.228709E+03	6.103431E-18	1.415691E-18
6.238612E+03	6.103708E-18	1.415245E-18
6.248515E+03	6.105620E-18	1.415176E-18
6.258417E+03	6.109161E-18	1.415480E-18
6.268320E+03	6.114492E-18	1.416197E-18
6.278222E+03	6.121526E-18	1.417303E-18
6.288125E+03	6.130346E-18	1.418819E-18
6.298027E+03	6.140951E-18	1.420744E-18
6.307930E+03	6.153429E-18	1.423097E-18
6.317833E+03	6.167696E-18	1.425859E-18
6.327735E+03	6.183755E-18	1.429030E-18
6.337638E+03	6.201521E-18	1.432590E-18
6.347540E+03	6.220815E-18	1.436496E-18
6.357443E+03	6.241546E-18	1.440729E-18
6.367345E+03	6.263708E-18	1.445284E-18
6.377248E+03	6.287300E-18	1.450163E-18
6.387150E+03	6.312319E-18	1.455364E-18
6.397053E+03	6.338857E-18	1.460907E-18
6.406956E+03	6.367011E-18	1.466815E-18
6.416858E+03	6.396789E-18	1.473089E-18
6.426761E+03	6.428095E-18	1.479706E-18
6.436663E+03	6.461132E-18	1.486713E-18
6.446566E+03	6.495910E-18	1.494112E-18
6.456468E+03	6.532341E-18	1.501881E-18
6.466371E+03	6.570535E-18	1.510045E-18
6.476273E+03	6.610507E-18	1.518608E-18
6.486176E+03	6.652163E-18	1.527547E-18
6.496079E+03	6.695518E-18	1.536865E-18
6.505981E+03	6.740797E-18	1.546613E-18
6.515884E+03	6.787697E-18	1.556721E-18
6.525786E+03	6.836444E-18	1.567241E-18
6.535689E+03	6.887060E-18	1.578176E-18
6.545591E+03	6.939336E-18	1.589479E-18
6.555494E+03	6.993514E-18	1.601203E-18
6.565396E+03	7.049382E-18	1.613301E-18
6.575299E+03	7.107189E-18	1.625828E-18
6.585202E+03	7.166717E-18	1.638734E-18
6.595104E+03	7.228104E-18	1.652050E-18
6.605007E+03	7.291366E-18	1.665779E-18
6.614909E+03	7.356401E-18	1.679897E-18
6.624812E+03	7.423224E-18	1.694406E-18
6.634714E+03	7.491979E-18	1.709339E-18
6.644617E+03	7.562558E-18	1.724671E-18
6.654520E+03	7.634981E-18	1.740406E-18
6.664422E+03	7.709264E-18	1.756546E-18
6.674325E+03	7.785427E-18	1.773096E-18
6.684227E+03	7.863491E-18	1.790059E-18
6.694130E+03	7.943475E-18	1.807440E-18
6.704032E+03	8.025258E-18	1.825209E-18
6.713935E+03	8.109001E-18	1.843404E-18
6.723837E+03	8.194725E-18	1.862027E-18
6.733740E+03	8.282307E-18	1.881051E-18
6.743643E+03	8.371912E-18	1.900512E-18
6.753545E+03	8.463413E-18	1.920380E-18
6.763448E+03	8.556827E-18	1.940659E-18
6.773350E+03	8.652172E-18	1.961352E-18
6.783253E+03	8.749469E-18	1.982463E-18
6.793155E+03	8.848896E-18	2.004032E-18
6.803058E+03	8.950152E-18	2.025990E-18
6.812960E+03	9.053415E-18	2.048375E-18
6.822863E+03	9.158707E-18	2.071194E-18
6.832766E+03	9.265872E-18	2.094408E-18
6.842668E+03	9.375102E-18	2.118062E-18
6.852571E+03	9.486413E-18	2.142158E-18
6.862473E+03	9.599646E-18	2.166658E-18
6.872376E+03	9.714814E-18	2.191566E-18
6.882278E+03	9.832112E-18	2.216925E-18
6.892181E+03	9.951373E-18	2.242696E-18
6.902083E+03	1.007261E-17	2.268880E-18
6.911986E+03	1.019582E-17	2.295480E-18
6.921889E+03	1.032103E-17	2.322496E-18
6.931791E+03	1.044804E-17	2.349883E-18
6.941694E+03	1.057727E-17	2.377736E-18
6.951596E+03	1.070830E-17	2.405961E-18
6.961499E+03	1.084135E-17	2.434606E-18
6.971401E+03	1.097622E-17	2.463623E-18
6.981304E+03	1.111289E-17	2.493010E-18
6.991207E+03	1.125160E-17	2.522816E-18
7.001109E+03	1.139211E-17	2.552991E-18
7.011012E+03	1.153419E-17	2.583480E-18
7.020914E+03	1.167829E-17	2.614386E-18
7.030817E+03	1.182418E-17	2.645650E-18
7.040719E+03	1.197160E-17	2.677221E-18
7.050622E+03	1.212079E-17	2.709147E-18
7.060524E+03	1.227148E-17	2.741368E-18
7.070427E+03	1.242388E-17	2.773932E-18
7.080330E+03	1.257776E-17	2.806785E-18
7.090232E+03	1.273333E-17	2.839973E-18
7.100135E+03	1.289004E-17	2.873375E-18
7.110037E+03	1.304812E-17	2.907040E-18
7.119940E+03	1.320783E-17	2.941023E-18
7.129842E+03	1.336857E-17	2.975196E-18
7.139745E+03	1.353032E-17	3.009549E-18
7.149647E+03	1.369329E-17	3.044129E-18
7.159550E+03	1.385746E-17	3.078933E-18
7.169453E+03	1.402249E-17	3.113880E-18
7.179355E+03	1.418860E-17	3.149027E-18
7.189258E+03	1.435548E-17	3.184297E-18
7.199160E+03	1.452304E-17	3.219672E-18
7.209063E+03	1.469154E-17	3.255211E-18
7.218965E+03	1.486060E-17	3.290829E-18
7.228868E+03	1.503048E-17	3.326580E-18
7.238770E+03	1.520079E-17	3.362382E-18
7.248673E+03	1.537146E-17	3.398216E-18
7.258576E+03	1.554309E-17	3.434216E-18
7.268478E+03	1.571493E-17	3.470217E-18
7.278381E+03	1.588763E-17	3.506359E-18
7.288283E+03	1.606077E-17	3.542553E-18
7.298186E+03	1.623465E-17	3.578861E-18
7.308088E+03	1.640960E-17	3.615358E-18
7.317991E+03	1.658522E-17	3.651953E-18
7.327894E+03	1.676223E-17	3.688808E-18
7.337796E+03	1.694062E-17	3.725917E-18
7.347699E+03	1.712078E-17	3.763368E-18
7.357601E+03	1.730275E-17	3.801166E-18
7.367504E+03	1.748653E-17	3.839313E-18
7.377406E+03	1.767256E-17	3.877904E-18
7.387309E+03	1.786007E-17	3.916768E-18
7.397211E+03	1.804907E-17	3.955910E-18
7.407114E+03	1.823917E-17	3.995240E-18
7.417017E+03	1.843079E-17	4.034852E-18
7.426919E+03	1.862354E-17	4.074659E-18
7.436822E+03	1.881698E-17	4.114565E-18
7.446724E+03	1.901111E-17	4.154569E-18
7.456627E+03	1.920593E-17	4.194673E-18
7.466529E+03	1.940100E-17	4.234778E-18
7.476432E+03	1.959676E-17	4.274982E-18
7.486334E+03	1.979227E-17	4.315079E-18
7.496237E+03	1.998847E-17	4.355276E-18
7.506140E+03	2.018486E-17	4.395461E-18
7.516042E+03	2.038143E-17	4.435634E-18
7.525945E+03	2.057764E-17	4.475676E-18
7.535847E+03	2.077396E-17	4.515690E-18
7.545750E+03	2.097034E-17	4.555665E-18
7.555652E+03	2.116669E-17	4.595584E-18
7.565555E+03	2.136245E-17	4.635322E-18
7.575457E+03	2.155802E-17	4.674970E-18
7.585360E+03	2.175277E-17	4.714389E-18
7.595263E+03	2.194766E-17	4.753788E-18
7.605165E+03	2.214091E-17	4.792782E-18
7.615068E+03	2.233403E-17	4.831698E-18
7.624970E+03	2.252630E-17	4.870381E-18
7.634873E+03	2.271698E-17	4.908673E-18
7.644775E+03	2.290644E-17	4.946654E-18
7.654678E+03	2.309450E-17	4.984283E-18
7.664581E+03	2.328094E-17	5.021516E-18
7.674483E+03	2.346554E-17	5.058309E-18
7.684386E+03	2.364872E-17	5.094748E-18
7.694288E+03	2.382900E-17	5.130519E-18
7.704191E+03	2.400739E-17	5.165839E-18
7.714093E+03	2.418368E-17	5.200665E-18
7.723996E+03	2.435637E-17	5.234676E-18
7.733898E+03	2.452714E-17	5.268233E-18
7.743801E+03	2.469514E-17	5.301155E-18
7.753704E+03	2.485949E-17	5.333256E-18
7.763606E+03	2.502130E-17	5.364776E-18
7.773509E+03	2.517973E-17	5.395532E-18
7.783411E+03	2.533523E-17	5.425628E-18
7.793314E+03	2.548767E-17	5.455033E-18
7.803216E+03	2.563758E-17	5.483866E-18
7.813119E+03	2.578412E-17	5.511945E-18
7.823021E+03	2.592788E-17	5.539401E-18
7.832924E+03	2.606947E-17	5.566363E-18
7.842827E+03	2.620810E-17	5.592665E-18
7.852729E+03	2.634517E-17	5.618606E-18
7.862632E+03	2.648063E-17	5.644179E-18
7.872534E+03	2.661524E-17	5.669544E-18
7.882437E+03	2.674975E-17	5.694865E-18
7.892339E+03	2.688273E-17	5.719835E-18
7.902242E+03	2.701572E-17	5.744784E-18
7.912144E+03	2.714808E-17	5.769577E-18
7.922047E+03	2.727988E-17	5.794225E-18
7.931950E+03	2.740967E-17	5.818429E-18
7.941852E+03	2.753755E-17	5.842206E-18
7.951755E+03	2.766363E-17	5.865583E-18
7.961657E+03	2.778724E-17	5.888416E-18
7.971560E+03	2.790851E-17	5.910736E-18
7.981462E+03	2.802756E-17	5.932573E-18
7.991365E+03	2.814296E-17	5.953621E-18
8.001268E+03	2.825646E-17	5.974254E-18
8.011170E+03	2.836661E-17	5.994166E-18
8.021073E+03	2.847441E-17	6.013572E-18
8.030975E+03	2.857921E-17	6.032334E-18
8.040878E+03	2.868123E-17	6.050502E-18
8.050780E+03	2.877985E-17	6.067946E-18
8.060683E+03	2.887692E-17	6.085058E-18
8.070585E+03	2.897102E-17	6.101540E-18
8.080488E+03	2.906322E-17	6.117619E-18
8.090391E+03	2.915291E-17	6.133167E-18
8.100293E+03	2.924036E-17	6.148244E-18
8.110196E+03	2.932664E-17	6.163076E-18
8.120098E+03	2.941120E-17	6.177547E-18
8.130001E+03	2.949346E-17	6.191538E-18
8.139903E+03	2.957537E-17	6.205461E-18
8.149806E+03	2.965640E-17	6.219203E-18
8.159708E+03	2.973684E-17	6.232826E-18
8.169611E+03	2.981613E-17	6.246216E-18
8.179514E+03	2.989543E-17	6.259614E-18
8.189416E+03	2.997506E-17	6.273092E-18
8.199319E+03	3.005447E-17	6.286532E-18
8.209221E+03	3.013486E-17	6.300186E-18
8.219124E+03	3.021656E-17	6.314123E-18
8.229026E+03	3.029899E-17	6.328225E-18
8.238929E+03	3.038247E-17	6.342558E-18
8.248831E+03	3.046820E-17	6.357373E-18
8.258734E+03	3.055558E-17	6.372545E-18
8.268637E+03	3.064583E-17	6.388328E-18
8.278539E+03	3.073830E-17	6.404588E-18
8.288442E+03	3.083325E-17	6.421379E-18
8.298344E+03	3.093095E-17	6.438756E-18
8.308247E+03	3.103161E-17	6.456767E-18
8.318149E+03	3.113544E-17	6.475450E-18
8.328052E+03	3.124356E-17	6.495041E-18
8.337955E+03	3.135428E-17	6.515190E-18
8.347857E+03	3.146868E-17	6.536122E-18
8.357760E+03	3.158690E-17	6.557862E-18
8.367662E+03	3.170906E-17	6.580439E-18
8.377565E+03	3.183523E-17	6.603866E-18
8.387467E+03	3.196551E-17	6.628164E-18
8.397370E+03	3.209900E-17	6.653147E-18
8.407272E+03	3.223669E-17	6.679022E-18
8.417175E+03	3.237765E-17	6.705595E-18
8.427078E+03	3.252288E-17	6.733071E-18
8.436980E+03	3.267137E-17	6.761248E-18
8.446883E+03	3.282413E-17	6.790329E-18
8.456785E+03	3.298012E-17	6.820103E-18
8.466688E+03	3.313933E-17	6.850568E-18
8.476590E+03	3.330271E-17	6.881920E-18
8.486493E+03	3.346818E-17	6.913733E-18
8.496395E+03	3.363771E-17	6.946411E-18
8.506298E+03	3.381020E-17	6.979731E-18
8.516201E+03	3.398558E-17	7.013678E-18
8.526103E+03	3.416265E-17	7.048007E-18
8.536006E+03	3.434344E-17	7.083135E-18
8.545908E+03	3.452566E-17	7.118594E-18
8.555811E+03	3.471025E-17	7.154579E-18
8.565713E+03	3.489596E-17	7.190831E-18
8.575616E+03	3.508477E-17	7.227763E-18
8.585518E+03	3.527318E-17	7.264655E-18
8.595421E+03	3.546317E-17	7.301915E-18
8.605324E+03	3.565337E-17	7.339262E-18
8.615226E+03	3.584462E-17	7.376875E-18
8.625129E+03	3.603436E-17	7.414225E-18
8.635031E+03	3.622451E-17	7.451713E-18
8.644934E+03	3.641359E-17	7.489033E-18
8.654836E+03	3.660120E-17	7.526106E-18
8.664739E+03	3.678572E-17	7.562601E-18
8.674642E+03	3.696787E-17	7.598671E-18
8.684544E+03	3.714718E-17	7.634220E-18
8.694447E+03	3.732192E-17	7.668893E-18
8.704349E+03	3.749275E-17	7.702831E-18
8.714252E+03	3.765787E-17	7.735666E-18
8.724154E+03	3.781792E-17	7.767532E-18
8.734057E+03	3.796978E-17	7.797791E-18
8.743959E+03	3.811532E-17	7.826827E-18
8.753862E+03	3.825135E-17	7.853992E-18
8.763765E+03	3.837977E-17	7.879674E-18
8.773667E+03	3.849735E-17	7.903215E-18
8.783570E+03	3.860737E-17	7.925290E-18
8.793472E+03	3.870663E-17	7.945245E-18
8.803375E+03	3.879590E-17	7.963238E-18
8.813277E+03	3.887467E-17	7.979170E-18
8.823180E+03	3.894394E-17	7.993244E-18
8.833082E+03	3.900342E-17	8.005403E-18
8.842985E+03	3.905163E-17	8.015348E-18
8.852888E+03	3.909146E-17	8.023669E-18
8.862790E+03	3.912030E-17	8.029834E-18
8.872693E+03	3.914123E-17	8.034473E-18
8.882595E+03	3.915317E-17	8.037361E-18
8.892498E+03	3.915789E-17	8.038865E-18
8.902400E+03	3.915434E-17	8.038764E-18
8.912303E+03	3.914576E-17	8.037722E-18
8.951913E+03	3.904639E-17	8.021098E-18
8.991523E+03	3.887877E-17	7.991819E-18
9.031134E+03	3.866849E-17	7.955035E-18
9.070744E+03	3.844230E-17	7.916142E-18
9.110354E+03	3.822740E-17	7.880649E-18
9.149964E+03	3.803889E-17	7.851596E-18
9.189575E+03	3.789725E-17	7.833152E-18
9.229185E+03	3.781400E-17	7.827671E-18
9.268795E+03	3.780024E-17	7.837435E-18
9.308405E+03	3.785505E-17	7.862260E-18
9.348016E+03	3.797872E-17	7.902226E-18
9.387626E+03	3.816065E-17	7.955149E-18
9.427236E+03	3.839495E-17	8.019817E-18
9.466846E+03	3.866962E-17	8.093743E-18
9.506456E+03	3.897532E-17	8.174974E-18
9.546067E+03	3.930306E-17	8.261628E-18
9.585677E+03	3.964359E-17	8.351742E-18
9.625287E+03	3.998470E-17	8.442723E-18
9.664897E+03	4.031703E-17	8.532549E-18
9.704508E+03	4.062671E-17	8.618230E-18
9.744118E+03	4.090683E-17	8.698227E-18
9.783728E+03	4.115206E-17	8.771320E-18
9.823338E+03	4.134813E-17	8.834371E-18
9.862949E+03	4.149367E-17	8.886977E-18
9.902559E+03	4.158178E-17	8.927542E-18
9.942169E+03	4.160342E-17	8.953996E-18
9.981779E+03	4.155914E-17	8.966319E-18
1.002139E+04	4.144906E-17	8.964402E-18
1.006100E+04	4.127948E-17	8.949478E-18
1.010061E+04	4.104988E-17	8.921314E-18
1.014022E+04	4.076311E-17	8.880408E-18
1.017983E+04	4.042933E-17	8.828867E-18
1.021944E+04	4.005011E-17	8.766939E-18
