#wls	flux	fluxerr
1.584409E+03	6.603869E-17	3.313826E-17
1.624020E+03	6.886967E-17	3.455416E-17
1.663630E+03	7.152599E-17	3.588174E-17
1.703240E+03	7.397571E-17	3.710497E-17
1.742850E+03	7.616243E-17	3.819559E-17
1.782461E+03	7.802156E-17	3.912121E-17
1.822071E+03	7.945183E-17	3.983113E-17
1.861681E+03	8.035163E-17	4.027450E-17
1.901291E+03	8.060712E-17	4.039440E-17
1.940902E+03	8.012192E-17	4.014271E-17
1.980512E+03	7.885279E-17	3.949803E-17
2.020122E+03	7.690841E-17	3.851504E-17
2.059732E+03	7.460490E-17	3.735228E-17
2.099342E+03	7.245394E-17	3.626602E-17
2.138953E+03	7.101554E-17	3.553647E-17
2.178563E+03	7.060708E-17	3.532212E-17
2.218173E+03	7.113432E-17	3.557541E-17
2.257783E+03	7.218160E-17	3.608809E-17
2.297394E+03	7.323398E-17	3.660252E-17
2.337004E+03	7.390441E-17	3.692529E-17
2.376614E+03	7.396459E-17	3.694252E-17
2.416224E+03	7.332813E-17	3.661141E-17
2.455835E+03	7.201188E-17	3.594073E-17
2.495445E+03	7.007541E-17	3.496060E-17
2.535055E+03	6.759731E-17	3.371062E-17
2.574665E+03	6.467316E-17	3.223881E-17
2.614276E+03	6.138616E-17	3.058695E-17
2.653886E+03	5.782264E-17	2.879835E-17
2.693496E+03	5.405753E-17	2.691056E-17
2.733106E+03	5.016850E-17	2.496247E-17
2.772716E+03	4.622230E-17	2.298744E-17
2.812327E+03	4.228495E-17	2.101843E-17
2.851937E+03	3.841760E-17	1.908589E-17
2.891547E+03	3.467592E-17	1.721752E-17
2.931157E+03	3.110891E-17	1.543761E-17
2.970768E+03	2.775701E-17	1.376615E-17
2.980670E+03	2.695619E-17	1.336698E-17
2.990573E+03	2.617140E-17	1.297586E-17
3.000475E+03	2.540226E-17	1.259261E-17
3.010378E+03	2.465006E-17	1.221785E-17
3.020280E+03	2.391438E-17	1.185138E-17
3.030183E+03	2.319533E-17	1.149325E-17
3.040086E+03	2.249326E-17	1.114363E-17
3.049988E+03	2.181004E-17	1.080344E-17
3.059891E+03	2.114546E-17	1.047258E-17
3.069793E+03	2.049993E-17	1.015124E-17
3.079696E+03	1.987257E-17	9.838999E-18
3.089598E+03	1.926339E-17	9.535840E-18
3.099501E+03	1.867199E-17	9.241570E-18
3.109403E+03	1.809802E-17	8.956012E-18
3.119306E+03	1.754116E-17	8.679002E-18
3.129209E+03	1.700141E-17	8.410540E-18
3.139111E+03	1.647816E-17	8.150315E-18
3.149014E+03	1.597142E-17	7.898332E-18
3.158916E+03	1.548088E-17	7.654439E-18
3.168819E+03	1.500626E-17	7.418489E-18
3.178721E+03	1.454753E-17	7.190464E-18
3.188624E+03	1.410388E-17	6.969965E-18
3.198526E+03	1.367577E-17	6.757208E-18
3.208429E+03	1.326218E-17	6.551696E-18
3.218332E+03	1.286351E-17	6.353615E-18
3.228234E+03	1.247901E-17	6.162592E-18
3.238137E+03	1.210858E-17	5.978582E-18
3.248039E+03	1.175192E-17	5.801428E-18
3.257942E+03	1.140854E-17	5.630883E-18
3.267844E+03	1.107847E-17	5.466967E-18
3.277747E+03	1.076107E-17	5.309351E-18
3.287650E+03	1.045603E-17	5.157882E-18
3.297552E+03	1.016335E-17	5.012562E-18
3.307455E+03	9.882401E-18	4.873077E-18
3.317357E+03	9.612889E-18	4.739276E-18
3.327260E+03	9.354512E-18	4.611008E-18
3.337162E+03	9.107096E-18	4.488186E-18
3.347065E+03	8.870078E-18	4.370528E-18
3.356967E+03	8.643180E-18	4.257897E-18
3.366870E+03	8.426228E-18	4.150202E-18
3.376773E+03	8.218825E-18	4.047248E-18
3.386675E+03	8.020690E-18	3.948891E-18
3.396578E+03	7.831349E-18	3.854898E-18
3.406480E+03	7.650651E-18	3.765191E-18
3.416383E+03	7.478340E-18	3.679642E-18
3.426285E+03	7.313986E-18	3.598037E-18
3.436188E+03	7.157360E-18	3.520263E-18
3.446090E+03	7.008155E-18	3.446164E-18
3.455993E+03	6.866241E-18	3.375677E-18
3.465896E+03	6.731163E-18	3.308574E-18
3.475798E+03	6.602817E-18	3.244804E-18
3.485701E+03	6.480857E-18	3.184194E-18
3.495603E+03	6.365041E-18	3.126623E-18
3.505506E+03	6.255136E-18	3.071976E-18
3.515408E+03	6.150852E-18	3.020108E-18
3.525311E+03	6.052053E-18	2.970952E-18
3.535213E+03	5.958410E-18	2.924343E-18
3.545116E+03	5.869742E-18	2.880192E-18
3.555019E+03	5.785936E-18	2.838442E-18
3.564921E+03	5.706770E-18	2.798982E-18
3.574824E+03	5.632084E-18	2.761733E-18
3.584726E+03	5.561671E-18	2.726592E-18
3.594629E+03	5.495339E-18	2.693463E-18
3.604531E+03	5.432958E-18	2.662281E-18
3.614434E+03	5.374300E-18	2.632935E-18
3.624337E+03	5.319300E-18	2.605389E-18
3.634239E+03	5.267748E-18	2.579542E-18
3.644142E+03	5.219542E-18	2.555341E-18
3.654044E+03	5.174633E-18	2.532762E-18
3.663947E+03	5.132820E-18	2.511704E-18
3.673849E+03	5.094019E-18	2.492127E-18
3.683752E+03	5.058237E-18	2.474032E-18
3.693654E+03	5.025329E-18	2.457348E-18
3.703557E+03	4.995215E-18	2.442035E-18
3.713460E+03	4.967900E-18	2.428094E-18
3.723362E+03	4.943254E-18	2.415460E-18
3.733265E+03	4.921236E-18	2.404113E-18
3.743167E+03	4.901858E-18	2.394058E-18
3.753070E+03	4.885028E-18	2.385249E-18
3.762972E+03	4.870716E-18	2.377669E-18
3.772875E+03	4.858880E-18	2.371299E-18
3.782777E+03	4.849477E-18	2.366116E-18
3.792680E+03	4.842517E-18	2.362124E-18
3.802583E+03	4.837916E-18	2.359281E-18
3.812485E+03	4.835676E-18	2.357587E-18
3.822388E+03	4.835799E-18	2.357043E-18
3.832290E+03	4.838209E-18	2.357610E-18
3.842193E+03	4.842862E-18	2.359267E-18
3.852095E+03	4.849803E-18	2.362034E-18
3.861998E+03	4.858996E-18	2.365892E-18
3.871900E+03	4.870354E-18	2.370800E-18
3.881803E+03	4.883923E-18	2.376777E-18
3.891706E+03	4.899708E-18	2.383826E-18
3.901608E+03	4.917580E-18	2.391884E-18
3.911511E+03	4.937586E-18	2.400971E-18
3.921413E+03	4.959724E-18	2.411087E-18
3.931316E+03	4.983953E-18	2.422210E-18
3.941218E+03	5.010196E-18	2.434303E-18
3.951121E+03	5.038532E-18	2.447402E-18
3.961024E+03	5.068883E-18	2.461470E-18
3.970926E+03	5.101203E-18	2.476482E-18
3.980829E+03	5.135532E-18	2.492457E-18
3.990731E+03	5.171795E-18	2.509359E-18
4.000634E+03	5.210031E-18	2.527206E-18
4.010536E+03	5.250110E-18	2.545931E-18
4.020439E+03	5.292125E-18	2.565583E-18
4.030341E+03	5.335985E-18	2.586114E-18
4.040244E+03	5.381656E-18	2.607507E-18
4.050147E+03	5.429178E-18	2.629780E-18
4.060049E+03	5.478425E-18	2.652873E-18
4.069952E+03	5.529486E-18	2.676828E-18
4.079854E+03	5.582238E-18	2.701583E-18
4.089757E+03	5.636676E-18	2.727136E-18
4.099659E+03	5.692814E-18	2.753493E-18
4.109562E+03	5.750560E-18	2.780609E-18
4.119464E+03	5.809928E-18	2.808489E-18
4.129367E+03	5.870871E-18	2.837110E-18
4.139270E+03	5.933306E-18	2.866431E-18
4.149172E+03	5.997291E-18	2.896479E-18
4.159075E+03	6.062689E-18	2.927188E-18
4.168977E+03	6.129562E-18	2.958587E-18
4.178880E+03	6.197767E-18	2.990606E-18
4.188782E+03	6.267320E-18	3.023252E-18
4.198685E+03	6.338176E-18	3.056502E-18
4.208587E+03	6.410199E-18	3.090291E-18
4.218490E+03	6.483451E-18	3.124647E-18
4.228393E+03	6.557836E-18	3.159524E-18
4.238295E+03	6.633264E-18	3.194879E-18
4.248198E+03	6.709632E-18	3.230659E-18
4.258100E+03	6.786953E-18	3.266873E-18
4.268003E+03	6.865185E-18	3.303497E-18
4.277905E+03	6.944107E-18	3.340427E-18
4.287808E+03	7.023784E-18	3.377692E-18
4.297711E+03	7.103999E-18	3.415189E-18
4.307613E+03	7.184800E-18	3.452938E-18
4.317516E+03	7.266024E-18	3.490863E-18
4.327418E+03	7.347661E-18	3.528958E-18
4.337321E+03	7.429718E-18	3.567225E-18
4.347223E+03	7.512191E-18	3.605664E-18
4.357126E+03	7.595080E-18	3.644272E-18
4.367028E+03	7.678447E-18	3.683081E-18
4.376931E+03	7.762364E-18	3.722123E-18
4.386834E+03	7.846829E-18	3.761399E-18
4.396736E+03	7.931920E-18	3.800944E-18
4.406639E+03	8.017579E-18	3.840730E-18
4.416541E+03	8.103956E-18	3.880830E-18
4.426444E+03	8.190997E-18	3.921216E-18
4.436346E+03	8.278717E-18	3.961896E-18
4.446249E+03	8.367139E-18	4.002880E-18
4.456151E+03	8.456284E-18	4.044177E-18
4.466054E+03	8.546175E-18	4.085799E-18
4.475957E+03	8.636841E-18	4.127758E-18
4.485859E+03	8.728158E-18	4.169996E-18
4.495762E+03	8.820308E-18	4.212597E-18
4.505664E+03	8.913167E-18	4.255503E-18
4.515567E+03	9.006770E-18	4.298729E-18
4.525469E+03	9.101073E-18	4.342254E-18
4.535372E+03	9.196194E-18	4.386134E-18
4.545274E+03	9.292096E-18	4.430351E-18
4.555177E+03	9.388655E-18	4.474844E-18
4.565080E+03	9.486083E-18	4.519715E-18
4.574982E+03	9.584263E-18	4.564907E-18
4.584885E+03	9.683163E-18	4.610404E-18
4.594787E+03	9.782919E-18	4.656270E-18
4.604690E+03	9.883599E-18	4.702537E-18
4.614592E+03	9.985000E-18	4.749108E-18
4.624495E+03	1.008737E-17	4.796099E-18
4.634398E+03	1.019069E-17	4.843501E-18
4.644300E+03	1.029495E-17	4.891311E-18
4.654203E+03	1.040022E-17	4.939561E-18
4.664105E+03	1.050652E-17	4.988253E-18
4.674008E+03	1.061392E-17	5.037427E-18
4.683910E+03	1.072223E-17	5.086991E-18
4.693813E+03	1.083155E-17	5.136989E-18
4.703715E+03	1.094198E-17	5.187470E-18
4.713618E+03	1.105322E-17	5.238287E-18
4.723521E+03	1.116547E-17	5.289540E-18
4.733423E+03	1.127864E-17	5.341182E-18
4.743326E+03	1.139262E-17	5.393159E-18
4.753228E+03	1.150762E-17	5.445575E-18
4.763131E+03	1.162333E-17	5.498277E-18
4.773033E+03	1.174008E-17	5.551420E-18
4.782936E+03	1.185753E-17	5.604847E-18
4.792838E+03	1.197591E-17	5.658664E-18
4.802741E+03	1.209499E-17	5.712760E-18
4.812644E+03	1.221499E-17	5.767242E-18
4.822546E+03	1.233567E-17	5.821995E-18
4.832449E+03	1.245716E-17	5.877070E-18
4.842351E+03	1.257942E-17	5.932462E-18
4.852254E+03	1.270232E-17	5.988104E-18
4.862156E+03	1.282585E-17	6.043984E-18
4.872059E+03	1.294997E-17	6.100089E-18
4.881961E+03	1.307478E-17	6.156464E-18
4.891864E+03	1.319998E-17	6.212970E-18
4.901767E+03	1.332580E-17	6.269706E-18
4.911669E+03	1.345191E-17	6.326528E-18
4.921572E+03	1.357839E-17	6.383464E-18
4.931474E+03	1.370505E-17	6.440426E-18
4.941377E+03	1.383180E-17	6.497371E-18
4.951279E+03	1.395855E-17	6.554260E-18
4.961182E+03	1.408534E-17	6.611111E-18
4.971085E+03	1.421180E-17	6.667744E-18
4.980987E+03	1.433793E-17	6.724168E-18
4.990890E+03	1.446348E-17	6.780255E-18
5.000792E+03	1.458843E-17	6.836004E-18
5.010695E+03	1.471249E-17	6.891278E-18
5.020597E+03	1.483535E-17	6.945928E-18
5.030500E+03	1.495697E-17	6.999938E-18
5.040402E+03	1.507716E-17	7.053219E-18
5.050305E+03	1.519557E-17	7.105607E-18
5.060208E+03	1.531181E-17	7.156927E-18
5.070110E+03	1.542598E-17	7.207218E-18
5.080013E+03	1.553754E-17	7.256229E-18
5.089915E+03	1.564621E-17	7.303839E-18
5.099818E+03	1.575176E-17	7.349932E-18
5.109720E+03	1.585390E-17	7.394384E-18
5.119623E+03	1.595222E-17	7.436995E-18
5.129525E+03	1.604658E-17	7.477713E-18
5.139428E+03	1.613639E-17	7.516256E-18
5.149331E+03	1.622152E-17	7.552571E-18
5.159233E+03	1.630136E-17	7.586375E-18
5.169136E+03	1.637594E-17	7.617688E-18
5.179038E+03	1.644467E-17	7.646232E-18
5.188941E+03	1.650742E-17	7.671958E-18
5.198843E+03	1.656362E-17	7.694598E-18
5.208746E+03	1.661316E-17	7.714110E-18
5.218648E+03	1.665581E-17	7.730388E-18
5.228551E+03	1.669104E-17	7.743189E-18
5.238454E+03	1.671863E-17	7.752421E-18
5.248356E+03	1.673859E-17	7.758090E-18
5.258259E+03	1.675062E-17	7.760063E-18
5.268161E+03	1.675445E-17	7.758220E-18
5.278064E+03	1.675003E-17	7.752538E-18
5.287966E+03	1.673732E-17	7.743014E-18
5.297869E+03	1.671637E-17	7.729666E-18
5.307772E+03	1.668707E-17	7.712456E-18
5.317674E+03	1.664972E-17	7.691528E-18
5.327577E+03	1.660435E-17	7.666893E-18
5.337479E+03	1.655134E-17	7.638740E-18
5.347382E+03	1.649082E-17	7.607132E-18
5.357284E+03	1.642346E-17	7.572388E-18
5.367187E+03	1.634983E-17	7.534765E-18
5.377089E+03	1.627022E-17	7.494405E-18
5.386992E+03	1.618559E-17	7.451756E-18
5.396895E+03	1.609648E-17	7.407074E-18
5.406797E+03	1.600284E-17	7.360330E-18
5.416700E+03	1.590575E-17	7.312034E-18
5.426602E+03	1.580556E-17	7.262341E-18
5.436505E+03	1.570262E-17	7.211418E-18
5.446407E+03	1.559748E-17	7.159519E-18
5.456310E+03	1.549056E-17	7.106835E-18
5.466212E+03	1.538226E-17	7.053559E-18
5.476115E+03	1.527334E-17	7.000037E-18
5.486018E+03	1.516423E-17	6.946462E-18
5.495920E+03	1.505581E-17	6.893242E-18
5.505823E+03	1.494879E-17	6.840701E-18
5.515725E+03	1.484371E-17	6.789087E-18
5.525628E+03	1.474139E-17	6.738768E-18
5.535530E+03	1.464245E-17	6.690032E-18
5.545433E+03	1.454749E-17	6.643150E-18
5.555335E+03	1.445722E-17	6.598439E-18
5.565238E+03	1.437215E-17	6.556133E-18
5.575141E+03	1.429275E-17	6.516439E-18
5.585043E+03	1.421961E-17	6.479623E-18
5.594946E+03	1.415310E-17	6.445850E-18
5.604848E+03	1.409371E-17	6.415341E-18
5.614751E+03	1.404175E-17	6.388228E-18
5.624653E+03	1.399748E-17	6.364620E-18
5.634556E+03	1.396125E-17	6.344684E-18
5.644459E+03	1.393328E-17	6.328499E-18
5.654361E+03	1.391371E-17	6.316131E-18
5.664264E+03	1.390281E-17	6.307699E-18
5.674166E+03	1.390070E-17	6.303240E-18
5.684069E+03	1.390760E-17	6.302855E-18
5.693971E+03	1.392342E-17	6.306497E-18
5.703874E+03	1.394851E-17	6.314317E-18
5.713776E+03	1.398277E-17	6.326254E-18
5.723679E+03	1.402621E-17	6.342319E-18
5.733582E+03	1.407915E-17	6.362642E-18
5.743484E+03	1.414131E-17	6.387089E-18
5.753387E+03	1.421300E-17	6.415794E-18
5.763289E+03	1.429422E-17	6.448753E-18
5.773192E+03	1.438499E-17	6.485960E-18
5.783094E+03	1.448515E-17	6.527340E-18
5.792997E+03	1.459502E-17	6.573028E-18
5.802899E+03	1.471443E-17	6.622942E-18
5.812802E+03	1.484355E-17	6.677149E-18
5.822705E+03	1.498237E-17	6.735636E-18
5.832607E+03	1.513072E-17	6.798318E-18
5.842510E+03	1.528873E-17	6.865251E-18
5.852412E+03	1.545657E-17	6.936495E-18
5.862315E+03	1.563384E-17	7.011870E-18
5.872217E+03	1.582067E-17	7.091423E-18
5.882120E+03	1.601701E-17	7.175121E-18
5.892022E+03	1.622295E-17	7.263002E-18
5.901925E+03	1.643804E-17	7.354850E-18
5.911828E+03	1.666253E-17	7.450773E-18
5.921730E+03	1.689591E-17	7.550534E-18
5.931633E+03	1.713820E-17	7.654140E-18
5.941535E+03	1.738923E-17	7.761498E-18
5.951438E+03	1.764858E-17	7.872418E-18
5.961340E+03	1.791622E-17	7.986877E-18
5.971243E+03	1.819146E-17	8.104561E-18
5.981146E+03	1.847441E-17	8.225517E-18
5.991048E+03	1.876410E-17	8.349301E-18
6.000951E+03	1.906060E-17	8.475937E-18
6.010853E+03	1.936306E-17	8.605047E-18
6.020756E+03	1.967127E-17	8.736533E-18
6.030658E+03	1.998432E-17	8.869977E-18
6.040561E+03	2.030170E-17	9.005155E-18
6.050463E+03	2.062265E-17	9.141721E-18
6.060366E+03	2.094661E-17	9.279430E-18
6.070269E+03	2.127249E-17	9.417793E-18
6.080171E+03	2.159943E-17	9.556429E-18
6.090074E+03	2.192679E-17	9.695055E-18
6.099976E+03	2.225367E-17	9.833266E-18
6.109879E+03	2.257859E-17	9.970413E-18
6.119781E+03	2.290085E-17	1.010619E-17
6.129684E+03	2.321947E-17	1.024016E-17
6.139586E+03	2.353378E-17	1.037204E-17
6.149489E+03	2.384338E-17	1.050166E-17
6.159392E+03	2.414796E-17	1.062887E-17
6.169294E+03	2.444753E-17	1.075369E-17
6.179197E+03	2.474283E-17	1.087645E-17
6.189099E+03	2.503373E-17	1.099710E-17
6.199002E+03	2.531986E-17	1.111547E-17
6.208904E+03	2.560219E-17	1.123200E-17
6.218807E+03	2.588081E-17	1.134672E-17
6.228709E+03	2.615516E-17	1.145941E-17
6.238612E+03	2.642647E-17	1.157059E-17
6.248515E+03	2.669394E-17	1.167992E-17
6.258417E+03	2.695855E-17	1.178783E-17
6.268320E+03	2.721993E-17	1.189417E-17
6.278222E+03	2.747843E-17	1.199909E-17
6.288125E+03	2.773410E-17	1.210260E-17
6.298027E+03	2.798697E-17	1.220474E-17
6.307930E+03	2.823714E-17	1.230554E-17
6.317833E+03	2.848428E-17	1.240486E-17
6.327735E+03	2.872807E-17	1.250257E-17
6.337638E+03	2.896901E-17	1.259888E-17
6.347540E+03	2.920637E-17	1.269348E-17
6.357443E+03	2.944066E-17	1.278660E-17
6.367345E+03	2.967154E-17	1.287808E-17
6.377248E+03	2.989913E-17	1.296799E-17
6.387150E+03	3.012396E-17	1.305656E-17
6.397053E+03	3.034705E-17	1.314423E-17
6.406956E+03	3.056858E-17	1.323107E-17
6.416858E+03	3.078916E-17	1.331737E-17
6.426761E+03	3.100945E-17	1.340339E-17
6.436663E+03	3.122918E-17	1.348903E-17
6.446566E+03	3.144949E-17	1.357478E-17
6.456468E+03	3.167060E-17	1.366073E-17
6.466371E+03	3.189223E-17	1.374676E-17
6.476273E+03	3.211558E-17	1.383339E-17
6.486176E+03	3.234036E-17	1.392049E-17
6.496079E+03	3.256626E-17	1.400793E-17
6.505981E+03	3.279450E-17	1.409622E-17
6.515884E+03	3.302475E-17	1.418522E-17
6.525786E+03	3.325719E-17	1.427502E-17
6.535689E+03	3.349254E-17	1.436592E-17
6.545591E+03	3.372987E-17	1.445751E-17
6.555494E+03	3.396932E-17	1.454986E-17
6.565396E+03	3.421212E-17	1.464349E-17
6.575299E+03	3.445729E-17	1.473797E-17
6.585202E+03	3.470493E-17	1.483335E-17
6.595104E+03	3.495569E-17	1.492991E-17
6.605007E+03	3.520910E-17	1.502744E-17
6.614909E+03	3.546519E-17	1.512594E-17
6.624812E+03	3.572463E-17	1.522572E-17
6.634714E+03	3.598624E-17	1.532625E-17
6.644617E+03	3.625002E-17	1.542753E-17
6.654520E+03	3.651723E-17	1.553011E-17
6.664422E+03	3.678660E-17	1.563344E-17
6.674325E+03	3.705809E-17	1.573750E-17
6.684227E+03	3.733232E-17	1.584255E-17
6.694130E+03	3.760859E-17	1.594829E-17
6.704032E+03	3.788682E-17	1.605469E-17
6.713935E+03	3.816694E-17	1.616171E-17
6.723837E+03	3.844886E-17	1.626932E-17
6.733740E+03	3.873178E-17	1.637718E-17
6.743643E+03	3.901628E-17	1.648554E-17
6.753545E+03	3.930224E-17	1.659433E-17
6.763448E+03	3.958883E-17	1.670321E-17
6.773350E+03	3.987662E-17	1.681243E-17
6.783253E+03	4.016475E-17	1.692161E-17
6.793155E+03	4.045306E-17	1.703069E-17
6.803058E+03	4.074139E-17	1.713960E-17
6.812960E+03	4.102880E-17	1.724796E-17
6.822863E+03	4.131666E-17	1.735633E-17
6.832766E+03	4.160405E-17	1.746433E-17
6.842668E+03	4.189001E-17	1.757156E-17
6.852571E+03	4.217515E-17	1.767828E-17
6.862473E+03	4.245851E-17	1.778409E-17
6.872376E+03	4.273991E-17	1.788891E-17
6.882278E+03	4.302001E-17	1.799303E-17
6.892181E+03	4.329783E-17	1.809603E-17
6.902083E+03	4.357323E-17	1.819786E-17
6.911986E+03	4.384603E-17	1.829845E-17
6.921889E+03	4.411614E-17	1.839777E-17
6.931791E+03	4.438253E-17	1.849539E-17
6.941694E+03	4.464685E-17	1.859199E-17
6.951596E+03	4.490724E-17	1.868682E-17
6.961499E+03	4.516361E-17	1.877984E-17
6.971401E+03	4.541678E-17	1.887139E-17
6.981304E+03	4.566580E-17	1.896108E-17
6.991207E+03	4.591061E-17	1.904890E-17
7.001109E+03	4.615119E-17	1.913484E-17
7.011012E+03	4.638755E-17	1.921891E-17
7.020914E+03	4.662060E-17	1.930150E-17
7.030817E+03	4.684854E-17	1.938186E-17
7.040719E+03	4.707138E-17	1.946000E-17
7.050622E+03	4.729013E-17	1.953635E-17
7.060524E+03	4.750488E-17	1.961095E-17
7.070427E+03	4.771475E-17	1.968344E-17
7.080330E+03	4.792082E-17	1.975427E-17
7.090232E+03	4.812124E-17	1.982270E-17
7.100135E+03	4.831811E-17	1.988957E-17
7.110037E+03	4.851056E-17	1.995456E-17
7.119940E+03	4.869873E-17	2.001771E-17
7.129842E+03	4.888175E-17	2.007869E-17
7.139745E+03	4.906177E-17	2.013836E-17
7.149647E+03	4.923689E-17	2.019597E-17
7.159550E+03	4.940826E-17	2.025199E-17
7.169453E+03	4.957497E-17	2.030605E-17
7.179355E+03	4.973818E-17	2.035863E-17
7.189258E+03	4.989694E-17	2.040936E-17
7.199160E+03	5.005135E-17	2.045827E-17
7.209063E+03	5.020254E-17	2.050583E-17
7.218965E+03	5.034949E-17	2.055164E-17
7.228868E+03	5.049339E-17	2.059618E-17
7.238770E+03	5.063213E-17	2.063860E-17
7.248673E+03	5.076685E-17	2.067937E-17
7.258576E+03	5.089864E-17	2.071894E-17
7.268478E+03	5.102538E-17	2.075645E-17
7.278381E+03	5.114822E-17	2.079238E-17
7.288283E+03	5.126608E-17	2.082629E-17
7.298186E+03	5.138015E-17	2.085868E-17
7.308088E+03	5.148932E-17	2.088909E-17
7.317991E+03	5.159368E-17	2.091757E-17
7.327894E+03	5.169336E-17	2.094418E-17
7.337796E+03	5.178723E-17	2.096848E-17
7.347699E+03	5.187549E-17	2.099054E-17
7.357601E+03	5.195816E-17	2.101038E-17
7.367504E+03	5.203543E-17	2.102808E-17
7.377406E+03	5.210860E-17	2.104419E-17
7.387309E+03	5.217664E-17	2.105828E-17
7.397211E+03	5.224218E-17	2.107143E-17
7.407114E+03	5.230535E-17	2.108369E-17
7.417017E+03	5.236636E-17	2.109514E-17
7.426919E+03	5.242539E-17	2.110588E-17
7.436822E+03	5.248266E-17	2.111599E-17
7.446724E+03	5.254058E-17	2.112644E-17
7.456627E+03	5.259689E-17	2.113632E-17
7.466529E+03	5.265273E-17	2.114610E-17
7.476432E+03	5.270806E-17	2.115577E-17
7.486334E+03	5.276414E-17	2.116582E-17
7.496237E+03	5.281838E-17	2.117521E-17
7.506140E+03	5.287200E-17	2.118444E-17
7.516042E+03	5.292493E-17	2.119348E-17
7.525945E+03	5.297836E-17	2.120280E-17
7.535847E+03	5.302971E-17	2.121137E-17
7.545750E+03	5.308144E-17	2.122018E-17
7.555652E+03	5.313223E-17	2.122870E-17
7.565555E+03	5.318077E-17	2.123640E-17
7.575457E+03	5.322948E-17	2.124426E-17
7.585360E+03	5.327711E-17	2.125178E-17
7.595263E+03	5.332352E-17	2.125888E-17
7.605165E+03	5.336869E-17	2.126559E-17
7.615068E+03	5.341256E-17	2.127186E-17
7.624970E+03	5.345503E-17	2.127766E-17
7.634873E+03	5.349734E-17	2.128348E-17
7.644775E+03	5.353678E-17	2.128824E-17
7.654678E+03	5.357589E-17	2.129297E-17
7.664581E+03	5.361321E-17	2.129707E-17
7.674483E+03	5.364863E-17	2.130050E-17
7.684386E+03	5.368209E-17	2.130324E-17
7.694288E+03	5.371473E-17	2.130575E-17
7.704191E+03	5.374503E-17	2.130742E-17
7.714093E+03	5.377293E-17	2.130823E-17
7.723996E+03	5.379821E-17	2.130809E-17
7.733898E+03	5.382202E-17	2.130746E-17
7.743801E+03	5.384287E-17	2.130576E-17
7.753704E+03	5.386061E-17	2.130292E-17
7.763606E+03	5.387637E-17	2.129939E-17
7.773509E+03	5.388732E-17	2.129406E-17
7.783411E+03	5.389585E-17	2.128787E-17
7.793314E+03	5.390058E-17	2.128028E-17
7.803216E+03	5.390120E-17	2.127117E-17
7.813119E+03	5.389762E-17	2.126050E-17
7.823021E+03	5.388974E-17	2.124824E-17
7.832924E+03	5.387590E-17	2.123374E-17
7.842827E+03	5.385602E-17	2.121696E-17
7.852729E+03	5.383136E-17	2.119841E-17
7.862632E+03	5.379904E-17	2.117696E-17
7.872534E+03	5.375893E-17	2.115255E-17
7.882437E+03	5.371244E-17	2.112576E-17
7.892339E+03	5.365806E-17	2.109597E-17
7.902242E+03	5.359438E-17	2.106266E-17
7.912144E+03	5.352565E-17	2.102748E-17
7.922047E+03	5.345050E-17	2.098991E-17
7.931950E+03	5.336893E-17	2.094994E-17
7.941852E+03	5.328249E-17	2.090820E-17
7.951755E+03	5.319271E-17	2.086527E-17
7.961657E+03	5.309687E-17	2.082010E-17
7.971560E+03	5.299939E-17	2.077442E-17
7.981462E+03	5.289618E-17	2.072663E-17
7.991365E+03	5.279169E-17	2.067847E-17
8.001268E+03	5.268328E-17	2.062892E-17
8.011170E+03	5.257404E-17	2.057917E-17
8.021073E+03	5.246132E-17	2.052820E-17
8.030975E+03	5.234537E-17	2.047611E-17
8.040878E+03	5.222932E-17	2.042412E-17
8.050780E+03	5.211057E-17	2.037121E-17
8.060683E+03	5.199081E-17	2.031805E-17
8.070585E+03	5.186890E-17	2.026418E-17
8.080488E+03	5.174656E-17	2.021029E-17
8.090391E+03	5.162263E-17	2.015593E-17
8.100293E+03	5.149885E-17	2.010176E-17
8.110196E+03	5.137406E-17	2.004734E-17
8.120098E+03	5.124857E-17	1.999280E-17
8.130001E+03	5.112411E-17	1.993879E-17
8.139903E+03	5.099809E-17	1.988432E-17
8.149806E+03	5.087366E-17	1.983062E-17
8.159708E+03	5.074826E-17	1.977669E-17
8.169611E+03	5.062503E-17	1.972374E-17
8.179514E+03	5.050136E-17	1.967076E-17
8.189416E+03	5.038041E-17	1.961899E-17
8.199319E+03	5.025956E-17	1.956741E-17
8.209221E+03	5.013905E-17	1.951610E-17
8.219124E+03	5.002058E-17	1.946574E-17
8.229026E+03	4.990437E-17	1.941640E-17
8.238929E+03	4.978923E-17	1.936761E-17
8.248831E+03	4.967678E-17	1.932003E-17
8.258734E+03	4.956581E-17	1.927317E-17
8.268637E+03	4.945651E-17	1.922710E-17
8.278539E+03	4.935050E-17	1.918246E-17
8.288442E+03	4.924651E-17	1.913876E-17
8.298344E+03	4.914470E-17	1.909605E-17
8.308247E+03	4.904524E-17	1.905440E-17
8.318149E+03	4.894682E-17	1.901330E-17
8.328052E+03	4.885245E-17	1.897393E-17
8.337955E+03	4.876082E-17	1.893578E-17
8.347857E+03	4.867205E-17	1.889888E-17
8.357760E+03	4.858482E-17	1.886274E-17
8.367662E+03	4.850065E-17	1.882794E-17
8.377565E+03	4.841823E-17	1.879397E-17
8.387467E+03	4.833907E-17	1.876142E-17
8.397370E+03	4.826326E-17	1.873032E-17
8.407272E+03	4.818947E-17	1.870017E-17
8.417175E+03	4.811777E-17	1.867099E-17
8.427078E+03	4.804968E-17	1.864337E-17
8.436980E+03	4.798242E-17	1.861622E-17
8.446883E+03	4.791893E-17	1.859070E-17
8.456785E+03	4.785786E-17	1.856629E-17
8.466688E+03	4.779928E-17	1.854300E-17
8.476590E+03	4.774329E-17	1.852089E-17
8.486493E+03	4.768997E-17	1.849997E-17
8.496395E+03	4.763793E-17	1.847972E-17
8.506298E+03	4.758873E-17	1.846074E-17
8.516201E+03	4.754244E-17	1.844306E-17
8.526103E+03	4.749768E-17	1.842615E-17
8.536006E+03	4.745454E-17	1.841005E-17
8.545908E+03	4.741457E-17	1.839534E-17
8.555811E+03	4.737639E-17	1.838151E-17
8.565713E+03	4.734007E-17	1.836858E-17
8.575616E+03	4.730570E-17	1.835660E-17
8.585518E+03	4.727336E-17	1.834558E-17
8.595421E+03	4.724166E-17	1.833499E-17
8.605324E+03	4.721361E-17	1.832602E-17
8.615226E+03	4.718487E-17	1.831696E-17
8.625129E+03	4.715995E-17	1.830958E-17
8.635031E+03	4.713446E-17	1.830217E-17
8.644934E+03	4.710994E-17	1.829534E-17
8.654836E+03	4.708796E-17	1.828969E-17
8.664739E+03	4.706557E-17	1.828408E-17
8.674642E+03	4.704434E-17	1.827913E-17
8.684544E+03	4.702279E-17	1.827425E-17
8.694447E+03	4.700096E-17	1.826947E-17
8.704349E+03	4.697887E-17	1.826481E-17
8.714252E+03	4.695501E-17	1.825966E-17
8.724154E+03	4.693095E-17	1.825465E-17
8.734057E+03	4.690515E-17	1.824918E-17
8.743959E+03	4.687760E-17	1.824324E-17
8.753862E+03	4.684674E-17	1.823624E-17
8.763765E+03	4.681254E-17	1.822815E-17
8.773667E+03	4.677655E-17	1.821958E-17
8.783570E+03	4.673874E-17	1.821053E-17
8.793472E+03	4.670069E-17	1.820161E-17
8.803375E+03	4.666241E-17	1.819282E-17
8.813277E+03	4.662548E-17	1.818479E-17
8.823180E+03	4.658990E-17	1.817752E-17
8.833082E+03	4.655565E-17	1.817099E-17
8.842985E+03	4.652261E-17	1.816516E-17
8.852888E+03	4.649391E-17	1.816125E-17
8.862790E+03	4.646608E-17	1.815791E-17
8.872693E+03	4.644224E-17	1.815634E-17
8.882595E+03	4.642222E-17	1.815648E-17
8.892498E+03	4.640585E-17	1.815826E-17
8.902400E+03	4.639125E-17	1.816095E-17
8.912303E+03	4.638166E-17	1.816581E-17
8.951913E+03	4.637841E-17	1.820107E-17
8.991523E+03	4.644102E-17	1.826541E-17
9.031134E+03	4.657084E-17	1.835933E-17
9.070744E+03	4.677189E-17	1.848445E-17
9.110354E+03	4.705455E-17	1.864492E-17
9.149964E+03	4.740579E-17	1.883567E-17
9.189575E+03	4.783343E-17	1.905991E-17
9.229185E+03	4.832894E-17	1.931436E-17
9.268795E+03	4.888991E-17	1.959818E-17
9.308405E+03	4.950644E-17	1.990752E-17
9.348016E+03	5.017324E-17	2.024034E-17
9.387626E+03	5.087966E-17	2.059241E-17
9.427236E+03	5.161159E-17	2.095807E-17
9.466846E+03	5.236360E-17	2.133509E-17
9.506456E+03	5.311814E-17	2.171629E-17
9.546067E+03	5.386011E-17	2.209536E-17
9.585677E+03	5.458137E-17	2.246880E-17
9.625287E+03	5.526732E-17	2.283037E-17
9.664897E+03	5.589944E-17	2.317214E-17
9.704508E+03	5.646715E-17	2.348935E-17
9.744118E+03	5.695240E-17	2.377409E-17
9.783728E+03	5.735084E-17	2.402405E-17
9.823338E+03	5.764662E-17	2.423209E-17
9.862949E+03	5.782947E-17	2.439332E-17
9.902559E+03	5.789591E-17	2.450567E-17
9.942169E+03	5.783487E-17	2.456384E-17
9.981779E+03	5.764218E-17	2.456542E-17
1.002139E+04	5.732662E-17	2.451349E-17
1.006100E+04	5.687832E-17	2.440324E-17
1.010061E+04	5.630506E-17	2.423738E-17
1.014022E+04	5.561666E-17	2.401958E-17
1.017983E+04	5.481884E-17	2.375178E-17
1.021944E+04	5.391831E-17	2.343643E-17
